Chromosome,Ca21chr1_C_albicans_SC5314,Ca21chr1_C_albicans_SC5314,Ca21chr1_C_albicans_SC5314,Ca21chr1_C_albicans_SC5314,Ca21chr1_C_albicans_SC5314,Ca21chr1_C_albicans_SC5314,Ca21chr1_C_albicans_SC5314,Ca21chr1_C_albicans_SC5314,Ca21chr1_C_albicans_SC5314,Ca21chr1_C_albicans_SC5314,Ca21chr1_C_albicans_SC5314,Ca21chr1_C_albicans_SC5314,Ca21chr1_C_albicans_SC5314,Ca21chr1_C_albicans_SC5314,Ca21chr1_C_albicans_SC5314,Ca21chr1_C_albicans_SC5314,Ca21chr1_C_albicans_SC5314,Ca21chr1_C_albicans_SC5314,Ca21chr1_C_albicans_SC5314,Ca21chr1_C_albicans_SC5314,Ca21chr1_C_albicans_SC5314,Ca21chr1_C_albicans_SC5314,Ca21chr1_C_albicans_SC5314,Ca21chr1_C_albicans_SC5314,Ca21chr1_C_albicans_SC5314,Ca21chr1_C_albicans_SC5314,Ca21chr1_C_albicans_SC5314,Ca21chr1_C_albicans_SC5314,Ca21chr1_C_albicans_SC5314,Ca21chr1_C_albicans_SC5314,Ca21chr1_C_albicans_SC5314,Ca21chr1_C_albicans_SC5314,Ca21chr1_C_albicans_SC5314,Ca21chr1_C_albicans_SC5314,Ca21chr1_C_albicans_SC5314,Ca21chr1_C_albicans_SC5314,Ca21chr1_C_albicans_SC5314,Ca21chr1_C_albicans_SC5314,Ca21chr1_C_albicans_SC5314,Ca21chr1_C_albicans_SC5314,Ca21chr1_C_albicans_SC5314,Ca21chr1_C_albicans_SC5314,Ca21chr1_C_albicans_SC5314,Ca21chr1_C_albicans_SC5314,Ca21chr1_C_albicans_SC5314,Ca21chr1_C_albicans_SC5314,Ca21chr1_C_albicans_SC5314,Ca21chr1_C_albicans_SC5314,Ca21chr1_C_albicans_SC5314,Ca21chr1_C_albicans_SC5314,Ca21chr1_C_albicans_SC5314,Ca21chr1_C_albicans_SC5314,Ca21chr1_C_albicans_SC5314,Ca21chr1_C_albicans_SC5314,Ca21chr1_C_albicans_SC5314,Ca21chr1_C_albicans_SC5314,Ca21chr1_C_albicans_SC5314,Ca21chr1_C_albicans_SC5314,Ca21chr1_C_albicans_SC5314,Ca21chr1_C_albicans_SC5314,Ca21chr1_C_albicans_SC5314,Ca21chr1_C_albicans_SC5314,Ca21chr1_C_albicans_SC5314,Ca21chr1_C_albicans_SC5314,Ca21chr1_C_albicans_SC5314,Ca21chr1_C_albicans_SC5314,Ca21chr1_C_albicans_SC5314,Ca21chr1_C_albicans_SC5314,Ca21chr1_C_albicans_SC5314,Ca21chr1_C_albicans_SC5314,Ca21chr1_C_albicans_SC5314,Ca21chr1_C_albicans_SC5314,Ca21chr1_C_albicans_SC5314,Ca21chr1_C_albicans_SC5314,Ca21chr1_C_albicans_SC5314,Ca21chr1_C_albicans_SC5314,Ca21chr1_C_albicans_SC5314,Ca21chr1_C_albicans_SC5314,Ca21chr1_C_albicans_SC5314,Ca21chr1_C_albicans_SC5314,Ca21chr1_C_albicans_SC5314,Ca21chr1_C_albicans_SC5314,Ca21chr1_C_albicans_SC5314,Ca21chr1_C_albicans_SC5314,Ca21chr1_C_albicans_SC5314,Ca21chr1_C_albicans_SC5314,Ca21chr1_C_albicans_SC5314,Ca21chr1_C_albicans_SC5314,Ca21chr1_C_albicans_SC5314,Ca21chr1_C_albicans_SC5314,Ca21chr1_C_albicans_SC5314,Ca21chr1_C_albicans_SC5314,Ca21chr1_C_albicans_SC5314,Ca21chr1_C_albicans_SC5314,Ca21chr1_C_albicans_SC5314,Ca21chr1_C_albicans_SC5314,Ca21chr1_C_albicans_SC5314,Ca21chr1_C_albicans_SC5314,Ca21chr1_C_albicans_SC5314,Ca21chr1_C_albicans_SC5314,Ca21chr1_C_albicans_SC5314,Ca21chr1_C_albicans_SC5314,Ca21chr1_C_albicans_SC5314,Ca21chr1_C_albicans_SC5314,Ca21chr1_C_albicans_SC5314,Ca21chr1_C_albicans_SC5314,Ca21chr1_C_albicans_SC5314,Ca21chr1_C_albicans_SC5314,Ca21chr1_C_albicans_SC5314,Ca21chr1_C_albicans_SC5314,Ca21chr1_C_albicans_SC5314,Ca21chr1_C_albicans_SC5314,Ca21chr1_C_albicans_SC5314,Ca21chr1_C_albicans_SC5314,Ca21chr1_C_albicans_SC5314,Ca21chr1_C_albicans_SC5314,Ca21chr1_C_albicans_SC5314,Ca21chr1_C_albicans_SC5314,Ca21chr1_C_albicans_SC5314,Ca21chr1_C_albicans_SC5314,Ca21chr1_C_albicans_SC5314,Ca21chr1_C_albicans_SC5314,Ca21chr1_C_albicans_SC5314,Ca21chr1_C_albicans_SC5314,Ca21chr1_C_albicans_SC5314,Ca21chr1_C_albicans_SC5314,Ca21chr1_C_albicans_SC5314,Ca21chr1_C_albicans_SC5314,Ca21chr1_C_albicans_SC5314,Ca21chr1_C_albicans_SC5314,Ca21chr1_C_albicans_SC5314,Ca21chr1_C_albicans_SC5314,Ca21chr1_C_albicans_SC5314,Ca21chr1_C_albicans_SC5314,Ca21chr1_C_albicans_SC5314,Ca21chr1_C_albicans_SC5314,Ca21chr1_C_albicans_SC5314,Ca21chr1_C_albicans_SC5314,Ca21chr1_C_albicans_SC5314,Ca21chr1_C_albicans_SC5314,Ca21chr1_C_albicans_SC5314,Ca21chr1_C_albicans_SC5314,Ca21chr1_C_albicans_SC5314,Ca21chr1_C_albicans_SC5314,Ca21chr1_C_albicans_SC5314,Ca21chr1_C_albicans_SC5314,Ca21chr1_C_albicans_SC5314,Ca21chr1_C_albicans_SC5314,Ca21chr1_C_albicans_SC5314,Ca21chr1_C_albicans_SC5314,Ca21chr1_C_albicans_SC5314,Ca21chr1_C_albicans_SC5314,Ca21chr1_C_albicans_SC5314,Ca21chr1_C_albicans_SC5314,Ca21chr1_C_albicans_SC5314,Ca21chr1_C_albicans_SC5314,Ca21chr1_C_albicans_SC5314,Ca21chr1_C_albicans_SC5314,Ca21chr1_C_albicans_SC5314,Ca21chr1_C_albicans_SC5314,Ca21chr1_C_albicans_SC5314,Ca21chr1_C_albicans_SC5314,Ca21chr1_C_albicans_SC5314,Ca21chr1_C_albicans_SC5314,Ca21chr1_C_albicans_SC5314,Ca21chr1_C_albicans_SC5314,Ca21chr1_C_albicans_SC5314,Ca21chr1_C_albicans_SC5314,Ca21chr1_C_albicans_SC5314,Ca21chr1_C_albicans_SC5314,Ca21chr1_C_albicans_SC5314,Ca21chr1_C_albicans_SC5314,Ca21chr1_C_albicans_SC5314,Ca21chr1_C_albicans_SC5314,Ca21chr1_C_albicans_SC5314,Ca21chr1_C_albicans_SC5314,Ca21chr1_C_albicans_SC5314,Ca21chr1_C_albicans_SC5314,Ca21chr1_C_albicans_SC5314,Ca21chr1_C_albicans_SC5314,Ca21chr1_C_albicans_SC5314,Ca21chr1_C_albicans_SC5314,Ca21chr1_C_albicans_SC5314,Ca21chr1_C_albicans_SC5314,Ca21chr1_C_albicans_SC5314,Ca21chr1_C_albicans_SC5314,Ca21chr1_C_albicans_SC5314,Ca21chr1_C_albicans_SC5314,Ca21chr1_C_albicans_SC5314,Ca21chr1_C_albicans_SC5314,Ca21chr1_C_albicans_SC5314,Ca21chr1_C_albicans_SC5314,Ca21chr1_C_albicans_SC5314,Ca21chr1_C_albicans_SC5314,Ca21chr1_C_albicans_SC5314,Ca21chr1_C_albicans_SC5314,Ca21chr1_C_albicans_SC5314,Ca21chr1_C_albicans_SC5314,Ca21chr1_C_albicans_SC5314,Ca21chr1_C_albicans_SC5314,Ca21chr1_C_albicans_SC5314,Ca21chr1_C_albicans_SC5314,Ca21chr1_C_albicans_SC5314,Ca21chr1_C_albicans_SC5314,Ca21chr1_C_albicans_SC5314,Ca21chr1_C_albicans_SC5314,Ca21chr1_C_albicans_SC5314,Ca21chr1_C_albicans_SC5314,Ca21chr1_C_albicans_SC5314,Ca21chr1_C_albicans_SC5314,Ca21chr1_C_albicans_SC5314,Ca21chr1_C_albicans_SC5314,Ca21chr1_C_albicans_SC5314,Ca21chr1_C_albicans_SC5314,Ca21chr1_C_albicans_SC5314,Ca21chr1_C_albicans_SC5314,Ca21chr1_C_albicans_SC5314,Ca21chr1_C_albicans_SC5314,Ca21chr1_C_albicans_SC5314,Ca21chr1_C_albicans_SC5314,Ca21chr1_C_albicans_SC5314,Ca21chr1_C_albicans_SC5314,Ca21chr1_C_albicans_SC5314,Ca21chr1_C_albicans_SC5314,Ca21chr1_C_albicans_SC5314,Ca21chr1_C_albicans_SC5314,Ca21chr1_C_albicans_SC5314,Ca21chr1_C_albicans_SC5314,Ca21chr1_C_albicans_SC5314,Ca21chr1_C_albicans_SC5314,Ca21chr1_C_albicans_SC5314,Ca21chr1_C_albicans_SC5314,Ca21chr1_C_albicans_SC5314,Ca21chr1_C_albicans_SC5314,Ca21chr1_C_albicans_SC5314,Ca21chr1_C_albicans_SC5314,Ca21chr1_C_albicans_SC5314,Ca21chr1_C_albicans_SC5314,Ca21chr1_C_albicans_SC5314,Ca21chr1_C_albicans_SC5314,Ca21chr1_C_albicans_SC5314,Ca21chr1_C_albicans_SC5314,Ca21chr1_C_albicans_SC5314,Ca21chr1_C_albicans_SC5314,Ca21chr1_C_albicans_SC5314,Ca21chr1_C_albicans_SC5314,Ca21chr1_C_albicans_SC5314,Ca21chr1_C_albicans_SC5314,Ca21chr1_C_albicans_SC5314,Ca21chr1_C_albicans_SC5314,Ca21chr1_C_albicans_SC5314,Ca21chr1_C_albicans_SC5314,Ca21chr1_C_albicans_SC5314,Ca21chr1_C_albicans_SC5314,Ca21chr1_C_albicans_SC5314,Ca21chr1_C_albicans_SC5314,Ca21chr1_C_albicans_SC5314,Ca21chr1_C_albicans_SC5314,Ca21chr1_C_albicans_SC5314,Ca21chr1_C_albicans_SC5314,Ca21chr1_C_albicans_SC5314,Ca21chr1_C_albicans_SC5314,Ca21chr1_C_albicans_SC5314,Ca21chr1_C_albicans_SC5314,Ca21chr1_C_albicans_SC5314,Ca21chr1_C_albicans_SC5314,Ca21chr1_C_albicans_SC5314,Ca21chr1_C_albicans_SC5314,Ca21chr1_C_albicans_SC5314,Ca21chr1_C_albicans_SC5314,Ca21chr1_C_albicans_SC5314,Ca21chr1_C_albicans_SC5314,Ca21chr1_C_albicans_SC5314,Ca21chr1_C_albicans_SC5314,Ca21chr1_C_albicans_SC5314,Ca21chr1_C_albicans_SC5314,Ca21chr1_C_albicans_SC5314,Ca21chr1_C_albicans_SC5314,Ca21chr1_C_albicans_SC5314,Ca21chr1_C_albicans_SC5314,Ca21chr1_C_albicans_SC5314,Ca21chr1_C_albicans_SC5314,Ca21chr1_C_albicans_SC5314,Ca21chr1_C_albicans_SC5314,Ca21chr1_C_albicans_SC5314,Ca21chr1_C_albicans_SC5314,Ca21chr1_C_albicans_SC5314,Ca21chr1_C_albicans_SC5314,Ca21chr1_C_albicans_SC5314,Ca21chr1_C_albicans_SC5314,Ca21chr1_C_albicans_SC5314,Ca21chr1_C_albicans_SC5314,Ca21chr1_C_albicans_SC5314,Ca21chr1_C_albicans_SC5314,Ca21chr1_C_albicans_SC5314,Ca21chr1_C_albicans_SC5314,Ca21chr1_C_albicans_SC5314,Ca21chr1_C_albicans_SC5314,Ca21chr1_C_albicans_SC5314,Ca21chr1_C_albicans_SC5314,Ca21chr1_C_albicans_SC5314,Ca21chr1_C_albicans_SC5314,Ca21chr1_C_albicans_SC5314,Ca21chr1_C_albicans_SC5314,Ca21chr1_C_albicans_SC5314,Ca21chr1_C_albicans_SC5314,Ca21chr1_C_albicans_SC5314,Ca21chr1_C_albicans_SC5314,Ca21chr1_C_albicans_SC5314,Ca21chr1_C_albicans_SC5314,Ca21chr1_C_albicans_SC5314,Ca21chr1_C_albicans_SC5314,Ca21chr1_C_albicans_SC5314,Ca21chr1_C_albicans_SC5314,Ca21chr1_C_albicans_SC5314,Ca21chr1_C_albicans_SC5314,Ca21chr1_C_albicans_SC5314,Ca21chr1_C_albicans_SC5314,Ca21chr1_C_albicans_SC5314,Ca21chr1_C_albicans_SC5314,Ca21chr1_C_albicans_SC5314,Ca21chr1_C_albicans_SC5314,Ca21chr1_C_albicans_SC5314,Ca21chr1_C_albicans_SC5314,Ca21chr1_C_albicans_SC5314,Ca21chr1_C_albicans_SC5314,Ca21chr1_C_albicans_SC5314,Ca21chr1_C_albicans_SC5314,Ca21chr1_C_albicans_SC5314,Ca21chr1_C_albicans_SC5314,Ca21chr1_C_albicans_SC5314,Ca21chr1_C_albicans_SC5314,Ca21chr1_C_albicans_SC5314,Ca21chr1_C_albicans_SC5314,Ca21chr1_C_albicans_SC5314,Ca21chr1_C_albicans_SC5314,Ca21chr1_C_albicans_SC5314,Ca21chr1_C_albicans_SC5314,Ca21chr1_C_albicans_SC5314,Ca21chr1_C_albicans_SC5314,Ca21chr1_C_albicans_SC5314,Ca21chr1_C_albicans_SC5314,Ca21chr1_C_albicans_SC5314,Ca21chr1_C_albicans_SC5314,Ca21chr1_C_albicans_SC5314,Ca21chr1_C_albicans_SC5314,Ca21chr1_C_albicans_SC5314,Ca21chr1_C_albicans_SC5314,Ca21chr1_C_albicans_SC5314,Ca21chr1_C_albicans_SC5314,Ca21chr1_C_albicans_SC5314,Ca21chr1_C_albicans_SC5314,Ca21chr1_C_albicans_SC5314,Ca21chr1_C_albicans_SC5314,Ca21chr1_C_albicans_SC5314,Ca21chr1_C_albicans_SC5314,Ca21chr1_C_albicans_SC5314,Ca21chr1_C_albicans_SC5314,Ca21chr1_C_albicans_SC5314,Ca21chr1_C_albicans_SC5314,Ca21chr1_C_albicans_SC5314,Ca21chr1_C_albicans_SC5314,Ca21chr1_C_albicans_SC5314,Ca21chr1_C_albicans_SC5314,Ca21chr1_C_albicans_SC5314,Ca21chr1_C_albicans_SC5314,Ca21chr1_C_albicans_SC5314,Ca21chr1_C_albicans_SC5314,Ca21chr1_C_albicans_SC5314,Ca21chr1_C_albicans_SC5314,Ca21chr1_C_albicans_SC5314,Ca21chr1_C_albicans_SC5314,Ca21chr1_C_albicans_SC5314,Ca21chr1_C_albicans_SC5314,Ca21chr1_C_albicans_SC5314,Ca21chr1_C_albicans_SC5314,Ca21chr1_C_albicans_SC5314,Ca21chr1_C_albicans_SC5314,Ca21chr1_C_albicans_SC5314,Ca21chr1_C_albicans_SC5314,Ca21chr1_C_albicans_SC5314,Ca21chr1_C_albicans_SC5314,Ca21chr1_C_albicans_SC5314,Ca21chr1_C_albicans_SC5314,Ca21chr1_C_albicans_SC5314,Ca21chr1_C_albicans_SC5314,Ca21chr1_C_albicans_SC5314,Ca21chr1_C_albicans_SC5314,Ca21chr1_C_albicans_SC5314,Ca21chr1_C_albicans_SC5314,Ca21chr1_C_albicans_SC5314,Ca21chr1_C_albicans_SC5314,Ca21chr1_C_albicans_SC5314,Ca21chr1_C_albicans_SC5314,Ca21chr1_C_albicans_SC5314,Ca21chr1_C_albicans_SC5314,Ca21chr1_C_albicans_SC5314,Ca21chr1_C_albicans_SC5314,Ca21chr1_C_albicans_SC5314,Ca21chr1_C_albicans_SC5314,Ca21chr1_C_albicans_SC5314,Ca21chr1_C_albicans_SC5314,Ca21chr1_C_albicans_SC5314,Ca21chr1_C_albicans_SC5314,Ca21chr1_C_albicans_SC5314,Ca21chr1_C_albicans_SC5314,Ca21chr1_C_albicans_SC5314,Ca21chr1_C_albicans_SC5314,Ca21chr1_C_albicans_SC5314,Ca21chr1_C_albicans_SC5314,Ca21chr1_C_albicans_SC5314,Ca21chr1_C_albicans_SC5314,Ca21chr1_C_albicans_SC5314,Ca21chr1_C_albicans_SC5314,Ca21chr1_C_albicans_SC5314,Ca21chr1_C_albicans_SC5314,Ca21chr1_C_albicans_SC5314,Ca21chr1_C_albicans_SC5314,Ca21chr1_C_albicans_SC5314,Ca21chr1_C_albicans_SC5314,Ca21chr1_C_albicans_SC5314,Ca21chr1_C_albicans_SC5314,Ca21chr1_C_albicans_SC5314,Ca21chr1_C_albicans_SC5314,Ca21chr1_C_albicans_SC5314,Ca21chr1_C_albicans_SC5314,Ca21chr1_C_albicans_SC5314,Ca21chr1_C_albicans_SC5314,Ca21chr1_C_albicans_SC5314,Ca21chr1_C_albicans_SC5314,Ca21chr1_C_albicans_SC5314,Ca21chr1_C_albicans_SC5314,Ca21chr1_C_albicans_SC5314,Ca21chr1_C_albicans_SC5314,Ca21chr1_C_albicans_SC5314,Ca21chr1_C_albicans_SC5314,Ca21chr1_C_albicans_SC5314,Ca21chr1_C_albicans_SC5314,Ca21chr1_C_albicans_SC5314,Ca21chr1_C_albicans_SC5314,Ca21chr1_C_albicans_SC5314,Ca21chr1_C_albicans_SC5314,Ca21chr1_C_albicans_SC5314,Ca21chr1_C_albicans_SC5314,Ca21chr1_C_albicans_SC5314,Ca21chr1_C_albicans_SC5314,Ca21chr1_C_albicans_SC5314,Ca21chr1_C_albicans_SC5314,Ca21chr1_C_albicans_SC5314,Ca21chr1_C_albicans_SC5314,Ca21chr1_C_albicans_SC5314,Ca21chr1_C_albicans_SC5314,Ca21chr1_C_albicans_SC5314,Ca21chr1_C_albicans_SC5314,Ca21chr1_C_albicans_SC5314,Ca21chr1_C_albicans_SC5314,Ca21chr1_C_albicans_SC5314,Ca21chr1_C_albicans_SC5314,Ca21chr1_C_albicans_SC5314,Ca21chr1_C_albicans_SC5314,Ca21chr1_C_albicans_SC5314,Ca21chr1_C_albicans_SC5314,Ca21chr1_C_albicans_SC5314,Ca21chr1_C_albicans_SC5314,Ca21chr1_C_albicans_SC5314,Ca21chr1_C_albicans_SC5314,Ca21chr1_C_albicans_SC5314,Ca21chr1_C_albicans_SC5314,Ca21chr1_C_albicans_SC5314,Ca21chr1_C_albicans_SC5314,Ca21chr1_C_albicans_SC5314,Ca21chr1_C_albicans_SC5314,Ca21chr1_C_albicans_SC5314,Ca21chr1_C_albicans_SC5314,Ca21chr1_C_albicans_SC5314,Ca21chr1_C_albicans_SC5314,Ca21chr1_C_albicans_SC5314,Ca21chr1_C_albicans_SC5314,Ca21chr1_C_albicans_SC5314,Ca21chr1_C_albicans_SC5314,Ca21chr1_C_albicans_SC5314,Ca21chr1_C_albicans_SC5314,Ca21chr1_C_albicans_SC5314,Ca21chr1_C_albicans_SC5314,Ca21chr1_C_albicans_SC5314,Ca21chr1_C_albicans_SC5314,Ca21chr1_C_albicans_SC5314,Ca21chr1_C_albicans_SC5314,Ca21chr1_C_albicans_SC5314,Ca21chr1_C_albicans_SC5314,Ca21chr1_C_albicans_SC5314,Ca21chr1_C_albicans_SC5314,Ca21chr1_C_albicans_SC5314,Ca21chr1_C_albicans_SC5314,Ca21chr1_C_albicans_SC5314,Ca21chr1_C_albicans_SC5314,Ca21chr1_C_albicans_SC5314,Ca21chr1_C_albicans_SC5314,Ca21chr1_C_albicans_SC5314,Ca21chr1_C_albicans_SC5314,Ca21chr1_C_albicans_SC5314,Ca21chr1_C_albicans_SC5314,Ca21chr1_C_albicans_SC5314,Ca21chr1_C_albicans_SC5314,Ca21chr1_C_albicans_SC5314,Ca21chr1_C_albicans_SC5314,Ca21chr1_C_albicans_SC5314,Ca21chr1_C_albicans_SC5314,Ca21chr1_C_albicans_SC5314,Ca21chr1_C_albicans_SC5314,Ca21chr1_C_albicans_SC5314,Ca21chr1_C_albicans_SC5314,Ca21chr1_C_albicans_SC5314,Ca21chr1_C_albicans_SC5314,Ca21chr1_C_albicans_SC5314,Ca21chr1_C_albicans_SC5314,Ca21chr1_C_albicans_SC5314,Ca21chr1_C_albicans_SC5314,Ca21chr1_C_albicans_SC5314,Ca21chr1_C_albicans_SC5314,Ca21chr1_C_albicans_SC5314,Ca21chr1_C_albicans_SC5314,Ca21chr1_C_albicans_SC5314,Ca21chr1_C_albicans_SC5314,Ca21chr1_C_albicans_SC5314,Ca21chr1_C_albicans_SC5314,Ca21chr1_C_albicans_SC5314,Ca21chr1_C_albicans_SC5314,Ca21chr1_C_albicans_SC5314,Ca21chr1_C_albicans_SC5314,Ca21chr1_C_albicans_SC5314,Ca21chr1_C_albicans_SC5314,Ca21chr1_C_albicans_SC5314,Ca21chr1_C_albicans_SC5314,Ca21chr1_C_albicans_SC5314,Ca21chr1_C_albicans_SC5314,Ca21chr1_C_albicans_SC5314,Ca21chr1_C_albicans_SC5314,Ca21chr1_C_albicans_SC5314,Ca21chr1_C_albicans_SC5314,Ca21chr1_C_albicans_SC5314,Ca21chr1_C_albicans_SC5314,Ca21chr1_C_albicans_SC5314,Ca21chr1_C_albicans_SC5314,Ca21chr1_C_albicans_SC5314,Ca21chr1_C_albicans_SC5314,Ca21chr1_C_albicans_SC5314,Ca21chr1_C_albicans_SC5314,Ca21chr1_C_albicans_SC5314,Ca21chr1_C_albicans_SC5314,Ca21chr1_C_albicans_SC5314,Ca21chr1_C_albicans_SC5314,Ca21chr1_C_albicans_SC5314,Ca21chr1_C_albicans_SC5314,Ca21chr1_C_albicans_SC5314,Ca21chr1_C_albicans_SC5314,Ca21chr1_C_albicans_SC5314,Ca21chr1_C_albicans_SC5314,Ca21chr1_C_albicans_SC5314,Ca21chr1_C_albicans_SC5314,Ca21chr1_C_albicans_SC5314,Ca21chr1_C_albicans_SC5314,Ca21chr1_C_albicans_SC5314,Ca21chr1_C_albicans_SC5314,Ca21chr1_C_albicans_SC5314,Ca21chr1_C_albicans_SC5314,Ca21chr1_C_albicans_SC5314,Ca21chr1_C_albicans_SC5314,Ca21chr1_C_albicans_SC5314,Ca21chr1_C_albicans_SC5314,Ca21chr1_C_albicans_SC5314,Ca21chr1_C_albicans_SC5314,Ca21chr1_C_albicans_SC5314,Ca21chr1_C_albicans_SC5314,Ca21chr1_C_albicans_SC5314,Ca21chr1_C_albicans_SC5314,Ca21chr1_C_albicans_SC5314,Ca21chr1_C_albicans_SC5314,Ca21chr1_C_albicans_SC5314,Ca21chr1_C_albicans_SC5314,Ca21chr1_C_albicans_SC5314,Ca21chr1_C_albicans_SC5314,Ca21chr1_C_albicans_SC5314,Ca21chr1_C_albicans_SC5314,Ca21chr1_C_albicans_SC5314,Ca21chr1_C_albicans_SC5314,Ca21chr1_C_albicans_SC5314,Ca21chr1_C_albicans_SC5314,Ca21chr1_C_albicans_SC5314,Ca21chr1_C_albicans_SC5314,Ca21chr1_C_albicans_SC5314,Ca21chr1_C_albicans_SC5314,Ca21chr1_C_albicans_SC5314,Ca21chr1_C_albicans_SC5314,Ca21chr1_C_albicans_SC5314,Ca21chr1_C_albicans_SC5314,Ca21chr1_C_albicans_SC5314,Ca21chr1_C_albicans_SC5314,Ca21chr1_C_albicans_SC5314,Ca21chr1_C_albicans_SC5314,Ca21chr1_C_albicans_SC5314,Ca21chr1_C_albicans_SC5314,Ca21chr1_C_albicans_SC5314,Ca21chr1_C_albicans_SC5314,Ca21chr1_C_albicans_SC5314,Ca21chr1_C_albicans_SC5314,Ca21chr1_C_albicans_SC5314,Ca21chr1_C_albicans_SC5314,Ca21chr1_C_albicans_SC5314,Ca21chr1_C_albicans_SC5314,Ca21chr1_C_albicans_SC5314,Ca21chr1_C_albicans_SC5314,Ca21chr1_C_albicans_SC5314,Ca21chr1_C_albicans_SC5314,Ca21chr1_C_albicans_SC5314,Ca21chr1_C_albicans_SC5314,Ca21chr1_C_albicans_SC5314,Ca21chr1_C_albicans_SC5314,Ca21chr1_C_albicans_SC5314,Ca21chr1_C_albicans_SC5314,Ca21chr1_C_albicans_SC5314,Ca21chr1_C_albicans_SC5314,Ca21chr1_C_albicans_SC5314,Ca21chr1_C_albicans_SC5314,Ca21chr1_C_albicans_SC5314,Ca21chr1_C_albicans_SC5314,Ca21chr1_C_albicans_SC5314,Ca21chr1_C_albicans_SC5314,Ca21chr1_C_albicans_SC5314,Ca21chr1_C_albicans_SC5314,Ca21chr1_C_albicans_SC5314,Ca21chr1_C_albicans_SC5314,Ca21chr1_C_albicans_SC5314,Ca21chr1_C_albicans_SC5314,Ca21chr1_C_albicans_SC5314,Ca21chr1_C_albicans_SC5314,Ca21chr1_C_albicans_SC5314,Ca21chr1_C_albicans_SC5314,Ca21chr1_C_albicans_SC5314,Ca21chr1_C_albicans_SC5314,Ca21chr1_C_albicans_SC5314,Ca21chr1_C_albicans_SC5314,Ca21chr1_C_albicans_SC5314,Ca21chr1_C_albicans_SC5314,Ca21chr1_C_albicans_SC5314,Ca21chr1_C_albicans_SC5314,Ca21chr1_C_albicans_SC5314,Ca21chr1_C_albicans_SC5314,Ca21chr1_C_albicans_SC5314,Ca21chr1_C_albicans_SC5314,Ca21chr1_C_albicans_SC5314,Ca21chr1_C_albicans_SC5314,Ca21chr1_C_albicans_SC5314,Ca21chr1_C_albicans_SC5314,Ca21chr1_C_albicans_SC5314,Ca21chr1_C_albicans_SC5314,Ca21chr1_C_albicans_SC5314,Ca21chr1_C_albicans_SC5314,Ca21chr1_C_albicans_SC5314,Ca21chr1_C_albicans_SC5314,Ca21chr1_C_albicans_SC5314,Ca21chr1_C_albicans_SC5314,Ca21chr1_C_albicans_SC5314,Ca21chr1_C_albicans_SC5314,Ca21chr1_C_albicans_SC5314,Ca21chr1_C_albicans_SC5314,Ca21chr1_C_albicans_SC5314,Ca21chr1_C_albicans_SC5314,Ca21chr1_C_albicans_SC5314,Ca21chr1_C_albicans_SC5314,Ca21chr1_C_albicans_SC5314,Ca21chr1_C_albicans_SC5314,Ca21chr1_C_albicans_SC5314,Ca21chr1_C_albicans_SC5314,Ca21chr1_C_albicans_SC5314,Ca21chr1_C_albicans_SC5314,Ca21chr1_C_albicans_SC5314,Ca21chr1_C_albicans_SC5314,Ca21chr1_C_albicans_SC5314,Ca21chr1_C_albicans_SC5314,Ca21chr1_C_albicans_SC5314,Ca21chr1_C_albicans_SC5314,Ca21chr1_C_albicans_SC5314,Ca21chr1_C_albicans_SC5314,Ca21chr1_C_albicans_SC5314,Ca21chr1_C_albicans_SC5314,Ca21chr1_C_albicans_SC5314,Ca21chr1_C_albicans_SC5314,Ca21chr1_C_albicans_SC5314,Ca21chr1_C_albicans_SC5314,Ca21chr1_C_albicans_SC5314,Ca21chr1_C_albicans_SC5314,Ca21chr1_C_albicans_SC5314,Ca21chr1_C_albicans_SC5314,Ca21chr1_C_albicans_SC5314,Ca21chr1_C_albicans_SC5314,Ca21chr1_C_albicans_SC5314,Ca21chr1_C_albicans_SC5314,Ca21chr1_C_albicans_SC5314,Ca21chr1_C_albicans_SC5314,Ca21chr1_C_albicans_SC5314,Ca21chr1_C_albicans_SC5314,Ca21chr1_C_albicans_SC5314,Ca21chr1_C_albicans_SC5314,Ca21chr1_C_albicans_SC5314,Ca21chr1_C_albicans_SC5314,Ca21chr1_C_albicans_SC5314,Ca21chr1_C_albicans_SC5314,Ca21chr1_C_albicans_SC5314,Ca21chr1_C_albicans_SC5314,Ca21chr1_C_albicans_SC5314,Ca21chr1_C_albicans_SC5314,Ca21chr1_C_albicans_SC5314,Ca21chr1_C_albicans_SC5314,Ca21chr1_C_albicans_SC5314,Ca21chr1_C_albicans_SC5314,Ca21chr1_C_albicans_SC5314,Ca21chr1_C_albicans_SC5314,Ca21chr1_C_albicans_SC5314,Ca21chr1_C_albicans_SC5314,Ca21chr1_C_albicans_SC5314,Ca21chr1_C_albicans_SC5314,Ca21chr1_C_albicans_SC5314,Ca21chr1_C_albicans_SC5314,Ca21chr1_C_albicans_SC5314,Ca21chr1_C_albicans_SC5314,Ca21chr1_C_albicans_SC5314,Ca21chr1_C_albicans_SC5314,Ca21chr1_C_albicans_SC5314,Ca21chr1_C_albicans_SC5314,Ca21chr1_C_albicans_SC5314,Ca21chr1_C_albicans_SC5314,Ca21chr1_C_albicans_SC5314,Ca21chr1_C_albicans_SC5314,Ca21chr1_C_albicans_SC5314,Ca21chr1_C_albicans_SC5314,Ca21chr1_C_albicans_SC5314,Ca21chr1_C_albicans_SC5314,Ca21chr1_C_albicans_SC5314,Ca21chr1_C_albicans_SC5314,Ca21chr1_C_albicans_SC5314,Ca21chr1_C_albicans_SC5314,Ca21chr1_C_albicans_SC5314,Ca21chr1_C_albicans_SC5314,Ca21chr1_C_albicans_SC5314,Ca21chr1_C_albicans_SC5314,Ca21chr1_C_albicans_SC5314,Ca21chr1_C_albicans_SC5314,Ca21chr1_C_albicans_SC5314,Ca21chr1_C_albicans_SC5314,Ca21chr1_C_albicans_SC5314,Ca21chr1_C_albicans_SC5314,Ca21chr1_C_albicans_SC5314,Ca21chr1_C_albicans_SC5314,Ca21chr1_C_albicans_SC5314,Ca21chr1_C_albicans_SC5314,Ca21chr1_C_albicans_SC5314,Ca21chr1_C_albicans_SC5314,Ca21chr1_C_albicans_SC5314,Ca21chr1_C_albicans_SC5314,Ca21chr1_C_albicans_SC5314,Ca21chr1_C_albicans_SC5314,Ca21chr1_C_albicans_SC5314,Ca21chr1_C_albicans_SC5314,Ca21chr1_C_albicans_SC5314,Ca21chr1_C_albicans_SC5314,Ca21chr1_C_albicans_SC5314,Ca21chr1_C_albicans_SC5314,Ca21chr1_C_albicans_SC5314,Ca21chr1_C_albicans_SC5314,Ca21chr1_C_albicans_SC5314,Ca21chr1_C_albicans_SC5314,Ca21chr1_C_albicans_SC5314,Ca21chr1_C_albicans_SC5314,Ca21chr1_C_albicans_SC5314,Ca21chr1_C_albicans_SC5314,Ca21chr1_C_albicans_SC5314,Ca21chr1_C_albicans_SC5314,Ca21chr1_C_albicans_SC5314,Ca21chr1_C_albicans_SC5314,Ca21chr1_C_albicans_SC5314,Ca21chr1_C_albicans_SC5314,Ca21chr1_C_albicans_SC5314,Ca21chr1_C_albicans_SC5314,Ca21chr1_C_albicans_SC5314,Ca21chr1_C_albicans_SC5314,Ca21chr1_C_albicans_SC5314,Ca21chr1_C_albicans_SC5314,Ca21chr1_C_albicans_SC5314,Ca21chr1_C_albicans_SC5314,Ca21chr1_C_albicans_SC5314,Ca21chr1_C_albicans_SC5314,Ca21chr1_C_albicans_SC5314,Ca21chr1_C_albicans_SC5314,Ca21chr1_C_albicans_SC5314,Ca21chr1_C_albicans_SC5314,Ca21chr1_C_albicans_SC5314,Ca21chr1_C_albicans_SC5314,Ca21chr1_C_albicans_SC5314,Ca21chr1_C_albicans_SC5314,Ca21chr1_C_albicans_SC5314,Ca21chr1_C_albicans_SC5314,Ca21chr1_C_albicans_SC5314,Ca21chr1_C_albicans_SC5314,Ca21chr1_C_albicans_SC5314,Ca21chr1_C_albicans_SC5314,Ca21chr1_C_albicans_SC5314,Ca21chr1_C_albicans_SC5314,Ca21chr1_C_albicans_SC5314,Ca21chr1_C_albicans_SC5314,Ca21chr1_C_albicans_SC5314,Ca21chr1_C_albicans_SC5314,Ca21chr1_C_albicans_SC5314,Ca21chr1_C_albicans_SC5314,Ca21chr1_C_albicans_SC5314,Ca21chr1_C_albicans_SC5314,Ca21chr1_C_albicans_SC5314,Ca21chr1_C_albicans_SC5314,Ca21chr1_C_albicans_SC5314,Ca21chr1_C_albicans_SC5314,Ca21chr1_C_albicans_SC5314,Ca21chr1_C_albicans_SC5314,Ca21chr1_C_albicans_SC5314,Ca21chr1_C_albicans_SC5314,Ca21chr1_C_albicans_SC5314,Ca21chr1_C_albicans_SC5314,Ca21chr1_C_albicans_SC5314,Ca21chr1_C_albicans_SC5314,Ca21chr1_C_albicans_SC5314,Ca21chr1_C_albicans_SC5314,Ca21chr1_C_albicans_SC5314,Ca21chr1_C_albicans_SC5314,Ca21chr1_C_albicans_SC5314,Ca21chr1_C_albicans_SC5314,Ca21chr1_C_albicans_SC5314,Ca21chr1_C_albicans_SC5314,Ca21chr1_C_albicans_SC5314,Ca21chr1_C_albicans_SC5314,Ca21chr1_C_albicans_SC5314,Ca21chr1_C_albicans_SC5314,Ca21chr1_C_albicans_SC5314,Ca21chr1_C_albicans_SC5314,Ca21chr1_C_albicans_SC5314,Ca21chr1_C_albicans_SC5314,Ca21chr1_C_albicans_SC5314,Ca21chr1_C_albicans_SC5314,Ca21chr1_C_albicans_SC5314,Ca21chr1_C_albicans_SC5314,Ca21chr1_C_albicans_SC5314,Ca21chr1_C_albicans_SC5314,Ca21chr1_C_albicans_SC5314,Ca21chr1_C_albicans_SC5314,Ca21chr1_C_albicans_SC5314,Ca21chr1_C_albicans_SC5314,Ca21chr1_C_albicans_SC5314,Ca21chr1_C_albicans_SC5314,Ca21chr1_C_albicans_SC5314,Ca21chr1_C_albicans_SC5314,Ca21chr1_C_albicans_SC5314,Ca21chr1_C_albicans_SC5314,Ca21chr1_C_albicans_SC5314,Ca21chr1_C_albicans_SC5314,Ca21chr1_C_albicans_SC5314,Ca21chr1_C_albicans_SC5314,Ca21chr1_C_albicans_SC5314,Ca21chr1_C_albicans_SC5314,Ca21chr1_C_albicans_SC5314,Ca21chr1_C_albicans_SC5314,Ca21chr1_C_albicans_SC5314,Ca21chr1_C_albicans_SC5314,Ca21chr1_C_albicans_SC5314,Ca21chr1_C_albicans_SC5314,Ca21chr1_C_albicans_SC5314,Ca21chr1_C_albicans_SC5314,Ca21chr1_C_albicans_SC5314,Ca21chr1_C_albicans_SC5314,Ca21chr1_C_albicans_SC5314,Ca21chr1_C_albicans_SC5314,Ca21chr1_C_albicans_SC5314,Ca21chr1_C_albicans_SC5314,Ca21chr1_C_albicans_SC5314,Ca21chr1_C_albicans_SC5314,Ca21chr1_C_albicans_SC5314,Ca21chr1_C_albicans_SC5314,Ca21chr1_C_albicans_SC5314,Ca21chr1_C_albicans_SC5314,Ca21chr1_C_albicans_SC5314,Ca21chr1_C_albicans_SC5314,Ca21chr1_C_albicans_SC5314,Ca21chr1_C_albicans_SC5314,Ca21chr1_C_albicans_SC5314,Ca21chr1_C_albicans_SC5314,Ca21chr1_C_albicans_SC5314,Ca21chr1_C_albicans_SC5314,Ca21chr1_C_albicans_SC5314,Ca21chr1_C_albicans_SC5314,Ca21chr1_C_albicans_SC5314,Ca21chr1_C_albicans_SC5314,Ca21chr1_C_albicans_SC5314,Ca21chr1_C_albicans_SC5314,Ca21chr1_C_albicans_SC5314,Ca21chr1_C_albicans_SC5314,Ca21chr1_C_albicans_SC5314,Ca21chr1_C_albicans_SC5314,Ca21chr1_C_albicans_SC5314,Ca21chr1_C_albicans_SC5314,Ca21chr1_C_albicans_SC5314,Ca21chr1_C_albicans_SC5314,Ca21chr1_C_albicans_SC5314,Ca21chr1_C_albicans_SC5314,Ca21chr1_C_albicans_SC5314,Ca21chr1_C_albicans_SC5314,Ca21chr1_C_albicans_SC5314,Ca21chr1_C_albicans_SC5314,Ca21chr1_C_albicans_SC5314,Ca21chr1_C_albicans_SC5314,Ca21chr1_C_albicans_SC5314,Ca21chr1_C_albicans_SC5314,Ca21chr1_C_albicans_SC5314,Ca21chr1_C_albicans_SC5314,Ca21chr1_C_albicans_SC5314,Ca21chr1_C_albicans_SC5314,Ca21chr1_C_albicans_SC5314,Ca21chr1_C_albicans_SC5314,Ca21chr1_C_albicans_SC5314,Ca21chr1_C_albicans_SC5314,Ca21chr1_C_albicans_SC5314,Ca21chr1_C_albicans_SC5314,Ca21chr1_C_albicans_SC5314,Ca21chr1_C_albicans_SC5314,Ca21chr1_C_albicans_SC5314,Ca21chr1_C_albicans_SC5314,Ca21chr1_C_albicans_SC5314,Ca21chr1_C_albicans_SC5314,Ca21chr1_C_albicans_SC5314,Ca21chr1_C_albicans_SC5314,Ca21chr1_C_albicans_SC5314,Ca21chr1_C_albicans_SC5314,Ca21chr1_C_albicans_SC5314,Ca21chr1_C_albicans_SC5314,Ca21chr1_C_albicans_SC5314,Ca21chr1_C_albicans_SC5314,Ca21chr1_C_albicans_SC5314,Ca21chr1_C_albicans_SC5314,Ca21chr1_C_albicans_SC5314,Ca21chr1_C_albicans_SC5314,Ca21chr1_C_albicans_SC5314,Ca21chr1_C_albicans_SC5314,Ca21chr1_C_albicans_SC5314,Ca21chr1_C_albicans_SC5314,Ca21chr1_C_albicans_SC5314,Ca21chr1_C_albicans_SC5314,Ca21chr1_C_albicans_SC5314,Ca21chr1_C_albicans_SC5314,Ca21chr1_C_albicans_SC5314,Ca21chr1_C_albicans_SC5314,Ca21chr1_C_albicans_SC5314,Ca21chr1_C_albicans_SC5314,Ca21chr1_C_albicans_SC5314,Ca21chr1_C_albicans_SC5314,Ca21chr1_C_albicans_SC5314,Ca21chr1_C_albicans_SC5314,Ca21chr1_C_albicans_SC5314,Ca21chr1_C_albicans_SC5314,Ca21chr1_C_albicans_SC5314,Ca21chr1_C_albicans_SC5314,Ca21chr1_C_albicans_SC5314,Ca21chr1_C_albicans_SC5314,Ca21chr1_C_albicans_SC5314,Ca21chr1_C_albicans_SC5314,Ca21chr1_C_albicans_SC5314,Ca21chr1_C_albicans_SC5314,Ca21chr1_C_albicans_SC5314,Ca21chr1_C_albicans_SC5314,Ca21chr1_C_albicans_SC5314,Ca21chr1_C_albicans_SC5314,Ca21chr1_C_albicans_SC5314,Ca21chr1_C_albicans_SC5314,Ca21chr1_C_albicans_SC5314,Ca21chr1_C_albicans_SC5314,Ca21chr1_C_albicans_SC5314,Ca21chr1_C_albicans_SC5314,Ca21chr1_C_albicans_SC5314,Ca21chr1_C_albicans_SC5314,Ca21chr1_C_albicans_SC5314,Ca21chr1_C_albicans_SC5314,Ca21chr1_C_albicans_SC5314,Ca21chr1_C_albicans_SC5314,Ca21chr1_C_albicans_SC5314,Ca21chr1_C_albicans_SC5314,Ca21chr1_C_albicans_SC5314,Ca21chr1_C_albicans_SC5314,Ca21chr1_C_albicans_SC5314,Ca21chr1_C_albicans_SC5314,Ca21chr1_C_albicans_SC5314,Ca21chr1_C_albicans_SC5314,Ca21chr1_C_albicans_SC5314,Ca21chr1_C_albicans_SC5314,Ca21chr1_C_albicans_SC5314,Ca21chr1_C_albicans_SC5314,Ca21chr1_C_albicans_SC5314,Ca21chr1_C_albicans_SC5314,Ca21chr1_C_albicans_SC5314,Ca21chr1_C_albicans_SC5314,Ca21chr1_C_albicans_SC5314,Ca21chr1_C_albicans_SC5314,Ca21chr1_C_albicans_SC5314,Ca21chr1_C_albicans_SC5314,Ca21chr1_C_albicans_SC5314,Ca21chr1_C_albicans_SC5314,Ca21chr1_C_albicans_SC5314,Ca21chr1_C_albicans_SC5314,Ca21chr1_C_albicans_SC5314,Ca21chr1_C_albicans_SC5314,Ca21chr1_C_albicans_SC5314,Ca21chr1_C_albicans_SC5314,Ca21chr1_C_albicans_SC5314,Ca21chr1_C_albicans_SC5314,Ca21chr1_C_albicans_SC5314,Ca21chr1_C_albicans_SC5314,Ca21chr1_C_albicans_SC5314,Ca21chr1_C_albicans_SC5314,Ca21chr1_C_albicans_SC5314,Ca21chr1_C_albicans_SC5314,Ca21chr1_C_albicans_SC5314,Ca21chr1_C_albicans_SC5314,Ca21chr1_C_albicans_SC5314,Ca21chr1_C_albicans_SC5314,Ca21chr1_C_albicans_SC5314,Ca21chr1_C_albicans_SC5314,Ca21chr1_C_albicans_SC5314,Ca21chr1_C_albicans_SC5314,Ca21chr1_C_albicans_SC5314,Ca21chr1_C_albicans_SC5314,Ca21chr1_C_albicans_SC5314,Ca21chr1_C_albicans_SC5314,Ca21chr1_C_albicans_SC5314,Ca21chr1_C_albicans_SC5314,Ca21chr1_C_albicans_SC5314,Ca21chr1_C_albicans_SC5314,Ca21chr1_C_albicans_SC5314,Ca21chr1_C_albicans_SC5314,Ca21chr1_C_albicans_SC5314,Ca21chr1_C_albicans_SC5314,Ca21chr1_C_albicans_SC5314,Ca21chr1_C_albicans_SC5314,Ca21chr1_C_albicans_SC5314,Ca21chr1_C_albicans_SC5314,Ca21chr1_C_albicans_SC5314,Ca21chr1_C_albicans_SC5314,Ca21chr1_C_albicans_SC5314,Ca21chr1_C_albicans_SC5314,Ca21chr1_C_albicans_SC5314,Ca21chr1_C_albicans_SC5314,Ca21chr1_C_albicans_SC5314,Ca21chr1_C_albicans_SC5314,Ca21chr1_C_albicans_SC5314,Ca21chr1_C_albicans_SC5314,Ca21chr1_C_albicans_SC5314,Ca21chr1_C_albicans_SC5314,Ca21chr1_C_albicans_SC5314,Ca21chr1_C_albicans_SC5314,Ca21chr1_C_albicans_SC5314,Ca21chr1_C_albicans_SC5314,Ca21chr1_C_albicans_SC5314,Ca21chr1_C_albicans_SC5314,Ca21chr1_C_albicans_SC5314,Ca21chr1_C_albicans_SC5314,Ca21chr1_C_albicans_SC5314,Ca21chr1_C_albicans_SC5314,Ca21chr1_C_albicans_SC5314,Ca21chr1_C_albicans_SC5314,Ca21chr1_C_albicans_SC5314,Ca21chr1_C_albicans_SC5314,Ca21chr1_C_albicans_SC5314,Ca21chr1_C_albicans_SC5314,Ca21chr1_C_albicans_SC5314,Ca21chr1_C_albicans_SC5314,Ca21chr1_C_albicans_SC5314,Ca21chr1_C_albicans_SC5314,Ca21chr1_C_albicans_SC5314,Ca21chr1_C_albicans_SC5314,Ca21chr1_C_albicans_SC5314,Ca21chr1_C_albicans_SC5314,Ca21chr1_C_albicans_SC5314,Ca21chr1_C_albicans_SC5314,Ca21chr1_C_albicans_SC5314,Ca21chr1_C_albicans_SC5314,Ca21chr1_C_albicans_SC5314,Ca21chr1_C_albicans_SC5314,Ca21chr1_C_albicans_SC5314,Ca21chr1_C_albicans_SC5314,Ca21chr1_C_albicans_SC5314,Ca21chr1_C_albicans_SC5314,Ca21chr1_C_albicans_SC5314,Ca21chr1_C_albicans_SC5314,Ca21chr1_C_albicans_SC5314,Ca21chr1_C_albicans_SC5314,Ca21chr1_C_albicans_SC5314,Ca21chr1_C_albicans_SC5314,Ca21chr1_C_albicans_SC5314,Ca21chr1_C_albicans_SC5314,Ca21chr1_C_albicans_SC5314,Ca21chr1_C_albicans_SC5314,Ca21chr1_C_albicans_SC5314,Ca21chr1_C_albicans_SC5314,Ca21chr1_C_albicans_SC5314,Ca21chr1_C_albicans_SC5314,Ca21chr1_C_albicans_SC5314,Ca21chr1_C_albicans_SC5314,Ca21chr1_C_albicans_SC5314,Ca21chr1_C_albicans_SC5314,Ca21chr1_C_albicans_SC5314,Ca21chr1_C_albicans_SC5314,Ca21chr1_C_albicans_SC5314,Ca21chr1_C_albicans_SC5314,Ca21chr1_C_albicans_SC5314,Ca21chr1_C_albicans_SC5314,Ca21chr1_C_albicans_SC5314,Ca21chr1_C_albicans_SC5314,Ca21chr1_C_albicans_SC5314,Ca21chr1_C_albicans_SC5314,Ca21chr1_C_albicans_SC5314,Ca21chr1_C_albicans_SC5314,Ca21chr1_C_albicans_SC5314,Ca21chr1_C_albicans_SC5314,Ca21chr1_C_albicans_SC5314,Ca21chr1_C_albicans_SC5314,Ca21chr1_C_albicans_SC5314,Ca21chr1_C_albicans_SC5314,Ca21chr1_C_albicans_SC5314,Ca21chr1_C_albicans_SC5314,Ca21chr1_C_albicans_SC5314,Ca21chr1_C_albicans_SC5314,Ca21chr1_C_albicans_SC5314,Ca21chr1_C_albicans_SC5314,Ca21chr1_C_albicans_SC5314,Ca21chr1_C_albicans_SC5314,Ca21chr1_C_albicans_SC5314,Ca21chr1_C_albicans_SC5314,Ca21chr1_C_albicans_SC5314,Ca21chr1_C_albicans_SC5314,Ca21chr1_C_albicans_SC5314,Ca21chr1_C_albicans_SC5314,Ca21chr1_C_albicans_SC5314,Ca21chr1_C_albicans_SC5314,Ca21chr1_C_albicans_SC5314,Ca21chr1_C_albicans_SC5314,Ca21chr1_C_albicans_SC5314,Ca21chr1_C_albicans_SC5314,Ca21chr1_C_albicans_SC5314,Ca21chr1_C_albicans_SC5314,Ca21chr1_C_albicans_SC5314,Ca21chr1_C_albicans_SC5314,Ca21chr1_C_albicans_SC5314,Ca21chr1_C_albicans_SC5314,Ca21chr1_C_albicans_SC5314,Ca21chr1_C_albicans_SC5314,Ca21chr1_C_albicans_SC5314,Ca21chr1_C_albicans_SC5314,Ca21chr1_C_albicans_SC5314,Ca21chr1_C_albicans_SC5314,Ca21chr1_C_albicans_SC5314,Ca21chr1_C_albicans_SC5314,Ca21chr1_C_albicans_SC5314,Ca21chr1_C_albicans_SC5314,Ca21chr1_C_albicans_SC5314,Ca21chr1_C_albicans_SC5314,Ca21chr1_C_albicans_SC5314,Ca21chr1_C_albicans_SC5314,Ca21chr1_C_albicans_SC5314,Ca21chr1_C_albicans_SC5314,Ca21chr1_C_albicans_SC5314,Ca21chr1_C_albicans_SC5314,Ca21chr1_C_albicans_SC5314,Ca21chr1_C_albicans_SC5314,Ca21chr1_C_albicans_SC5314,Ca21chr1_C_albicans_SC5314,Ca21chr1_C_albicans_SC5314,Ca21chr1_C_albicans_SC5314,Ca21chr1_C_albicans_SC5314,Ca21chr1_C_albicans_SC5314,Ca21chr1_C_albicans_SC5314,Ca21chr1_C_albicans_SC5314,Ca21chr1_C_albicans_SC5314,Ca21chr1_C_albicans_SC5314,Ca21chr1_C_albicans_SC5314,Ca21chr1_C_albicans_SC5314,Ca21chr1_C_albicans_SC5314,Ca21chr1_C_albicans_SC5314,Ca21chr1_C_albicans_SC5314,Ca21chr1_C_albicans_SC5314,Ca21chr1_C_albicans_SC5314,Ca21chr1_C_albicans_SC5314,Ca21chr1_C_albicans_SC5314,Ca21chr1_C_albicans_SC5314,Ca21chr1_C_albicans_SC5314,Ca21chr1_C_albicans_SC5314,Ca21chr1_C_albicans_SC5314,Ca21chr1_C_albicans_SC5314,Ca21chr1_C_albicans_SC5314,Ca21chr1_C_albicans_SC5314,Ca21chr1_C_albicans_SC5314,Ca21chr1_C_albicans_SC5314,Ca21chr1_C_albicans_SC5314,Ca21chr1_C_albicans_SC5314,Ca21chr1_C_albicans_SC5314,Ca21chr1_C_albicans_SC5314,Ca21chr1_C_albicans_SC5314,Ca21chr1_C_albicans_SC5314,Ca21chr1_C_albicans_SC5314,Ca21chr1_C_albicans_SC5314,Ca21chr1_C_albicans_SC5314,Ca21chr1_C_albicans_SC5314,Ca21chr1_C_albicans_SC5314,Ca21chr1_C_albicans_SC5314,Ca21chr1_C_albicans_SC5314,Ca21chr1_C_albicans_SC5314,Ca21chr1_C_albicans_SC5314,Ca21chr1_C_albicans_SC5314,Ca21chr1_C_albicans_SC5314,Ca21chr1_C_albicans_SC5314,Ca21chr1_C_albicans_SC5314,Ca21chr1_C_albicans_SC5314,Ca21chr1_C_albicans_SC5314,Ca21chr1_C_albicans_SC5314,Ca21chr1_C_albicans_SC5314,Ca21chr1_C_albicans_SC5314,Ca21chr1_C_albicans_SC5314,Ca21chr1_C_albicans_SC5314,Ca21chr1_C_albicans_SC5314,Ca21chr1_C_albicans_SC5314,Ca21chr1_C_albicans_SC5314,Ca21chr1_C_albicans_SC5314,Ca21chr1_C_albicans_SC5314,Ca21chr1_C_albicans_SC5314,Ca21chr1_C_albicans_SC5314,Ca21chr1_C_albicans_SC5314,Ca21chr1_C_albicans_SC5314,Ca21chr1_C_albicans_SC5314,Ca21chr1_C_albicans_SC5314,Ca21chr1_C_albicans_SC5314,Ca21chr1_C_albicans_SC5314,Ca21chr1_C_albicans_SC5314,Ca21chr1_C_albicans_SC5314,Ca21chr1_C_albicans_SC5314,Ca21chr1_C_albicans_SC5314,Ca21chr1_C_albicans_SC5314,Ca21chr1_C_albicans_SC5314,Ca21chr1_C_albicans_SC5314,Ca21chr1_C_albicans_SC5314,Ca21chr1_C_albicans_SC5314,Ca21chr1_C_albicans_SC5314,Ca21chr1_C_albicans_SC5314,Ca21chr1_C_albicans_SC5314,Ca21chr1_C_albicans_SC5314,Ca21chr1_C_albicans_SC5314,Ca21chr1_C_albicans_SC5314,Ca21chr1_C_albicans_SC5314,Ca21chr1_C_albicans_SC5314,Ca21chr1_C_albicans_SC5314,Ca21chr1_C_albicans_SC5314,Ca21chr1_C_albicans_SC5314,Ca21chr1_C_albicans_SC5314,Ca21chr1_C_albicans_SC5314,Ca21chr1_C_albicans_SC5314,Ca21chr1_C_albicans_SC5314,Ca21chr1_C_albicans_SC5314,Ca21chr1_C_albicans_SC5314,Ca21chr1_C_albicans_SC5314,Ca21chr1_C_albicans_SC5314,Ca21chr1_C_albicans_SC5314,Ca21chr1_C_albicans_SC5314,Ca21chr1_C_albicans_SC5314,Ca21chr1_C_albicans_SC5314,Ca21chr1_C_albicans_SC5314,Ca21chr1_C_albicans_SC5314,Ca21chr1_C_albicans_SC5314,Ca21chr1_C_albicans_SC5314,Ca21chr1_C_albicans_SC5314,Ca21chr1_C_albicans_SC5314,Ca21chr1_C_albicans_SC5314,Ca21chr1_C_albicans_SC5314,Ca21chr1_C_albicans_SC5314,Ca21chr1_C_albicans_SC5314,Ca21chr1_C_albicans_SC5314,Ca21chr1_C_albicans_SC5314,Ca21chr1_C_albicans_SC5314,Ca21chr1_C_albicans_SC5314,Ca21chr1_C_albicans_SC5314,Ca21chr1_C_albicans_SC5314,Ca21chr1_C_albicans_SC5314,Ca21chr1_C_albicans_SC5314,Ca21chr1_C_albicans_SC5314,Ca21chr1_C_albicans_SC5314,Ca21chr1_C_albicans_SC5314,Ca21chr1_C_albicans_SC5314,Ca21chr1_C_albicans_SC5314,Ca21chr1_C_albicans_SC5314,Ca21chr1_C_albicans_SC5314,Ca21chr1_C_albicans_SC5314,Ca21chr1_C_albicans_SC5314,Ca21chr1_C_albicans_SC5314,Ca21chr1_C_albicans_SC5314,Ca21chr1_C_albicans_SC5314,Ca21chr1_C_albicans_SC5314,Ca21chr1_C_albicans_SC5314,Ca21chr1_C_albicans_SC5314,Ca21chr1_C_albicans_SC5314,Ca21chr1_C_albicans_SC5314,Ca21chr1_C_albicans_SC5314,Ca21chr1_C_albicans_SC5314,Ca21chr1_C_albicans_SC5314,Ca21chr1_C_albicans_SC5314,Ca21chr1_C_albicans_SC5314,Ca21chr1_C_albicans_SC5314,Ca21chr1_C_albicans_SC5314,Ca21chr1_C_albicans_SC5314,Ca21chr1_C_albicans_SC5314,Ca21chr1_C_albicans_SC5314,Ca21chr1_C_albicans_SC5314,Ca21chr1_C_albicans_SC5314,Ca21chr1_C_albicans_SC5314,Ca21chr1_C_albicans_SC5314,Ca21chr1_C_albicans_SC5314,Ca21chr1_C_albicans_SC5314,Ca21chr1_C_albicans_SC5314,Ca21chr1_C_albicans_SC5314,Ca21chr1_C_albicans_SC5314,Ca21chr1_C_albicans_SC5314,Ca21chr1_C_albicans_SC5314,Ca21chr1_C_albicans_SC5314,Ca21chr1_C_albicans_SC5314,Ca21chr1_C_albicans_SC5314,Ca21chr1_C_albicans_SC5314,Ca21chr1_C_albicans_SC5314,Ca21chr1_C_albicans_SC5314,Ca21chr1_C_albicans_SC5314,Ca21chr1_C_albicans_SC5314,Ca21chr1_C_albicans_SC5314,Ca21chr1_C_albicans_SC5314,Ca21chr1_C_albicans_SC5314,Ca21chr1_C_albicans_SC5314,Ca21chr1_C_albicans_SC5314,Ca21chr1_C_albicans_SC5314,Ca21chr1_C_albicans_SC5314,Ca21chr1_C_albicans_SC5314,Ca21chr1_C_albicans_SC5314,Ca21chr1_C_albicans_SC5314,Ca21chr1_C_albicans_SC5314,Ca21chr1_C_albicans_SC5314,Ca21chr1_C_albicans_SC5314,Ca21chr1_C_albicans_SC5314,Ca21chr1_C_albicans_SC5314,Ca21chr1_C_albicans_SC5314,Ca21chr1_C_albicans_SC5314,Ca21chr1_C_albicans_SC5314,Ca21chr1_C_albicans_SC5314,Ca21chr1_C_albicans_SC5314,Ca21chr1_C_albicans_SC5314,Ca21chr1_C_albicans_SC5314,Ca21chr1_C_albicans_SC5314,Ca21chr1_C_albicans_SC5314,Ca21chr1_C_albicans_SC5314,Ca21chr1_C_albicans_SC5314,Ca21chr1_C_albicans_SC5314,Ca21chr1_C_albicans_SC5314,Ca21chr1_C_albicans_SC5314,Ca21chr1_C_albicans_SC5314,Ca21chr1_C_albicans_SC5314,Ca21chr1_C_albicans_SC5314,Ca21chr1_C_albicans_SC5314,Ca21chr1_C_albicans_SC5314,Ca21chr1_C_albicans_SC5314,Ca21chr1_C_albicans_SC5314,Ca21chr1_C_albicans_SC5314,Ca21chr1_C_albicans_SC5314,Ca21chr1_C_albicans_SC5314,Ca21chr1_C_albicans_SC5314,Ca21chr1_C_albicans_SC5314,Ca21chr1_C_albicans_SC5314,Ca21chr1_C_albicans_SC5314,Ca21chr1_C_albicans_SC5314,Ca21chr1_C_albicans_SC5314,Ca21chr1_C_albicans_SC5314,Ca21chr1_C_albicans_SC5314,Ca21chr1_C_albicans_SC5314,Ca21chr1_C_albicans_SC5314,Ca21chr1_C_albicans_SC5314,Ca21chr1_C_albicans_SC5314,Ca21chr1_C_albicans_SC5314,Ca21chr1_C_albicans_SC5314,Ca21chr1_C_albicans_SC5314,Ca21chr1_C_albicans_SC5314,Ca21chr1_C_albicans_SC5314,Ca21chr1_C_albicans_SC5314,Ca21chr1_C_albicans_SC5314,Ca21chr1_C_albicans_SC5314,Ca21chr1_C_albicans_SC5314,Ca21chr1_C_albicans_SC5314,Ca21chr1_C_albicans_SC5314,Ca21chr1_C_albicans_SC5314,Ca21chr1_C_albicans_SC5314,Ca21chr1_C_albicans_SC5314,Ca21chr1_C_albicans_SC5314,Ca21chr1_C_albicans_SC5314,Ca21chr1_C_albicans_SC5314,Ca21chr1_C_albicans_SC5314,Ca21chr1_C_albicans_SC5314,Ca21chr1_C_albicans_SC5314,Ca21chr1_C_albicans_SC5314,Ca21chr1_C_albicans_SC5314,Ca21chr1_C_albicans_SC5314,Ca21chr1_C_albicans_SC5314,Ca21chr1_C_albicans_SC5314,Ca21chr1_C_albicans_SC5314,Ca21chr1_C_albicans_SC5314,Ca21chr1_C_albicans_SC5314,Ca21chr1_C_albicans_SC5314,Ca21chr1_C_albicans_SC5314,Ca21chr1_C_albicans_SC5314,Ca21chr1_C_albicans_SC5314,Ca21chr1_C_albicans_SC5314,Ca21chr1_C_albicans_SC5314,Ca21chr1_C_albicans_SC5314,Ca21chr1_C_albicans_SC5314,Ca21chr1_C_albicans_SC5314,Ca21chr1_C_albicans_SC5314,Ca21chr1_C_albicans_SC5314,Ca21chr1_C_albicans_SC5314,Ca21chr1_C_albicans_SC5314,Ca21chr1_C_albicans_SC5314,Ca21chr1_C_albicans_SC5314,Ca21chr1_C_albicans_SC5314,Ca21chr1_C_albicans_SC5314,Ca21chr1_C_albicans_SC5314,Ca21chr1_C_albicans_SC5314,Ca21chr1_C_albicans_SC5314,Ca21chr1_C_albicans_SC5314,Ca21chr1_C_albicans_SC5314,Ca21chr1_C_albicans_SC5314,Ca21chr1_C_albicans_SC5314,Ca21chr1_C_albicans_SC5314,Ca21chr1_C_albicans_SC5314,Ca21chr1_C_albicans_SC5314,Ca21chr1_C_albicans_SC5314,Ca21chr1_C_albicans_SC5314,Ca21chr1_C_albicans_SC5314,Ca21chr1_C_albicans_SC5314,Ca21chr1_C_albicans_SC5314,Ca21chr1_C_albicans_SC5314,Ca21chr1_C_albicans_SC5314,Ca21chr1_C_albicans_SC5314,Ca21chr1_C_albicans_SC5314,Ca21chr1_C_albicans_SC5314,Ca21chr1_C_albicans_SC5314,Ca21chr1_C_albicans_SC5314,Ca21chr1_C_albicans_SC5314,Ca21chr1_C_albicans_SC5314,Ca21chr1_C_albicans_SC5314,Ca21chr1_C_albicans_SC5314,Ca21chr1_C_albicans_SC5314,Ca21chr1_C_albicans_SC5314,Ca21chr1_C_albicans_SC5314,Ca21chr1_C_albicans_SC5314,Ca21chr1_C_albicans_SC5314,Ca21chr1_C_albicans_SC5314,Ca21chr1_C_albicans_SC5314,Ca21chr1_C_albicans_SC5314,Ca21chr1_C_albicans_SC5314,Ca21chr1_C_albicans_SC5314,Ca21chr1_C_albicans_SC5314,Ca21chr1_C_albicans_SC5314,Ca21chr1_C_albicans_SC5314,Ca21chr1_C_albicans_SC5314,Ca21chr1_C_albicans_SC5314,Ca21chr1_C_albicans_SC5314,Ca21chr1_C_albicans_SC5314,Ca21chr1_C_albicans_SC5314,Ca21chr1_C_albicans_SC5314,Ca21chr1_C_albicans_SC5314,Ca21chr1_C_albicans_SC5314,Ca21chr1_C_albicans_SC5314,Ca21chr1_C_albicans_SC5314,Ca21chr1_C_albicans_SC5314,Ca21chr1_C_albicans_SC5314,Ca21chr1_C_albicans_SC5314,Ca21chr1_C_albicans_SC5314,Ca21chr1_C_albicans_SC5314,Ca21chr1_C_albicans_SC5314,Ca21chr1_C_albicans_SC5314,Ca21chr1_C_albicans_SC5314,Ca21chr1_C_albicans_SC5314,Ca21chr1_C_albicans_SC5314,Ca21chr1_C_albicans_SC5314,Ca21chr1_C_albicans_SC5314,Ca21chr1_C_albicans_SC5314,Ca21chr1_C_albicans_SC5314,Ca21chr1_C_albicans_SC5314,Ca21chr1_C_albicans_SC5314,Ca21chr1_C_albicans_SC5314,Ca21chr1_C_albicans_SC5314,Ca21chr1_C_albicans_SC5314,Ca21chr1_C_albicans_SC5314,Ca21chr1_C_albicans_SC5314,Ca21chr1_C_albicans_SC5314,Ca21chr1_C_albicans_SC5314,Ca21chr1_C_albicans_SC5314,Ca21chr1_C_albicans_SC5314,Ca21chr1_C_albicans_SC5314,Ca21chr1_C_albicans_SC5314,Ca21chr1_C_albicans_SC5314,Ca21chr1_C_albicans_SC5314,Ca21chr1_C_albicans_SC5314,Ca21chr1_C_albicans_SC5314,Ca21chr1_C_albicans_SC5314,Ca21chr1_C_albicans_SC5314,Ca21chr1_C_albicans_SC5314,Ca21chr1_C_albicans_SC5314,Ca21chr1_C_albicans_SC5314,Ca21chr1_C_albicans_SC5314,Ca21chr1_C_albicans_SC5314,Ca21chr1_C_albicans_SC5314,Ca21chr1_C_albicans_SC5314,Ca21chr1_C_albicans_SC5314,Ca21chr1_C_albicans_SC5314,Ca21chr1_C_albicans_SC5314,Ca21chr1_C_albicans_SC5314,Ca21chr1_C_albicans_SC5314,Ca21chr1_C_albicans_SC5314,Ca21chr1_C_albicans_SC5314,Ca21chr1_C_albicans_SC5314,Ca21chr1_C_albicans_SC5314,Ca21chr1_C_albicans_SC5314,Ca21chr1_C_albicans_SC5314,Ca21chr1_C_albicans_SC5314,Ca21chr1_C_albicans_SC5314,Ca21chr1_C_albicans_SC5314,Ca21chr1_C_albicans_SC5314,Ca21chr1_C_albicans_SC5314,Ca21chr1_C_albicans_SC5314,Ca21chr1_C_albicans_SC5314,Ca21chr1_C_albicans_SC5314,Ca21chr1_C_albicans_SC5314,Ca21chr1_C_albicans_SC5314,Ca21chr1_C_albicans_SC5314,Ca21chr1_C_albicans_SC5314,Ca21chr1_C_albicans_SC5314,Ca21chr1_C_albicans_SC5314,Ca21chr1_C_albicans_SC5314,Ca21chr1_C_albicans_SC5314,Ca21chr1_C_albicans_SC5314,Ca21chr1_C_albicans_SC5314,Ca21chr1_C_albicans_SC5314,Ca21chr1_C_albicans_SC5314,Ca21chr1_C_albicans_SC5314,Ca21chr1_C_albicans_SC5314,Ca21chr1_C_albicans_SC5314,Ca21chr1_C_albicans_SC5314,Ca21chr1_C_albicans_SC5314,Ca21chr1_C_albicans_SC5314,Ca21chr1_C_albicans_SC5314,Ca21chr1_C_albicans_SC5314,Ca21chr1_C_albicans_SC5314,Ca21chr1_C_albicans_SC5314,Ca21chr1_C_albicans_SC5314,Ca21chr1_C_albicans_SC5314,Ca21chr1_C_albicans_SC5314,Ca21chr1_C_albicans_SC5314,Ca21chr1_C_albicans_SC5314,Ca21chr1_C_albicans_SC5314,Ca21chr1_C_albicans_SC5314,Ca21chr1_C_albicans_SC5314,Ca21chr1_C_albicans_SC5314,Ca21chr1_C_albicans_SC5314,Ca21chr1_C_albicans_SC5314,Ca21chr1_C_albicans_SC5314,Ca21chr1_C_albicans_SC5314,Ca21chr1_C_albicans_SC5314,Ca21chr1_C_albicans_SC5314,Ca21chr1_C_albicans_SC5314,Ca21chr1_C_albicans_SC5314,Ca21chr1_C_albicans_SC5314,Ca21chr1_C_albicans_SC5314,Ca21chr1_C_albicans_SC5314,Ca21chr1_C_albicans_SC5314,Ca21chr1_C_albicans_SC5314,Ca21chr1_C_albicans_SC5314,Ca21chr1_C_albicans_SC5314,Ca21chr1_C_albicans_SC5314,Ca21chr1_C_albicans_SC5314,Ca21chr1_C_albicans_SC5314,Ca21chr1_C_albicans_SC5314,Ca21chr1_C_albicans_SC5314,Ca21chr1_C_albicans_SC5314,Ca21chr1_C_albicans_SC5314,Ca21chr1_C_albicans_SC5314,Ca21chr1_C_albicans_SC5314,Ca21chr1_C_albicans_SC5314,Ca21chr1_C_albicans_SC5314,Ca21chr1_C_albicans_SC5314,Ca21chr1_C_albicans_SC5314,Ca21chr1_C_albicans_SC5314,Ca21chr1_C_albicans_SC5314,Ca21chr1_C_albicans_SC5314,Ca21chr1_C_albicans_SC5314,Ca21chr1_C_albicans_SC5314,Ca21chr1_C_albicans_SC5314,Ca21chr1_C_albicans_SC5314,Ca21chr1_C_albicans_SC5314,Ca21chr1_C_albicans_SC5314,Ca21chr1_C_albicans_SC5314,Ca21chr1_C_albicans_SC5314,Ca21chr1_C_albicans_SC5314,Ca21chr1_C_albicans_SC5314,Ca21chr1_C_albicans_SC5314,Ca21chr1_C_albicans_SC5314,Ca21chr1_C_albicans_SC5314,Ca21chr1_C_albicans_SC5314,Ca21chr1_C_albicans_SC5314,Ca21chr1_C_albicans_SC5314,Ca21chr1_C_albicans_SC5314,Ca21chr1_C_albicans_SC5314,Ca21chr1_C_albicans_SC5314,Ca21chr1_C_albicans_SC5314,Ca21chr1_C_albicans_SC5314,Ca21chr1_C_albicans_SC5314,Ca21chr1_C_albicans_SC5314,Ca21chr1_C_albicans_SC5314,Ca21chr1_C_albicans_SC5314,Ca21chr1_C_albicans_SC5314,Ca21chr1_C_albicans_SC5314,Ca21chr1_C_albicans_SC5314,Ca21chr1_C_albicans_SC5314,Ca21chr1_C_albicans_SC5314,Ca21chr1_C_albicans_SC5314,Ca21chr1_C_albicans_SC5314,Ca21chr1_C_albicans_SC5314,Ca21chr1_C_albicans_SC5314,Ca21chr1_C_albicans_SC5314,Ca21chr1_C_albicans_SC5314,Ca21chr1_C_albicans_SC5314,Ca21chr1_C_albicans_SC5314,Ca21chr1_C_albicans_SC5314,Ca21chr1_C_albicans_SC5314,Ca21chr1_C_albicans_SC5314,Ca21chr1_C_albicans_SC5314,Ca21chr1_C_albicans_SC5314,Ca21chr1_C_albicans_SC5314,Ca21chr1_C_albicans_SC5314,Ca21chr1_C_albicans_SC5314,Ca21chr1_C_albicans_SC5314,Ca21chr1_C_albicans_SC5314,Ca21chr1_C_albicans_SC5314,Ca21chr1_C_albicans_SC5314,Ca21chr1_C_albicans_SC5314,Ca21chr1_C_albicans_SC5314,Ca21chr1_C_albicans_SC5314,Ca21chr1_C_albicans_SC5314,Ca21chr1_C_albicans_SC5314,Ca21chr1_C_albicans_SC5314,Ca21chr1_C_albicans_SC5314,Ca21chr1_C_albicans_SC5314,Ca21chr1_C_albicans_SC5314,Ca21chr1_C_albicans_SC5314,Ca21chr1_C_albicans_SC5314,Ca21chr1_C_albicans_SC5314,Ca21chr1_C_albicans_SC5314,Ca21chr1_C_albicans_SC5314,Ca21chr1_C_albicans_SC5314,Ca21chr1_C_albicans_SC5314,Ca21chr1_C_albicans_SC5314,Ca21chr1_C_albicans_SC5314,Ca21chr1_C_albicans_SC5314,Ca21chr1_C_albicans_SC5314,Ca21chr1_C_albicans_SC5314,Ca21chr1_C_albicans_SC5314,Ca21chr1_C_albicans_SC5314,Ca21chr1_C_albicans_SC5314,Ca21chr1_C_albicans_SC5314,Ca21chr1_C_albicans_SC5314,Ca21chr1_C_albicans_SC5314,Ca21chr1_C_albicans_SC5314,Ca21chr1_C_albicans_SC5314,Ca21chr1_C_albicans_SC5314,Ca21chr1_C_albicans_SC5314,Ca21chr1_C_albicans_SC5314,Ca21chr1_C_albicans_SC5314,Ca21chr1_C_albicans_SC5314,Ca21chr1_C_albicans_SC5314,Ca21chr1_C_albicans_SC5314,Ca21chr1_C_albicans_SC5314,Ca21chr1_C_albicans_SC5314,Ca21chr1_C_albicans_SC5314,Ca21chr1_C_albicans_SC5314,Ca21chr1_C_albicans_SC5314,Ca21chr1_C_albicans_SC5314,Ca21chr1_C_albicans_SC5314,Ca21chr1_C_albicans_SC5314,Ca21chr1_C_albicans_SC5314,Ca21chr1_C_albicans_SC5314,Ca21chr1_C_albicans_SC5314,Ca21chr1_C_albicans_SC5314,Ca21chr1_C_albicans_SC5314,Ca21chr1_C_albicans_SC5314,Ca21chr1_C_albicans_SC5314,Ca21chr1_C_albicans_SC5314,Ca21chr1_C_albicans_SC5314,Ca21chr1_C_albicans_SC5314,Ca21chr1_C_albicans_SC5314,Ca21chr1_C_albicans_SC5314,Ca21chr1_C_albicans_SC5314,Ca21chr1_C_albicans_SC5314,Ca21chr1_C_albicans_SC5314,Ca21chr1_C_albicans_SC5314,Ca21chr1_C_albicans_SC5314,Ca21chr1_C_albicans_SC5314,Ca21chr1_C_albicans_SC5314,Ca21chr1_C_albicans_SC5314,Ca21chr1_C_albicans_SC5314,Ca21chr1_C_albicans_SC5314,Ca21chr1_C_albicans_SC5314,Ca21chr1_C_albicans_SC5314,Ca21chr1_C_albicans_SC5314,Ca21chr1_C_albicans_SC5314,Ca21chr1_C_albicans_SC5314,Ca21chr1_C_albicans_SC5314,Ca21chr1_C_albicans_SC5314,Ca21chr1_C_albicans_SC5314,Ca21chr1_C_albicans_SC5314,Ca21chr1_C_albicans_SC5314,Ca21chr1_C_albicans_SC5314,Ca21chr1_C_albicans_SC5314,Ca21chr1_C_albicans_SC5314,Ca21chr1_C_albicans_SC5314,Ca21chr1_C_albicans_SC5314,Ca21chr1_C_albicans_SC5314,Ca21chr1_C_albicans_SC5314,Ca21chr1_C_albicans_SC5314,Ca21chr1_C_albicans_SC5314,Ca21chr1_C_albicans_SC5314,Ca21chr1_C_albicans_SC5314,Ca21chr1_C_albicans_SC5314,Ca21chr1_C_albicans_SC5314,Ca21chr1_C_albicans_SC5314,Ca21chr1_C_albicans_SC5314,Ca21chr1_C_albicans_SC5314,Ca21chr1_C_albicans_SC5314,Ca21chr1_C_albicans_SC5314,Ca21chr1_C_albicans_SC5314,Ca21chr1_C_albicans_SC5314,Ca21chr1_C_albicans_SC5314,Ca21chr1_C_albicans_SC5314,Ca21chr1_C_albicans_SC5314,Ca21chr1_C_albicans_SC5314,Ca21chr1_C_albicans_SC5314,Ca21chr1_C_albicans_SC5314,Ca21chr1_C_albicans_SC5314,Ca21chr1_C_albicans_SC5314,Ca21chr1_C_albicans_SC5314,Ca21chr1_C_albicans_SC5314,Ca21chr1_C_albicans_SC5314,Ca21chr1_C_albicans_SC5314,Ca21chr1_C_albicans_SC5314,Ca21chr1_C_albicans_SC5314,Ca21chr1_C_albicans_SC5314,Ca21chr1_C_albicans_SC5314,Ca21chr1_C_albicans_SC5314,Ca21chr1_C_albicans_SC5314,Ca21chr1_C_albicans_SC5314,Ca21chr1_C_albicans_SC5314,Ca21chr1_C_albicans_SC5314,Ca21chr1_C_albicans_SC5314,Ca21chr1_C_albicans_SC5314,Ca21chr1_C_albicans_SC5314,Ca21chr1_C_albicans_SC5314,Ca21chr1_C_albicans_SC5314,Ca21chr1_C_albicans_SC5314,Ca21chr1_C_albicans_SC5314,Ca21chr1_C_albicans_SC5314,Ca21chr1_C_albicans_SC5314,Ca21chr1_C_albicans_SC5314,Ca21chr1_C_albicans_SC5314,Ca21chr1_C_albicans_SC5314,Ca21chr1_C_albicans_SC5314,Ca21chr1_C_albicans_SC5314,Ca21chr1_C_albicans_SC5314,Ca21chr1_C_albicans_SC5314,Ca21chr1_C_albicans_SC5314,Ca21chr1_C_albicans_SC5314,Ca21chr1_C_albicans_SC5314,Ca21chr1_C_albicans_SC5314,Ca21chr1_C_albicans_SC5314,Ca21chr1_C_albicans_SC5314,Ca21chr1_C_albicans_SC5314,Ca21chr1_C_albicans_SC5314,Ca21chr1_C_albicans_SC5314,Ca21chr1_C_albicans_SC5314,Ca21chr1_C_albicans_SC5314,Ca21chr1_C_albicans_SC5314,Ca21chr1_C_albicans_SC5314,Ca21chr1_C_albicans_SC5314,Ca21chr1_C_albicans_SC5314,Ca21chr1_C_albicans_SC5314,Ca21chr1_C_albicans_SC5314,Ca21chr1_C_albicans_SC5314,Ca21chr1_C_albicans_SC5314,Ca21chr1_C_albicans_SC5314,Ca21chr1_C_albicans_SC5314,Ca21chr1_C_albicans_SC5314,Ca21chr1_C_albicans_SC5314,Ca21chr1_C_albicans_SC5314,Ca21chr1_C_albicans_SC5314,Ca21chr1_C_albicans_SC5314,Ca21chr1_C_albicans_SC5314,Ca21chr1_C_albicans_SC5314,Ca21chr1_C_albicans_SC5314,Ca21chr1_C_albicans_SC5314,Ca21chr1_C_albicans_SC5314,Ca21chr1_C_albicans_SC5314,Ca21chr1_C_albicans_SC5314,Ca21chr1_C_albicans_SC5314,Ca21chr1_C_albicans_SC5314,Ca21chr1_C_albicans_SC5314,Ca21chr1_C_albicans_SC5314,Ca21chr1_C_albicans_SC5314,Ca21chr1_C_albicans_SC5314,Ca21chr1_C_albicans_SC5314,Ca21chr1_C_albicans_SC5314,Ca21chr1_C_albicans_SC5314,Ca21chr1_C_albicans_SC5314,Ca21chr1_C_albicans_SC5314,Ca21chr1_C_albicans_SC5314,Ca21chr1_C_albicans_SC5314,Ca21chr1_C_albicans_SC5314,Ca21chr1_C_albicans_SC5314,Ca21chr1_C_albicans_SC5314,Ca21chr1_C_albicans_SC5314,Ca21chr1_C_albicans_SC5314,Ca21chr1_C_albicans_SC5314,Ca21chr1_C_albicans_SC5314,Ca21chr1_C_albicans_SC5314,Ca21chr1_C_albicans_SC5314,Ca21chr1_C_albicans_SC5314,Ca21chr1_C_albicans_SC5314,Ca21chr1_C_albicans_SC5314,Ca21chr1_C_albicans_SC5314,Ca21chr1_C_albicans_SC5314,Ca21chr1_C_albicans_SC5314,Ca21chr1_C_albicans_SC5314,Ca21chr1_C_albicans_SC5314,Ca21chr1_C_albicans_SC5314,Ca21chr1_C_albicans_SC5314,Ca21chr1_C_albicans_SC5314,Ca21chr1_C_albicans_SC5314,Ca21chr1_C_albicans_SC5314,Ca21chr1_C_albicans_SC5314,Ca21chr1_C_albicans_SC5314,Ca21chr1_C_albicans_SC5314,Ca21chr1_C_albicans_SC5314,Ca21chr1_C_albicans_SC5314,Ca21chr1_C_albicans_SC5314,Ca21chr1_C_albicans_SC5314,Ca21chr1_C_albicans_SC5314,Ca21chr1_C_albicans_SC5314,Ca21chr1_C_albicans_SC5314,Ca21chr1_C_albicans_SC5314,Ca21chr1_C_albicans_SC5314,Ca21chr1_C_albicans_SC5314,Ca21chr1_C_albicans_SC5314,Ca21chr1_C_albicans_SC5314,Ca21chr1_C_albicans_SC5314,Ca21chr1_C_albicans_SC5314,Ca21chr1_C_albicans_SC5314,Ca21chr1_C_albicans_SC5314,Ca21chr1_C_albicans_SC5314,Ca21chr1_C_albicans_SC5314,Ca21chr1_C_albicans_SC5314,Ca21chr1_C_albicans_SC5314,Ca21chr1_C_albicans_SC5314,Ca21chr1_C_albicans_SC5314,Ca21chr1_C_albicans_SC5314,Ca21chr1_C_albicans_SC5314,Ca21chr1_C_albicans_SC5314,Ca21chr1_C_albicans_SC5314,Ca21chr1_C_albicans_SC5314,Ca21chr1_C_albicans_SC5314,Ca21chr1_C_albicans_SC5314,Ca21chr1_C_albicans_SC5314,Ca21chr1_C_albicans_SC5314,Ca21chr1_C_albicans_SC5314,Ca21chr1_C_albicans_SC5314,Ca21chr1_C_albicans_SC5314,Ca21chr1_C_albicans_SC5314,Ca21chr1_C_albicans_SC5314,Ca21chr1_C_albicans_SC5314,Ca21chr1_C_albicans_SC5314,Ca21chr1_C_albicans_SC5314,Ca21chr1_C_albicans_SC5314,Ca21chr1_C_albicans_SC5314,Ca21chr1_C_albicans_SC5314,Ca21chr1_C_albicans_SC5314,Ca21chr1_C_albicans_SC5314,Ca21chr1_C_albicans_SC5314,Ca21chr1_C_albicans_SC5314,Ca21chr1_C_albicans_SC5314,Ca21chr1_C_albicans_SC5314,Ca21chr1_C_albicans_SC5314,Ca21chr1_C_albicans_SC5314,Ca21chr1_C_albicans_SC5314,Ca21chr1_C_albicans_SC5314,Ca21chr1_C_albicans_SC5314,Ca21chr1_C_albicans_SC5314,Ca21chr1_C_albicans_SC5314,Ca21chr1_C_albicans_SC5314,Ca21chr1_C_albicans_SC5314,Ca21chr1_C_albicans_SC5314,Ca21chr1_C_albicans_SC5314,Ca21chr1_C_albicans_SC5314,Ca21chr1_C_albicans_SC5314,Ca21chr1_C_albicans_SC5314,Ca21chr1_C_albicans_SC5314,Ca21chr1_C_albicans_SC5314,Ca21chr1_C_albicans_SC5314,Ca21chr1_C_albicans_SC5314,Ca21chr1_C_albicans_SC5314,Ca21chr1_C_albicans_SC5314,Ca21chr1_C_albicans_SC5314,Ca21chr1_C_albicans_SC5314,Ca21chr1_C_albicans_SC5314,Ca21chr1_C_albicans_SC5314,Ca21chr1_C_albicans_SC5314,Ca21chr1_C_albicans_SC5314,Ca21chr1_C_albicans_SC5314,Ca21chr1_C_albicans_SC5314,Ca21chr1_C_albicans_SC5314,Ca21chr1_C_albicans_SC5314,Ca21chr1_C_albicans_SC5314,Ca21chr1_C_albicans_SC5314,Ca21chr1_C_albicans_SC5314,Ca21chr1_C_albicans_SC5314,Ca21chr1_C_albicans_SC5314,Ca21chr1_C_albicans_SC5314,Ca21chr1_C_albicans_SC5314,Ca21chr1_C_albicans_SC5314,Ca21chr1_C_albicans_SC5314,Ca21chr1_C_albicans_SC5314,Ca21chr1_C_albicans_SC5314,Ca21chr1_C_albicans_SC5314,Ca21chr1_C_albicans_SC5314,Ca21chr1_C_albicans_SC5314,Ca21chr1_C_albicans_SC5314,Ca21chr1_C_albicans_SC5314,Ca21chr1_C_albicans_SC5314,Ca21chr1_C_albicans_SC5314,Ca21chr1_C_albicans_SC5314,Ca21chr1_C_albicans_SC5314,Ca21chr1_C_albicans_SC5314,Ca21chr1_C_albicans_SC5314,Ca21chr1_C_albicans_SC5314,Ca21chr1_C_albicans_SC5314,Ca21chr1_C_albicans_SC5314,Ca21chr1_C_albicans_SC5314,Ca21chr1_C_albicans_SC5314,Ca21chr1_C_albicans_SC5314,Ca21chr1_C_albicans_SC5314,Ca21chr1_C_albicans_SC5314,Ca21chr1_C_albicans_SC5314,Ca21chr1_C_albicans_SC5314,Ca21chr1_C_albicans_SC5314,Ca21chr1_C_albicans_SC5314,Ca21chr1_C_albicans_SC5314,Ca21chr1_C_albicans_SC5314,Ca21chr1_C_albicans_SC5314,Ca21chr1_C_albicans_SC5314,Ca21chr1_C_albicans_SC5314,Ca21chr1_C_albicans_SC5314,Ca21chr1_C_albicans_SC5314,Ca21chr1_C_albicans_SC5314,Ca21chr1_C_albicans_SC5314,Ca21chr1_C_albicans_SC5314,Ca21chr1_C_albicans_SC5314,Ca21chr1_C_albicans_SC5314,Ca21chr1_C_albicans_SC5314,Ca21chr1_C_albicans_SC5314,Ca21chr1_C_albicans_SC5314,Ca21chr1_C_albicans_SC5314,Ca21chr1_C_albicans_SC5314,Ca21chr1_C_albicans_SC5314,Ca21chr1_C_albicans_SC5314,Ca21chr1_C_albicans_SC5314,Ca21chr1_C_albicans_SC5314,Ca21chr1_C_albicans_SC5314,Ca21chr1_C_albicans_SC5314,Ca21chr1_C_albicans_SC5314,Ca21chr1_C_albicans_SC5314,Ca21chr1_C_albicans_SC5314,Ca21chr1_C_albicans_SC5314,Ca21chr1_C_albicans_SC5314,Ca21chr1_C_albicans_SC5314,Ca21chr1_C_albicans_SC5314,Ca21chr1_C_albicans_SC5314,Ca21chr1_C_albicans_SC5314,Ca21chr1_C_albicans_SC5314,Ca21chr1_C_albicans_SC5314,Ca21chr1_C_albicans_SC5314,Ca21chr1_C_albicans_SC5314,Ca21chr1_C_albicans_SC5314,Ca21chr1_C_albicans_SC5314,Ca21chr1_C_albicans_SC5314,Ca21chr1_C_albicans_SC5314,Ca21chr1_C_albicans_SC5314,Ca21chr1_C_albicans_SC5314,Ca21chr1_C_albicans_SC5314,Ca21chr1_C_albicans_SC5314,Ca21chr1_C_albicans_SC5314,Ca21chr1_C_albicans_SC5314,Ca21chr1_C_albicans_SC5314,Ca21chr1_C_albicans_SC5314,Ca21chr1_C_albicans_SC5314,Ca21chr1_C_albicans_SC5314,Ca21chr1_C_albicans_SC5314,Ca21chr1_C_albicans_SC5314,Ca21chr1_C_albicans_SC5314,Ca21chr1_C_albicans_SC5314,Ca21chr1_C_albicans_SC5314,Ca21chr1_C_albicans_SC5314,Ca21chr1_C_albicans_SC5314,Ca21chr1_C_albicans_SC5314,Ca21chr1_C_albicans_SC5314,Ca21chr1_C_albicans_SC5314,Ca21chr1_C_albicans_SC5314,Ca21chr1_C_albicans_SC5314,Ca21chr1_C_albicans_SC5314,Ca21chr1_C_albicans_SC5314,Ca21chr1_C_albicans_SC5314,Ca21chr1_C_albicans_SC5314,Ca21chr1_C_albicans_SC5314,Ca21chr1_C_albicans_SC5314,Ca21chr1_C_albicans_SC5314,Ca21chr1_C_albicans_SC5314,Ca21chr1_C_albicans_SC5314,Ca21chr1_C_albicans_SC5314,Ca21chr1_C_albicans_SC5314,Ca21chr1_C_albicans_SC5314,Ca21chr1_C_albicans_SC5314,Ca21chr1_C_albicans_SC5314,Ca21chr1_C_albicans_SC5314,Ca21chr1_C_albicans_SC5314,Ca21chr1_C_albicans_SC5314,Ca21chr1_C_albicans_SC5314,Ca21chr1_C_albicans_SC5314,Ca21chr1_C_albicans_SC5314,Ca21chr1_C_albicans_SC5314,Ca21chr1_C_albicans_SC5314,Ca21chr1_C_albicans_SC5314,Ca21chr1_C_albicans_SC5314,Ca21chr1_C_albicans_SC5314,Ca21chr1_C_albicans_SC5314,Ca21chr1_C_albicans_SC5314,Ca21chr1_C_albicans_SC5314,Ca21chr1_C_albicans_SC5314,Ca21chr1_C_albicans_SC5314,Ca21chr1_C_albicans_SC5314,Ca21chr1_C_albicans_SC5314,Ca21chr1_C_albicans_SC5314,Ca21chr1_C_albicans_SC5314,Ca21chr1_C_albicans_SC5314,Ca21chr1_C_albicans_SC5314,Ca21chr1_C_albicans_SC5314,Ca21chr1_C_albicans_SC5314,Ca21chr1_C_albicans_SC5314,Ca21chr1_C_albicans_SC5314,Ca21chr1_C_albicans_SC5314,Ca21chr1_C_albicans_SC5314,Ca21chr1_C_albicans_SC5314,Ca21chr1_C_albicans_SC5314,Ca21chr1_C_albicans_SC5314,Ca21chr1_C_albicans_SC5314,Ca21chr1_C_albicans_SC5314,Ca21chr1_C_albicans_SC5314,Ca21chr1_C_albicans_SC5314,Ca21chr1_C_albicans_SC5314,Ca21chr1_C_albicans_SC5314,Ca21chr1_C_albicans_SC5314,Ca21chr1_C_albicans_SC5314,Ca21chr1_C_albicans_SC5314,Ca21chr1_C_albicans_SC5314,Ca21chr1_C_albicans_SC5314,Ca21chr1_C_albicans_SC5314,Ca21chr1_C_albicans_SC5314,Ca21chr1_C_albicans_SC5314,Ca21chr1_C_albicans_SC5314,Ca21chr1_C_albicans_SC5314,Ca21chr1_C_albicans_SC5314,Ca21chr1_C_albicans_SC5314,Ca21chr1_C_albicans_SC5314,Ca21chr1_C_albicans_SC5314,Ca21chr1_C_albicans_SC5314,Ca21chr1_C_albicans_SC5314,Ca21chr1_C_albicans_SC5314,Ca21chr1_C_albicans_SC5314,Ca21chr1_C_albicans_SC5314,Ca21chr1_C_albicans_SC5314,Ca21chr1_C_albicans_SC5314,Ca21chr1_C_albicans_SC5314,Ca21chr1_C_albicans_SC5314,Ca21chr1_C_albicans_SC5314,Ca21chr1_C_albicans_SC5314,Ca21chr1_C_albicans_SC5314,Ca21chr1_C_albicans_SC5314,Ca21chr1_C_albicans_SC5314,Ca21chr1_C_albicans_SC5314,Ca21chr1_C_albicans_SC5314,Ca21chr1_C_albicans_SC5314,Ca21chr1_C_albicans_SC5314,Ca21chr1_C_albicans_SC5314,Ca21chr1_C_albicans_SC5314,Ca21chr1_C_albicans_SC5314,Ca21chr1_C_albicans_SC5314,Ca21chr1_C_albicans_SC5314,Ca21chr1_C_albicans_SC5314,Ca21chr1_C_albicans_SC5314,Ca21chr1_C_albicans_SC5314,Ca21chr1_C_albicans_SC5314,Ca21chr1_C_albicans_SC5314,Ca21chr1_C_albicans_SC5314,Ca21chr1_C_albicans_SC5314,Ca21chr1_C_albicans_SC5314,Ca21chr1_C_albicans_SC5314,Ca21chr1_C_albicans_SC5314,Ca21chr1_C_albicans_SC5314,Ca21chr1_C_albicans_SC5314,Ca21chr1_C_albicans_SC5314,Ca21chr1_C_albicans_SC5314,Ca21chr1_C_albicans_SC5314,Ca21chr1_C_albicans_SC5314,Ca21chr1_C_albicans_SC5314,Ca21chr1_C_albicans_SC5314,Ca21chr1_C_albicans_SC5314,Ca21chr1_C_albicans_SC5314,Ca21chr1_C_albicans_SC5314,Ca21chr1_C_albicans_SC5314,Ca21chr1_C_albicans_SC5314,Ca21chr1_C_albicans_SC5314,Ca21chr1_C_albicans_SC5314,Ca21chr1_C_albicans_SC5314,Ca21chr1_C_albicans_SC5314,Ca21chr1_C_albicans_SC5314,Ca21chr1_C_albicans_SC5314,Ca21chr1_C_albicans_SC5314,Ca21chr1_C_albicans_SC5314,Ca21chr1_C_albicans_SC5314,Ca21chr1_C_albicans_SC5314,Ca21chr1_C_albicans_SC5314,Ca21chr1_C_albicans_SC5314,Ca21chr1_C_albicans_SC5314,Ca21chr1_C_albicans_SC5314,Ca21chr1_C_albicans_SC5314,Ca21chr1_C_albicans_SC5314,Ca21chr1_C_albicans_SC5314,Ca21chr1_C_albicans_SC5314,Ca21chr1_C_albicans_SC5314,Ca21chr1_C_albicans_SC5314,Ca21chr1_C_albicans_SC5314,Ca21chr1_C_albicans_SC5314,Ca21chr1_C_albicans_SC5314,Ca21chr1_C_albicans_SC5314,Ca21chr1_C_albicans_SC5314,Ca21chr1_C_albicans_SC5314,Ca21chr1_C_albicans_SC5314,Ca21chr1_C_albicans_SC5314,Ca21chr1_C_albicans_SC5314,Ca21chr1_C_albicans_SC5314,Ca21chr1_C_albicans_SC5314,Ca21chr1_C_albicans_SC5314,Ca21chr1_C_albicans_SC5314,Ca21chr1_C_albicans_SC5314,Ca21chr1_C_albicans_SC5314,Ca21chr1_C_albicans_SC5314,Ca21chr1_C_albicans_SC5314,Ca21chr1_C_albicans_SC5314,Ca21chr1_C_albicans_SC5314,Ca21chr1_C_albicans_SC5314,Ca21chr1_C_albicans_SC5314,Ca21chr1_C_albicans_SC5314,Ca21chr1_C_albicans_SC5314,Ca21chr1_C_albicans_SC5314,Ca21chr1_C_albicans_SC5314,Ca21chr1_C_albicans_SC5314,Ca21chr1_C_albicans_SC5314,Ca21chr1_C_albicans_SC5314,Ca21chr1_C_albicans_SC5314,Ca21chr1_C_albicans_SC5314,Ca21chr1_C_albicans_SC5314,Ca21chr1_C_albicans_SC5314,Ca21chr1_C_albicans_SC5314,Ca21chr1_C_albicans_SC5314,Ca21chr1_C_albicans_SC5314,Ca21chr1_C_albicans_SC5314,Ca21chr1_C_albicans_SC5314,Ca21chr1_C_albicans_SC5314,Ca21chr1_C_albicans_SC5314,Ca21chr1_C_albicans_SC5314,Ca21chr1_C_albicans_SC5314,Ca21chr1_C_albicans_SC5314,Ca21chr1_C_albicans_SC5314,Ca21chr1_C_albicans_SC5314,Ca21chr1_C_albicans_SC5314,Ca21chr1_C_albicans_SC5314,Ca21chr1_C_albicans_SC5314,Ca21chr1_C_albicans_SC5314,Ca21chr1_C_albicans_SC5314,Ca21chr1_C_albicans_SC5314,Ca21chr1_C_albicans_SC5314,Ca21chr1_C_albicans_SC5314,Ca21chr1_C_albicans_SC5314,Ca21chr1_C_albicans_SC5314,Ca21chr1_C_albicans_SC5314,Ca21chr1_C_albicans_SC5314,Ca21chr1_C_albicans_SC5314,Ca21chr1_C_albicans_SC5314,Ca21chr1_C_albicans_SC5314,Ca21chr1_C_albicans_SC5314,Ca21chr1_C_albicans_SC5314,Ca21chr1_C_albicans_SC5314,Ca21chr1_C_albicans_SC5314,Ca21chr1_C_albicans_SC5314,Ca21chr1_C_albicans_SC5314,Ca21chr1_C_albicans_SC5314,Ca21chr1_C_albicans_SC5314,Ca21chr1_C_albicans_SC5314,Ca21chr1_C_albicans_SC5314,Ca21chr1_C_albicans_SC5314,Ca21chr1_C_albicans_SC5314,Ca21chr1_C_albicans_SC5314,Ca21chr1_C_albicans_SC5314,Ca21chr1_C_albicans_SC5314,Ca21chr1_C_albicans_SC5314,Ca21chr1_C_albicans_SC5314,Ca21chr1_C_albicans_SC5314,Ca21chr1_C_albicans_SC5314,Ca21chr1_C_albicans_SC5314,Ca21chr1_C_albicans_SC5314,Ca21chr1_C_albicans_SC5314,Ca21chr1_C_albicans_SC5314,Ca21chr1_C_albicans_SC5314,Ca21chr1_C_albicans_SC5314,Ca21chr1_C_albicans_SC5314,Ca21chr1_C_albicans_SC5314,Ca21chr1_C_albicans_SC5314,Ca21chr1_C_albicans_SC5314,Ca21chr1_C_albicans_SC5314,Ca21chr1_C_albicans_SC5314,Ca21chr1_C_albicans_SC5314,Ca21chr1_C_albicans_SC5314,Ca21chr1_C_albicans_SC5314,Ca21chr1_C_albicans_SC5314,Ca21chr1_C_albicans_SC5314,Ca21chr1_C_albicans_SC5314,Ca21chr1_C_albicans_SC5314,Ca21chr1_C_albicans_SC5314,Ca21chr1_C_albicans_SC5314,Ca21chr1_C_albicans_SC5314,Ca21chr1_C_albicans_SC5314,Ca21chr1_C_albicans_SC5314,Ca21chr1_C_albicans_SC5314,Ca21chr1_C_albicans_SC5314,Ca21chr1_C_albicans_SC5314,Ca21chr1_C_albicans_SC5314,Ca21chr1_C_albicans_SC5314,Ca21chr1_C_albicans_SC5314,Ca21chr1_C_albicans_SC5314,Ca21chr1_C_albicans_SC5314,Ca21chr1_C_albicans_SC5314,Ca21chr1_C_albicans_SC5314,Ca21chr1_C_albicans_SC5314,Ca21chr1_C_albicans_SC5314,Ca21chr1_C_albicans_SC5314,Ca21chr1_C_albicans_SC5314,Ca21chr1_C_albicans_SC5314,Ca21chr1_C_albicans_SC5314,Ca21chr1_C_albicans_SC5314,Ca21chr1_C_albicans_SC5314,Ca21chr1_C_albicans_SC5314,Ca21chr1_C_albicans_SC5314,Ca21chr1_C_albicans_SC5314,Ca21chr1_C_albicans_SC5314,Ca21chr1_C_albicans_SC5314,Ca21chr1_C_albicans_SC5314,Ca21chr1_C_albicans_SC5314,Ca21chr1_C_albicans_SC5314,Ca21chr1_C_albicans_SC5314,Ca21chr1_C_albicans_SC5314,Ca21chr1_C_albicans_SC5314,Ca21chr1_C_albicans_SC5314,Ca21chr1_C_albicans_SC5314,Ca21chr1_C_albicans_SC5314,Ca21chr1_C_albicans_SC5314,Ca21chr1_C_albicans_SC5314,Ca21chr1_C_albicans_SC5314,Ca21chr1_C_albicans_SC5314,Ca21chr1_C_albicans_SC5314,Ca21chr1_C_albicans_SC5314,Ca21chr1_C_albicans_SC5314,Ca21chr1_C_albicans_SC5314,Ca21chr1_C_albicans_SC5314,Ca21chr1_C_albicans_SC5314,Ca21chr1_C_albicans_SC5314,Ca21chr1_C_albicans_SC5314,Ca21chr1_C_albicans_SC5314,Ca21chr1_C_albicans_SC5314,Ca21chr1_C_albicans_SC5314,Ca21chr1_C_albicans_SC5314,Ca21chr1_C_albicans_SC5314,Ca21chr1_C_albicans_SC5314,Ca21chr1_C_albicans_SC5314,Ca21chr1_C_albicans_SC5314,Ca21chr1_C_albicans_SC5314,Ca21chr1_C_albicans_SC5314,Ca21chr1_C_albicans_SC5314,Ca21chr1_C_albicans_SC5314,Ca21chr1_C_albicans_SC5314,Ca21chr1_C_albicans_SC5314,Ca21chr1_C_albicans_SC5314,Ca21chr1_C_albicans_SC5314,Ca21chr1_C_albicans_SC5314,Ca21chr1_C_albicans_SC5314,Ca21chr1_C_albicans_SC5314,Ca21chr1_C_albicans_SC5314,Ca21chr1_C_albicans_SC5314,Ca21chr1_C_albicans_SC5314,Ca21chr1_C_albicans_SC5314,Ca21chr1_C_albicans_SC5314,Ca21chr1_C_albicans_SC5314,Ca21chr1_C_albicans_SC5314,Ca21chr1_C_albicans_SC5314,Ca21chr1_C_albicans_SC5314,Ca21chr1_C_albicans_SC5314,Ca21chr1_C_albicans_SC5314,Ca21chr1_C_albicans_SC5314,Ca21chr1_C_albicans_SC5314,Ca21chr1_C_albicans_SC5314,Ca21chr1_C_albicans_SC5314,Ca21chr1_C_albicans_SC5314,Ca21chr1_C_albicans_SC5314,Ca21chr1_C_albicans_SC5314,Ca21chr1_C_albicans_SC5314,Ca21chr1_C_albicans_SC5314,Ca21chr1_C_albicans_SC5314,Ca21chr1_C_albicans_SC5314,Ca21chr1_C_albicans_SC5314,Ca21chr1_C_albicans_SC5314,Ca21chr1_C_albicans_SC5314,Ca21chr1_C_albicans_SC5314,Ca21chr1_C_albicans_SC5314,Ca21chr1_C_albicans_SC5314,Ca21chr1_C_albicans_SC5314,Ca21chr1_C_albicans_SC5314,Ca21chr1_C_albicans_SC5314,Ca21chr1_C_albicans_SC5314,Ca21chr1_C_albicans_SC5314,Ca21chr1_C_albicans_SC5314,Ca21chr1_C_albicans_SC5314,Ca21chr1_C_albicans_SC5314,Ca21chr1_C_albicans_SC5314,Ca21chr1_C_albicans_SC5314,Ca21chr1_C_albicans_SC5314,Ca21chr1_C_albicans_SC5314,Ca21chr1_C_albicans_SC5314,Ca21chr1_C_albicans_SC5314,Ca21chr1_C_albicans_SC5314,Ca21chr1_C_albicans_SC5314,Ca21chr1_C_albicans_SC5314,Ca21chr1_C_albicans_SC5314,Ca21chr1_C_albicans_SC5314,Ca21chr1_C_albicans_SC5314,Ca21chr1_C_albicans_SC5314,Ca21chr1_C_albicans_SC5314,Ca21chr1_C_albicans_SC5314,Ca21chr1_C_albicans_SC5314,Ca21chr1_C_albicans_SC5314,Ca21chr1_C_albicans_SC5314,Ca21chr1_C_albicans_SC5314,Ca21chr1_C_albicans_SC5314,Ca21chr1_C_albicans_SC5314,Ca21chr1_C_albicans_SC5314,Ca21chr1_C_albicans_SC5314,Ca21chr1_C_albicans_SC5314,Ca21chr1_C_albicans_SC5314,Ca21chr1_C_albicans_SC5314,Ca21chr1_C_albicans_SC5314,Ca21chr1_C_albicans_SC5314,Ca21chr1_C_albicans_SC5314,Ca21chr1_C_albicans_SC5314,Ca21chr1_C_albicans_SC5314,Ca21chr1_C_albicans_SC5314,Ca21chr1_C_albicans_SC5314,Ca21chr1_C_albicans_SC5314,Ca21chr1_C_albicans_SC5314,Ca21chr1_C_albicans_SC5314,Ca21chr1_C_albicans_SC5314,Ca21chr1_C_albicans_SC5314,Ca21chr1_C_albicans_SC5314,Ca21chr1_C_albicans_SC5314,Ca21chr1_C_albicans_SC5314,Ca21chr1_C_albicans_SC5314,Ca21chr1_C_albicans_SC5314,Ca21chr1_C_albicans_SC5314,Ca21chr1_C_albicans_SC5314,Ca21chr1_C_albicans_SC5314,Ca21chr1_C_albicans_SC5314,Ca21chr1_C_albicans_SC5314,Ca21chr1_C_albicans_SC5314,Ca21chr1_C_albicans_SC5314,Ca21chr1_C_albicans_SC5314,Ca21chr1_C_albicans_SC5314,Ca21chr1_C_albicans_SC5314,Ca21chr1_C_albicans_SC5314,Ca21chr1_C_albicans_SC5314,Ca21chr1_C_albicans_SC5314,Ca21chr1_C_albicans_SC5314,Ca21chr1_C_albicans_SC5314,Ca21chr1_C_albicans_SC5314,Ca21chr1_C_albicans_SC5314,Ca21chr1_C_albicans_SC5314,Ca21chr1_C_albicans_SC5314,Ca21chr1_C_albicans_SC5314,Ca21chr1_C_albicans_SC5314,Ca21chr1_C_albicans_SC5314,Ca21chr1_C_albicans_SC5314,Ca21chr1_C_albicans_SC5314,Ca21chr1_C_albicans_SC5314,Ca21chr1_C_albicans_SC5314,Ca21chr1_C_albicans_SC5314,Ca21chr1_C_albicans_SC5314,Ca21chr1_C_albicans_SC5314,Ca21chr1_C_albicans_SC5314,Ca21chr1_C_albicans_SC5314,Ca21chr1_C_albicans_SC5314,Ca21chr1_C_albicans_SC5314,Ca21chr1_C_albicans_SC5314,Ca21chr1_C_albicans_SC5314,Ca21chr1_C_albicans_SC5314,Ca21chr1_C_albicans_SC5314,Ca21chr1_C_albicans_SC5314,Ca21chr1_C_albicans_SC5314,Ca21chr1_C_albicans_SC5314,Ca21chr1_C_albicans_SC5314,Ca21chr1_C_albicans_SC5314,Ca21chr1_C_albicans_SC5314,Ca21chr1_C_albicans_SC5314,Ca21chr1_C_albicans_SC5314,Ca21chr1_C_albicans_SC5314,Ca21chr1_C_albicans_SC5314,Ca21chr1_C_albicans_SC5314,Ca21chr1_C_albicans_SC5314,Ca21chr1_C_albicans_SC5314,Ca21chr1_C_albicans_SC5314,Ca21chr1_C_albicans_SC5314,Ca21chr1_C_albicans_SC5314,Ca21chr1_C_albicans_SC5314,Ca21chr1_C_albicans_SC5314,Ca21chr1_C_albicans_SC5314,Ca21chr1_C_albicans_SC5314,Ca21chr1_C_albicans_SC5314,Ca21chr1_C_albicans_SC5314,Ca21chr1_C_albicans_SC5314,Ca21chr1_C_albicans_SC5314,Ca21chr1_C_albicans_SC5314,Ca21chr1_C_albicans_SC5314,Ca21chr1_C_albicans_SC5314,Ca21chr1_C_albicans_SC5314,Ca21chr1_C_albicans_SC5314,Ca21chr1_C_albicans_SC5314,Ca21chr1_C_albicans_SC5314,Ca21chr1_C_albicans_SC5314,Ca21chr1_C_albicans_SC5314,Ca21chr1_C_albicans_SC5314,Ca21chr1_C_albicans_SC5314,Ca21chr1_C_albicans_SC5314,Ca21chr1_C_albicans_SC5314,Ca21chr1_C_albicans_SC5314,Ca21chr1_C_albicans_SC5314,Ca21chr1_C_albicans_SC5314,Ca21chr1_C_albicans_SC5314,Ca21chr1_C_albicans_SC5314,Ca21chr1_C_albicans_SC5314,Ca21chr1_C_albicans_SC5314,Ca21chr1_C_albicans_SC5314,Ca21chr1_C_albicans_SC5314,Ca21chr1_C_albicans_SC5314,Ca21chr1_C_albicans_SC5314,Ca21chr1_C_albicans_SC5314,Ca21chr1_C_albicans_SC5314,Ca21chr1_C_albicans_SC5314,Ca21chr1_C_albicans_SC5314,Ca21chr1_C_albicans_SC5314,Ca21chr1_C_albicans_SC5314,Ca21chr1_C_albicans_SC5314,Ca21chr1_C_albicans_SC5314,Ca21chr1_C_albicans_SC5314,Ca21chr1_C_albicans_SC5314,Ca21chr1_C_albicans_SC5314,Ca21chr1_C_albicans_SC5314,Ca21chr1_C_albicans_SC5314,Ca21chr1_C_albicans_SC5314,Ca21chr1_C_albicans_SC5314,Ca21chr1_C_albicans_SC5314,Ca21chr1_C_albicans_SC5314,Ca21chr1_C_albicans_SC5314,Ca21chr1_C_albicans_SC5314,Ca21chr1_C_albicans_SC5314,Ca21chr1_C_albicans_SC5314,Ca21chr1_C_albicans_SC5314,Ca21chr1_C_albicans_SC5314,Ca21chr1_C_albicans_SC5314,Ca21chr1_C_albicans_SC5314,Ca21chr1_C_albicans_SC5314,Ca21chr1_C_albicans_SC5314,Ca21chr1_C_albicans_SC5314,Ca21chr1_C_albicans_SC5314,Ca21chr1_C_albicans_SC5314,Ca21chr1_C_albicans_SC5314,Ca21chr1_C_albicans_SC5314,Ca21chr1_C_albicans_SC5314,Ca21chr1_C_albicans_SC5314,Ca21chr1_C_albicans_SC5314,Ca21chr1_C_albicans_SC5314,Ca21chr1_C_albicans_SC5314,Ca21chr1_C_albicans_SC5314,Ca21chr1_C_albicans_SC5314,Ca21chr1_C_albicans_SC5314,Ca21chr1_C_albicans_SC5314,Ca21chr1_C_albicans_SC5314,Ca21chr1_C_albicans_SC5314,Ca21chr1_C_albicans_SC5314,Ca21chr1_C_albicans_SC5314,Ca21chr1_C_albicans_SC5314,Ca21chr1_C_albicans_SC5314,Ca21chr1_C_albicans_SC5314,Ca21chr1_C_albicans_SC5314,Ca21chr1_C_albicans_SC5314,Ca21chr1_C_albicans_SC5314,Ca21chr1_C_albicans_SC5314,Ca21chr1_C_albicans_SC5314,Ca21chr1_C_albicans_SC5314,Ca21chr1_C_albicans_SC5314,Ca21chr1_C_albicans_SC5314,Ca21chr1_C_albicans_SC5314,Ca21chr1_C_albicans_SC5314,Ca21chr1_C_albicans_SC5314,Ca21chr1_C_albicans_SC5314,Ca21chr1_C_albicans_SC5314,Ca21chr1_C_albicans_SC5314,Ca21chr1_C_albicans_SC5314,Ca21chr1_C_albicans_SC5314,Ca21chr1_C_albicans_SC5314,Ca21chr1_C_albicans_SC5314,Ca21chr1_C_albicans_SC5314,Ca21chr1_C_albicans_SC5314,Ca21chr1_C_albicans_SC5314,Ca21chr1_C_albicans_SC5314,Ca21chr1_C_albicans_SC5314,Ca21chr1_C_albicans_SC5314,Ca21chr1_C_albicans_SC5314,Ca21chr1_C_albicans_SC5314,Ca21chr1_C_albicans_SC5314,Ca21chr1_C_albicans_SC5314,Ca21chr1_C_albicans_SC5314,Ca21chr1_C_albicans_SC5314,Ca21chr1_C_albicans_SC5314,Ca21chr1_C_albicans_SC5314,Ca21chr1_C_albicans_SC5314,Ca21chr1_C_albicans_SC5314,Ca21chr1_C_albicans_SC5314,Ca21chr1_C_albicans_SC5314,Ca21chr1_C_albicans_SC5314,Ca21chr1_C_albicans_SC5314,Ca21chr1_C_albicans_SC5314,Ca21chr1_C_albicans_SC5314,Ca21chr1_C_albicans_SC5314,Ca21chr1_C_albicans_SC5314,Ca21chr1_C_albicans_SC5314,Ca21chr1_C_albicans_SC5314,Ca21chr1_C_albicans_SC5314,Ca21chr1_C_albicans_SC5314,Ca21chr1_C_albicans_SC5314,Ca21chr1_C_albicans_SC5314,Ca21chr1_C_albicans_SC5314,Ca21chr1_C_albicans_SC5314,Ca21chr1_C_albicans_SC5314,Ca21chr1_C_albicans_SC5314,Ca21chr1_C_albicans_SC5314,Ca21chr1_C_albicans_SC5314,Ca21chr1_C_albicans_SC5314,Ca21chr1_C_albicans_SC5314,Ca21chr1_C_albicans_SC5314,Ca21chr1_C_albicans_SC5314,Ca21chr1_C_albicans_SC5314,Ca21chr1_C_albicans_SC5314,Ca21chr1_C_albicans_SC5314,Ca21chr1_C_albicans_SC5314,Ca21chr1_C_albicans_SC5314,Ca21chr1_C_albicans_SC5314,Ca21chr1_C_albicans_SC5314,Ca21chr1_C_albicans_SC5314,Ca21chr1_C_albicans_SC5314,Ca21chr1_C_albicans_SC5314,Ca21chr1_C_albicans_SC5314,Ca21chr1_C_albicans_SC5314,Ca21chr1_C_albicans_SC5314,Ca21chr1_C_albicans_SC5314,Ca21chr1_C_albicans_SC5314,Ca21chr1_C_albicans_SC5314,Ca21chr1_C_albicans_SC5314,Ca21chr1_C_albicans_SC5314,Ca21chr1_C_albicans_SC5314,Ca21chr1_C_albicans_SC5314,Ca21chr1_C_albicans_SC5314,Ca21chr1_C_albicans_SC5314,Ca21chr1_C_albicans_SC5314,Ca21chr1_C_albicans_SC5314,Ca21chr1_C_albicans_SC5314,Ca21chr1_C_albicans_SC5314,Ca21chr1_C_albicans_SC5314,Ca21chr1_C_albicans_SC5314,Ca21chr1_C_albicans_SC5314,Ca21chr1_C_albicans_SC5314,Ca21chr1_C_albicans_SC5314,Ca21chr1_C_albicans_SC5314,Ca21chr1_C_albicans_SC5314,Ca21chr1_C_albicans_SC5314,Ca21chr1_C_albicans_SC5314,Ca21chr1_C_albicans_SC5314,Ca21chr1_C_albicans_SC5314,Ca21chr1_C_albicans_SC5314,Ca21chr1_C_albicans_SC5314,Ca21chr1_C_albicans_SC5314,Ca21chr1_C_albicans_SC5314,Ca21chr1_C_albicans_SC5314,Ca21chr1_C_albicans_SC5314,Ca21chr1_C_albicans_SC5314,Ca21chr1_C_albicans_SC5314,Ca21chr1_C_albicans_SC5314,Ca21chr1_C_albicans_SC5314,Ca21chr1_C_albicans_SC5314,Ca21chr1_C_albicans_SC5314,Ca21chr1_C_albicans_SC5314,Ca21chr1_C_albicans_SC5314,Ca21chr1_C_albicans_SC5314,Ca21chr1_C_albicans_SC5314,Ca21chr1_C_albicans_SC5314,Ca21chr1_C_albicans_SC5314,Ca21chr1_C_albicans_SC5314,Ca21chr1_C_albicans_SC5314,Ca21chr1_C_albicans_SC5314,Ca21chr1_C_albicans_SC5314,Ca21chr1_C_albicans_SC5314,Ca21chr1_C_albicans_SC5314,Ca21chr1_C_albicans_SC5314,Ca21chr1_C_albicans_SC5314,Ca21chr1_C_albicans_SC5314,Ca21chr1_C_albicans_SC5314,Ca21chr1_C_albicans_SC5314,Ca21chr1_C_albicans_SC5314,Ca21chr1_C_albicans_SC5314,Ca21chr1_C_albicans_SC5314,Ca21chr1_C_albicans_SC5314,Ca21chr1_C_albicans_SC5314,Ca21chr1_C_albicans_SC5314,Ca21chr1_C_albicans_SC5314,Ca21chr1_C_albicans_SC5314,Ca21chr1_C_albicans_SC5314,Ca21chr1_C_albicans_SC5314,Ca21chr1_C_albicans_SC5314,Ca21chr1_C_albicans_SC5314,Ca21chr1_C_albicans_SC5314,Ca21chr1_C_albicans_SC5314,Ca21chr1_C_albicans_SC5314,Ca21chr1_C_albicans_SC5314,Ca21chr1_C_albicans_SC5314,Ca21chr1_C_albicans_SC5314,Ca21chr1_C_albicans_SC5314,Ca21chr1_C_albicans_SC5314,Ca21chr1_C_albicans_SC5314,Ca21chr1_C_albicans_SC5314,Ca21chr1_C_albicans_SC5314,Ca21chr1_C_albicans_SC5314,Ca21chr1_C_albicans_SC5314,Ca21chr1_C_albicans_SC5314,Ca21chr1_C_albicans_SC5314,Ca21chr1_C_albicans_SC5314,Ca21chr1_C_albicans_SC5314,Ca21chr1_C_albicans_SC5314,Ca21chr1_C_albicans_SC5314,Ca21chr1_C_albicans_SC5314,Ca21chr1_C_albicans_SC5314,Ca21chr1_C_albicans_SC5314,Ca21chr1_C_albicans_SC5314,Ca21chr1_C_albicans_SC5314,Ca21chr1_C_albicans_SC5314,Ca21chr1_C_albicans_SC5314,Ca21chr1_C_albicans_SC5314,Ca21chr1_C_albicans_SC5314,Ca21chr1_C_albicans_SC5314,Ca21chr1_C_albicans_SC5314,Ca21chr1_C_albicans_SC5314,Ca21chr1_C_albicans_SC5314,Ca21chr1_C_albicans_SC5314,Ca21chr1_C_albicans_SC5314,Ca21chr1_C_albicans_SC5314,Ca21chr1_C_albicans_SC5314,Ca21chr1_C_albicans_SC5314,Ca21chr1_C_albicans_SC5314,Ca21chr1_C_albicans_SC5314,Ca21chr1_C_albicans_SC5314,Ca21chr1_C_albicans_SC5314,Ca21chr1_C_albicans_SC5314,Ca21chr1_C_albicans_SC5314,Ca21chr1_C_albicans_SC5314,Ca21chr1_C_albicans_SC5314,Ca21chr1_C_albicans_SC5314,Ca21chr1_C_albicans_SC5314,Ca21chr1_C_albicans_SC5314,Ca21chr1_C_albicans_SC5314,Ca21chr1_C_albicans_SC5314,Ca21chr1_C_albicans_SC5314,Ca21chr1_C_albicans_SC5314,Ca21chr1_C_albicans_SC5314,Ca21chr1_C_albicans_SC5314,Ca21chr1_C_albicans_SC5314,Ca21chr1_C_albicans_SC5314,Ca21chr1_C_albicans_SC5314,Ca21chr1_C_albicans_SC5314,Ca21chr1_C_albicans_SC5314,Ca21chr1_C_albicans_SC5314,Ca21chr1_C_albicans_SC5314,Ca21chr1_C_albicans_SC5314,Ca21chr1_C_albicans_SC5314,Ca21chr1_C_albicans_SC5314,Ca21chr1_C_albicans_SC5314,Ca21chr1_C_albicans_SC5314,Ca21chr1_C_albicans_SC5314,Ca21chr1_C_albicans_SC5314,Ca21chr1_C_albicans_SC5314,Ca21chr1_C_albicans_SC5314,Ca21chr1_C_albicans_SC5314,Ca21chr1_C_albicans_SC5314,Ca21chr1_C_albicans_SC5314,Ca21chr1_C_albicans_SC5314,Ca21chr1_C_albicans_SC5314,Ca21chr1_C_albicans_SC5314,Ca21chr1_C_albicans_SC5314,Ca21chr1_C_albicans_SC5314,Ca21chr1_C_albicans_SC5314,Ca21chr1_C_albicans_SC5314,Ca21chr1_C_albicans_SC5314,Ca21chr1_C_albicans_SC5314,Ca21chr1_C_albicans_SC5314,Ca21chr1_C_albicans_SC5314,Ca21chr1_C_albicans_SC5314,Ca21chr1_C_albicans_SC5314,Ca21chr1_C_albicans_SC5314,Ca21chr1_C_albicans_SC5314,Ca21chr1_C_albicans_SC5314,Ca21chr1_C_albicans_SC5314,Ca21chr1_C_albicans_SC5314,Ca21chr1_C_albicans_SC5314,Ca21chr1_C_albicans_SC5314,Ca21chr1_C_albicans_SC5314,Ca21chr1_C_albicans_SC5314,Ca21chr1_C_albicans_SC5314,Ca21chr1_C_albicans_SC5314,Ca21chr1_C_albicans_SC5314,Ca21chr1_C_albicans_SC5314,Ca21chr1_C_albicans_SC5314,Ca21chr1_C_albicans_SC5314,Ca21chr1_C_albicans_SC5314,Ca21chr1_C_albicans_SC5314,Ca21chr1_C_albicans_SC5314,Ca21chr1_C_albicans_SC5314,Ca21chr1_C_albicans_SC5314,Ca21chr1_C_albicans_SC5314,Ca21chr1_C_albicans_SC5314,Ca21chr1_C_albicans_SC5314,Ca21chr1_C_albicans_SC5314,Ca21chr1_C_albicans_SC5314,Ca21chr1_C_albicans_SC5314,Ca21chr1_C_albicans_SC5314,Ca21chr1_C_albicans_SC5314,Ca21chr1_C_albicans_SC5314,Ca21chr1_C_albicans_SC5314,Ca21chr1_C_albicans_SC5314,Ca21chr1_C_albicans_SC5314,Ca21chr1_C_albicans_SC5314,Ca21chr1_C_albicans_SC5314,Ca21chr1_C_albicans_SC5314,Ca21chr1_C_albicans_SC5314,Ca21chr1_C_albicans_SC5314,Ca21chr1_C_albicans_SC5314,Ca21chr1_C_albicans_SC5314,Ca21chr1_C_albicans_SC5314,Ca21chr1_C_albicans_SC5314,Ca21chr1_C_albicans_SC5314,Ca21chr1_C_albicans_SC5314,Ca21chr1_C_albicans_SC5314,Ca21chr1_C_albicans_SC5314,Ca21chr1_C_albicans_SC5314,Ca21chr1_C_albicans_SC5314,Ca21chr1_C_albicans_SC5314,Ca21chr1_C_albicans_SC5314,Ca21chr1_C_albicans_SC5314,Ca21chr1_C_albicans_SC5314,Ca21chr1_C_albicans_SC5314,Ca21chr1_C_albicans_SC5314,Ca21chr1_C_albicans_SC5314,Ca21chr1_C_albicans_SC5314,Ca21chr1_C_albicans_SC5314,Ca21chr1_C_albicans_SC5314,Ca21chr1_C_albicans_SC5314,Ca21chr1_C_albicans_SC5314,Ca21chr1_C_albicans_SC5314,Ca21chr1_C_albicans_SC5314,Ca21chr1_C_albicans_SC5314,Ca21chr1_C_albicans_SC5314,Ca21chr1_C_albicans_SC5314,Ca21chr1_C_albicans_SC5314,Ca21chr1_C_albicans_SC5314,Ca21chr1_C_albicans_SC5314,Ca21chr1_C_albicans_SC5314,Ca21chr1_C_albicans_SC5314,Ca21chr1_C_albicans_SC5314,Ca21chr1_C_albicans_SC5314,Ca21chr1_C_albicans_SC5314,Ca21chr1_C_albicans_SC5314,Ca21chr1_C_albicans_SC5314,Ca21chr1_C_albicans_SC5314,Ca21chr1_C_albicans_SC5314,Ca21chr1_C_albicans_SC5314,Ca21chr1_C_albicans_SC5314,Ca21chr1_C_albicans_SC5314,Ca21chr1_C_albicans_SC5314,Ca21chr1_C_albicans_SC5314,Ca21chr1_C_albicans_SC5314,Ca21chr1_C_albicans_SC5314,Ca21chr1_C_albicans_SC5314,Ca21chr1_C_albicans_SC5314,Ca21chr1_C_albicans_SC5314,Ca21chr1_C_albicans_SC5314,Ca21chr1_C_albicans_SC5314,Ca21chr1_C_albicans_SC5314,Ca21chr1_C_albicans_SC5314,Ca21chr1_C_albicans_SC5314,Ca21chr1_C_albicans_SC5314,Ca21chr1_C_albicans_SC5314,Ca21chr1_C_albicans_SC5314,Ca21chr1_C_albicans_SC5314,Ca21chr1_C_albicans_SC5314,Ca21chr1_C_albicans_SC5314,Ca21chr1_C_albicans_SC5314,Ca21chr1_C_albicans_SC5314,Ca21chr1_C_albicans_SC5314,Ca21chr1_C_albicans_SC5314,Ca21chr1_C_albicans_SC5314,Ca21chr1_C_albicans_SC5314,Ca21chr1_C_albicans_SC5314,Ca21chr1_C_albicans_SC5314,Ca21chr1_C_albicans_SC5314,Ca21chr1_C_albicans_SC5314,Ca21chr1_C_albicans_SC5314,Ca21chr1_C_albicans_SC5314,Ca21chr1_C_albicans_SC5314,Ca21chr1_C_albicans_SC5314,Ca21chr1_C_albicans_SC5314,Ca21chr1_C_albicans_SC5314,Ca21chr1_C_albicans_SC5314,Ca21chr1_C_albicans_SC5314,Ca21chr1_C_albicans_SC5314,Ca21chr1_C_albicans_SC5314,Ca21chr1_C_albicans_SC5314,Ca21chr1_C_albicans_SC5314,Ca21chr1_C_albicans_SC5314,Ca21chr1_C_albicans_SC5314,Ca21chr1_C_albicans_SC5314,Ca21chr1_C_albicans_SC5314,Ca21chr1_C_albicans_SC5314,Ca21chr1_C_albicans_SC5314,Ca21chr1_C_albicans_SC5314,Ca21chr1_C_albicans_SC5314,Ca21chr1_C_albicans_SC5314,Ca21chr1_C_albicans_SC5314,Ca21chr1_C_albicans_SC5314,Ca21chr1_C_albicans_SC5314,Ca21chr1_C_albicans_SC5314,Ca21chr1_C_albicans_SC5314,Ca21chr1_C_albicans_SC5314,Ca21chr1_C_albicans_SC5314,Ca21chr1_C_albicans_SC5314,Ca21chr1_C_albicans_SC5314,Ca21chr1_C_albicans_SC5314,Ca21chr1_C_albicans_SC5314,Ca21chr1_C_albicans_SC5314,Ca21chr1_C_albicans_SC5314,Ca21chr1_C_albicans_SC5314,Ca21chr1_C_albicans_SC5314,Ca21chr1_C_albicans_SC5314,Ca21chr1_C_albicans_SC5314,Ca21chr1_C_albicans_SC5314,Ca21chr1_C_albicans_SC5314,Ca21chr1_C_albicans_SC5314,Ca21chr1_C_albicans_SC5314,Ca21chr1_C_albicans_SC5314,Ca21chr1_C_albicans_SC5314,Ca21chr1_C_albicans_SC5314,Ca21chr1_C_albicans_SC5314,Ca21chr1_C_albicans_SC5314,Ca21chr1_C_albicans_SC5314,Ca21chr1_C_albicans_SC5314,Ca21chr1_C_albicans_SC5314,Ca21chr1_C_albicans_SC5314,Ca21chr1_C_albicans_SC5314,Ca21chr1_C_albicans_SC5314,Ca21chr1_C_albicans_SC5314,Ca21chr1_C_albicans_SC5314,Ca21chr1_C_albicans_SC5314,Ca21chr1_C_albicans_SC5314,Ca21chr1_C_albicans_SC5314,Ca21chr1_C_albicans_SC5314,Ca21chr1_C_albicans_SC5314,Ca21chr1_C_albicans_SC5314,Ca21chr1_C_albicans_SC5314,Ca21chr1_C_albicans_SC5314,Ca21chr1_C_albicans_SC5314,Ca21chr1_C_albicans_SC5314,Ca21chr1_C_albicans_SC5314,Ca21chr1_C_albicans_SC5314,Ca21chr1_C_albicans_SC5314,Ca21chr1_C_albicans_SC5314,Ca21chr1_C_albicans_SC5314,Ca21chr1_C_albicans_SC5314,Ca21chr1_C_albicans_SC5314,Ca21chr1_C_albicans_SC5314,Ca21chr1_C_albicans_SC5314,Ca21chr1_C_albicans_SC5314,Ca21chr1_C_albicans_SC5314,Ca21chr1_C_albicans_SC5314,Ca21chr1_C_albicans_SC5314,Ca21chr1_C_albicans_SC5314,Ca21chr1_C_albicans_SC5314,Ca21chr1_C_albicans_SC5314,Ca21chr1_C_albicans_SC5314,Ca21chr1_C_albicans_SC5314,Ca21chr1_C_albicans_SC5314,Ca21chr1_C_albicans_SC5314,Ca21chr1_C_albicans_SC5314,Ca21chr1_C_albicans_SC5314,Ca21chr1_C_albicans_SC5314,Ca21chr1_C_albicans_SC5314,Ca21chr1_C_albicans_SC5314,Ca21chr1_C_albicans_SC5314,Ca21chr1_C_albicans_SC5314,Ca21chr1_C_albicans_SC5314,Ca21chr1_C_albicans_SC5314,Ca21chr1_C_albicans_SC5314,Ca21chr1_C_albicans_SC5314,Ca21chr1_C_albicans_SC5314,Ca21chr1_C_albicans_SC5314,Ca21chr1_C_albicans_SC5314,Ca21chr1_C_albicans_SC5314,Ca21chr1_C_albicans_SC5314,Ca21chr1_C_albicans_SC5314,Ca21chr1_C_albicans_SC5314,Ca21chr1_C_albicans_SC5314,Ca21chr1_C_albicans_SC5314,Ca21chr1_C_albicans_SC5314,Ca21chr1_C_albicans_SC5314,Ca21chr1_C_albicans_SC5314,Ca21chr1_C_albicans_SC5314,Ca21chr1_C_albicans_SC5314,Ca21chr1_C_albicans_SC5314,Ca21chr1_C_albicans_SC5314,Ca21chr1_C_albicans_SC5314,Ca21chr1_C_albicans_SC5314,Ca21chr1_C_albicans_SC5314,Ca21chr1_C_albicans_SC5314,Ca21chr1_C_albicans_SC5314,Ca21chr1_C_albicans_SC5314,Ca21chr1_C_albicans_SC5314,Ca21chr1_C_albicans_SC5314,Ca21chr1_C_albicans_SC5314,Ca21chr1_C_albicans_SC5314,Ca21chr1_C_albicans_SC5314,Ca21chr1_C_albicans_SC5314,Ca21chr1_C_albicans_SC5314,Ca21chr1_C_albicans_SC5314,Ca21chr1_C_albicans_SC5314,Ca21chr1_C_albicans_SC5314,Ca21chr1_C_albicans_SC5314,Ca21chr1_C_albicans_SC5314,Ca21chr1_C_albicans_SC5314,Ca21chr1_C_albicans_SC5314,Ca21chr1_C_albicans_SC5314,Ca21chr1_C_albicans_SC5314,Ca21chr1_C_albicans_SC5314,Ca21chr1_C_albicans_SC5314,Ca21chr1_C_albicans_SC5314,Ca21chr1_C_albicans_SC5314,Ca21chr1_C_albicans_SC5314,Ca21chr1_C_albicans_SC5314,Ca21chr1_C_albicans_SC5314,Ca21chr1_C_albicans_SC5314,Ca21chr1_C_albicans_SC5314,Ca21chr1_C_albicans_SC5314,Ca21chr1_C_albicans_SC5314,Ca21chr1_C_albicans_SC5314,Ca21chr1_C_albicans_SC5314,Ca21chr1_C_albicans_SC5314,Ca21chr1_C_albicans_SC5314,Ca21chr1_C_albicans_SC5314,Ca21chr1_C_albicans_SC5314,Ca21chr1_C_albicans_SC5314,Ca21chr1_C_albicans_SC5314,Ca21chr1_C_albicans_SC5314,Ca21chr1_C_albicans_SC5314,Ca21chr1_C_albicans_SC5314,Ca21chr1_C_albicans_SC5314,Ca21chr1_C_albicans_SC5314,Ca21chr1_C_albicans_SC5314,Ca21chr1_C_albicans_SC5314,Ca21chr1_C_albicans_SC5314,Ca21chr1_C_albicans_SC5314,Ca21chr1_C_albicans_SC5314,Ca21chr1_C_albicans_SC5314,Ca21chr1_C_albicans_SC5314,Ca21chr1_C_albicans_SC5314,Ca21chr1_C_albicans_SC5314,Ca21chr1_C_albicans_SC5314,Ca21chr1_C_albicans_SC5314,Ca21chr1_C_albicans_SC5314,Ca21chr1_C_albicans_SC5314,Ca21chr1_C_albicans_SC5314,Ca21chr1_C_albicans_SC5314,Ca21chr1_C_albicans_SC5314,Ca21chr1_C_albicans_SC5314,Ca21chr1_C_albicans_SC5314,Ca21chr1_C_albicans_SC5314,Ca21chr1_C_albicans_SC5314,Ca21chr1_C_albicans_SC5314,Ca21chr1_C_albicans_SC5314,Ca21chr1_C_albicans_SC5314,Ca21chr1_C_albicans_SC5314,Ca21chr1_C_albicans_SC5314,Ca21chr1_C_albicans_SC5314,Ca21chr1_C_albicans_SC5314,Ca21chr1_C_albicans_SC5314,Ca21chr1_C_albicans_SC5314,Ca21chr1_C_albicans_SC5314,Ca21chr1_C_albicans_SC5314,Ca21chr1_C_albicans_SC5314,Ca21chr1_C_albicans_SC5314,Ca21chr1_C_albicans_SC5314,Ca21chr1_C_albicans_SC5314,Ca21chr1_C_albicans_SC5314,Ca21chr1_C_albicans_SC5314,Ca21chr1_C_albicans_SC5314,Ca21chr1_C_albicans_SC5314,Ca21chr1_C_albicans_SC5314,Ca21chr1_C_albicans_SC5314,Ca21chr1_C_albicans_SC5314,Ca21chr1_C_albicans_SC5314,Ca21chr1_C_albicans_SC5314,Ca21chr1_C_albicans_SC5314,Ca21chr1_C_albicans_SC5314,Ca21chr1_C_albicans_SC5314,Ca21chr1_C_albicans_SC5314,Ca21chr1_C_albicans_SC5314,Ca21chr1_C_albicans_SC5314,Ca21chr1_C_albicans_SC5314,Ca21chr1_C_albicans_SC5314,Ca21chr1_C_albicans_SC5314,Ca21chr1_C_albicans_SC5314,Ca21chr1_C_albicans_SC5314,Ca21chr1_C_albicans_SC5314,Ca21chr1_C_albicans_SC5314,Ca21chr1_C_albicans_SC5314,Ca21chr1_C_albicans_SC5314,Ca21chr1_C_albicans_SC5314,Ca21chr1_C_albicans_SC5314,Ca21chr1_C_albicans_SC5314,Ca21chr1_C_albicans_SC5314,Ca21chr1_C_albicans_SC5314,Ca21chr1_C_albicans_SC5314,Ca21chr1_C_albicans_SC5314,Ca21chr1_C_albicans_SC5314,Ca21chr1_C_albicans_SC5314,Ca21chr1_C_albicans_SC5314,Ca21chr1_C_albicans_SC5314,Ca21chr1_C_albicans_SC5314,Ca21chr1_C_albicans_SC5314,Ca21chr1_C_albicans_SC5314,Ca21chr1_C_albicans_SC5314,Ca21chr1_C_albicans_SC5314,Ca21chr1_C_albicans_SC5314,Ca21chr1_C_albicans_SC5314,Ca21chr1_C_albicans_SC5314,Ca21chr1_C_albicans_SC5314,Ca21chr1_C_albicans_SC5314,Ca21chr1_C_albicans_SC5314,Ca21chr1_C_albicans_SC5314,Ca21chr1_C_albicans_SC5314,Ca21chr1_C_albicans_SC5314,Ca21chr1_C_albicans_SC5314,Ca21chr1_C_albicans_SC5314,Ca21chr1_C_albicans_SC5314,Ca21chr1_C_albicans_SC5314,Ca21chr1_C_albicans_SC5314,Ca21chr1_C_albicans_SC5314,Ca21chr1_C_albicans_SC5314,Ca21chr1_C_albicans_SC5314,Ca21chr1_C_albicans_SC5314,Ca21chr1_C_albicans_SC5314,Ca21chr1_C_albicans_SC5314,Ca21chr1_C_albicans_SC5314,Ca21chr1_C_albicans_SC5314,Ca21chr1_C_albicans_SC5314,Ca21chr1_C_albicans_SC5314,Ca21chr1_C_albicans_SC5314,Ca21chr1_C_albicans_SC5314,Ca21chr1_C_albicans_SC5314,Ca21chr1_C_albicans_SC5314,Ca21chr1_C_albicans_SC5314,Ca21chr1_C_albicans_SC5314,Ca21chr1_C_albicans_SC5314,Ca21chr1_C_albicans_SC5314,Ca21chr1_C_albicans_SC5314,Ca21chr1_C_albicans_SC5314,Ca21chr1_C_albicans_SC5314,Ca21chr1_C_albicans_SC5314,Ca21chr1_C_albicans_SC5314,Ca21chr1_C_albicans_SC5314,Ca21chr1_C_albicans_SC5314,Ca21chr1_C_albicans_SC5314,Ca21chr1_C_albicans_SC5314,Ca21chr1_C_albicans_SC5314,Ca21chr1_C_albicans_SC5314,Ca21chr1_C_albicans_SC5314,Ca21chr1_C_albicans_SC5314,Ca21chr1_C_albicans_SC5314,Ca21chr1_C_albicans_SC5314,Ca21chr1_C_albicans_SC5314,Ca21chr1_C_albicans_SC5314,Ca21chr1_C_albicans_SC5314,Ca21chr1_C_albicans_SC5314,Ca21chr1_C_albicans_SC5314,Ca21chr1_C_albicans_SC5314,Ca21chr1_C_albicans_SC5314,Ca21chr1_C_albicans_SC5314,Ca21chr1_C_albicans_SC5314,Ca21chr1_C_albicans_SC5314,Ca21chr1_C_albicans_SC5314,Ca21chr1_C_albicans_SC5314,Ca21chr1_C_albicans_SC5314,Ca21chr1_C_albicans_SC5314,Ca21chr1_C_albicans_SC5314,Ca21chr1_C_albicans_SC5314,Ca21chr1_C_albicans_SC5314,Ca21chr1_C_albicans_SC5314,Ca21chr1_C_albicans_SC5314,Ca21chr1_C_albicans_SC5314,Ca21chr1_C_albicans_SC5314,Ca21chr1_C_albicans_SC5314,Ca21chr1_C_albicans_SC5314,Ca21chr1_C_albicans_SC5314,Ca21chr1_C_albicans_SC5314,Ca21chr1_C_albicans_SC5314,Ca21chr1_C_albicans_SC5314,Ca21chr1_C_albicans_SC5314,Ca21chr1_C_albicans_SC5314,Ca21chr1_C_albicans_SC5314,Ca21chr1_C_albicans_SC5314,Ca21chr1_C_albicans_SC5314,Ca21chr1_C_albicans_SC5314,Ca21chr1_C_albicans_SC5314,Ca21chr1_C_albicans_SC5314,Ca21chr1_C_albicans_SC5314,Ca21chr1_C_albicans_SC5314,Ca21chr1_C_albicans_SC5314,Ca21chr1_C_albicans_SC5314,Ca21chr1_C_albicans_SC5314,Ca21chr1_C_albicans_SC5314,Ca21chr1_C_albicans_SC5314,Ca21chr1_C_albicans_SC5314,Ca21chr1_C_albicans_SC5314,Ca21chr1_C_albicans_SC5314,Ca21chr1_C_albicans_SC5314,Ca21chr1_C_albicans_SC5314,Ca21chr1_C_albicans_SC5314,Ca21chr1_C_albicans_SC5314,Ca21chr1_C_albicans_SC5314,Ca21chr1_C_albicans_SC5314,Ca21chr1_C_albicans_SC5314,Ca21chr1_C_albicans_SC5314,Ca21chr1_C_albicans_SC5314,Ca21chr1_C_albicans_SC5314,Ca21chr1_C_albicans_SC5314,Ca21chr1_C_albicans_SC5314,Ca21chr1_C_albicans_SC5314,Ca21chr1_C_albicans_SC5314,Ca21chr1_C_albicans_SC5314,Ca21chr1_C_albicans_SC5314,Ca21chr1_C_albicans_SC5314,Ca21chr1_C_albicans_SC5314,Ca21chr1_C_albicans_SC5314,Ca21chr1_C_albicans_SC5314,Ca21chr1_C_albicans_SC5314,Ca21chr1_C_albicans_SC5314,Ca21chr1_C_albicans_SC5314,Ca21chr1_C_albicans_SC5314,Ca21chr1_C_albicans_SC5314,Ca21chr1_C_albicans_SC5314,Ca21chr1_C_albicans_SC5314,Ca21chr1_C_albicans_SC5314,Ca21chr1_C_albicans_SC5314,Ca21chr1_C_albicans_SC5314,Ca21chr1_C_albicans_SC5314,Ca21chr1_C_albicans_SC5314,Ca21chr1_C_albicans_SC5314,Ca21chr1_C_albicans_SC5314,Ca21chr1_C_albicans_SC5314,Ca21chr1_C_albicans_SC5314,Ca21chr1_C_albicans_SC5314,Ca21chr1_C_albicans_SC5314,Ca21chr1_C_albicans_SC5314,Ca21chr1_C_albicans_SC5314,Ca21chr1_C_albicans_SC5314,Ca21chr1_C_albicans_SC5314,Ca21chr1_C_albicans_SC5314,Ca21chr1_C_albicans_SC5314,Ca21chr1_C_albicans_SC5314,Ca21chr1_C_albicans_SC5314,Ca21chr1_C_albicans_SC5314,Ca21chr1_C_albicans_SC5314,Ca21chr1_C_albicans_SC5314,Ca21chr1_C_albicans_SC5314,Ca21chr1_C_albicans_SC5314,Ca21chr1_C_albicans_SC5314,Ca21chr1_C_albicans_SC5314,Ca21chr1_C_albicans_SC5314,Ca21chr1_C_albicans_SC5314,Ca21chr1_C_albicans_SC5314,Ca21chr1_C_albicans_SC5314,Ca21chr1_C_albicans_SC5314,Ca21chr1_C_albicans_SC5314,Ca21chr1_C_albicans_SC5314,Ca21chr1_C_albicans_SC5314,Ca21chr1_C_albicans_SC5314,Ca21chr1_C_albicans_SC5314,Ca21chr1_C_albicans_SC5314,Ca21chr1_C_albicans_SC5314,Ca21chr1_C_albicans_SC5314,Ca21chr1_C_albicans_SC5314,Ca21chr1_C_albicans_SC5314,Ca21chr1_C_albicans_SC5314,Ca21chr1_C_albicans_SC5314,Ca21chr1_C_albicans_SC5314,Ca21chr1_C_albicans_SC5314,Ca21chr1_C_albicans_SC5314,Ca21chr1_C_albicans_SC5314,Ca21chr1_C_albicans_SC5314,Ca21chr1_C_albicans_SC5314,Ca21chr1_C_albicans_SC5314,Ca21chr1_C_albicans_SC5314,Ca21chr1_C_albicans_SC5314,Ca21chr1_C_albicans_SC5314,Ca21chr1_C_albicans_SC5314,Ca21chr1_C_albicans_SC5314,Ca21chr1_C_albicans_SC5314,Ca21chr1_C_albicans_SC5314,Ca21chr1_C_albicans_SC5314,Ca21chr1_C_albicans_SC5314,Ca21chr1_C_albicans_SC5314,Ca21chr1_C_albicans_SC5314,Ca21chr1_C_albicans_SC5314,Ca21chr1_C_albicans_SC5314,Ca21chr1_C_albicans_SC5314,Ca21chr1_C_albicans_SC5314,Ca21chr1_C_albicans_SC5314,Ca21chr1_C_albicans_SC5314,Ca21chr1_C_albicans_SC5314,Ca21chr1_C_albicans_SC5314,Ca21chr1_C_albicans_SC5314,Ca21chr1_C_albicans_SC5314,Ca21chr1_C_albicans_SC5314,Ca21chr1_C_albicans_SC5314,Ca21chr1_C_albicans_SC5314,Ca21chr1_C_albicans_SC5314,Ca21chr1_C_albicans_SC5314,Ca21chr1_C_albicans_SC5314,Ca21chr1_C_albicans_SC5314,Ca21chr1_C_albicans_SC5314,Ca21chr1_C_albicans_SC5314,Ca21chr1_C_albicans_SC5314,Ca21chr1_C_albicans_SC5314,Ca21chr1_C_albicans_SC5314,Ca21chr1_C_albicans_SC5314,Ca21chr1_C_albicans_SC5314,Ca21chr1_C_albicans_SC5314,Ca21chr1_C_albicans_SC5314,Ca21chr1_C_albicans_SC5314,Ca21chr1_C_albicans_SC5314,Ca21chr1_C_albicans_SC5314,Ca21chr1_C_albicans_SC5314,Ca21chr1_C_albicans_SC5314,Ca21chr1_C_albicans_SC5314,Ca21chr1_C_albicans_SC5314,Ca21chr1_C_albicans_SC5314,Ca21chr1_C_albicans_SC5314,Ca21chr1_C_albicans_SC5314,Ca21chr1_C_albicans_SC5314,Ca21chr1_C_albicans_SC5314,Ca21chr1_C_albicans_SC5314,Ca21chr1_C_albicans_SC5314,Ca21chr1_C_albicans_SC5314,Ca21chr1_C_albicans_SC5314,Ca21chr1_C_albicans_SC5314,Ca21chr1_C_albicans_SC5314,Ca21chr1_C_albicans_SC5314,Ca21chr1_C_albicans_SC5314,Ca21chr1_C_albicans_SC5314,Ca21chr1_C_albicans_SC5314,Ca21chr1_C_albicans_SC5314,Ca21chr1_C_albicans_SC5314,Ca21chr1_C_albicans_SC5314,Ca21chr1_C_albicans_SC5314,Ca21chr1_C_albicans_SC5314,Ca21chr1_C_albicans_SC5314,Ca21chr1_C_albicans_SC5314,Ca21chr1_C_albicans_SC5314,Ca21chr1_C_albicans_SC5314,Ca21chr1_C_albicans_SC5314,Ca21chr1_C_albicans_SC5314,Ca21chr1_C_albicans_SC5314,Ca21chr1_C_albicans_SC5314,Ca21chr1_C_albicans_SC5314,Ca21chr1_C_albicans_SC5314,Ca21chr1_C_albicans_SC5314,Ca21chr1_C_albicans_SC5314,Ca21chr1_C_albicans_SC5314,Ca21chr1_C_albicans_SC5314,Ca21chr1_C_albicans_SC5314,Ca21chr1_C_albicans_SC5314,Ca21chr1_C_albicans_SC5314,Ca21chr1_C_albicans_SC5314,Ca21chr1_C_albicans_SC5314,Ca21chr1_C_albicans_SC5314,Ca21chr1_C_albicans_SC5314,Ca21chr1_C_albicans_SC5314,Ca21chr1_C_albicans_SC5314,Ca21chr1_C_albicans_SC5314,Ca21chr1_C_albicans_SC5314,Ca21chr1_C_albicans_SC5314,Ca21chr1_C_albicans_SC5314,Ca21chr1_C_albicans_SC5314,Ca21chr1_C_albicans_SC5314,Ca21chr1_C_albicans_SC5314,Ca21chr1_C_albicans_SC5314,Ca21chr1_C_albicans_SC5314,Ca21chr1_C_albicans_SC5314,Ca21chr1_C_albicans_SC5314,Ca21chr1_C_albicans_SC5314,Ca21chr1_C_albicans_SC5314,Ca21chr1_C_albicans_SC5314,Ca21chr1_C_albicans_SC5314,Ca21chr1_C_albicans_SC5314,Ca21chr1_C_albicans_SC5314,Ca21chr1_C_albicans_SC5314,Ca21chr1_C_albicans_SC5314,Ca21chr1_C_albicans_SC5314,Ca21chr2_C_albicans_SC5314,Ca21chr2_C_albicans_SC5314,Ca21chr2_C_albicans_SC5314,Ca21chr2_C_albicans_SC5314,Ca21chr3_C_albicans_SC5314,Ca21chr3_C_albicans_SC5314,Ca21chr3_C_albicans_SC5314,Ca21chr3_C_albicans_SC5314,Ca21chr3_C_albicans_SC5314,Ca21chr3_C_albicans_SC5314,Ca21chr3_C_albicans_SC5314,Ca21chr3_C_albicans_SC5314,Ca21chr3_C_albicans_SC5314,Ca21chr3_C_albicans_SC5314,Ca21chr3_C_albicans_SC5314,Ca21chr3_C_albicans_SC5314,Ca21chr3_C_albicans_SC5314,Ca21chr3_C_albicans_SC5314,Ca21chr3_C_albicans_SC5314,Ca21chr3_C_albicans_SC5314,Ca21chr3_C_albicans_SC5314,Ca21chr3_C_albicans_SC5314,Ca21chr3_C_albicans_SC5314,Ca21chr4_C_albicans_SC5314,Ca21chr6_C_albicans_SC5314,Ca21chr6_C_albicans_SC5314,Ca21chr6_C_albicans_SC5314,Ca21chr6_C_albicans_SC5314,Ca21chr6_C_albicans_SC5314,Ca21chr6_C_albicans_SC5314,Ca21chr6_C_albicans_SC5314,Ca21chr6_C_albicans_SC5314,Ca21chr6_C_albicans_SC5314,Ca21chr6_C_albicans_SC5314,Ca21chr6_C_albicans_SC5314,Ca21chr6_C_albicans_SC5314,Ca21chr6_C_albicans_SC5314,Ca21chr6_C_albicans_SC5314,Ca21chr6_C_albicans_SC5314,Ca21chr6_C_albicans_SC5314,Ca21chr6_C_albicans_SC5314,Ca21chr6_C_albicans_SC5314,Ca21chr6_C_albicans_SC5314,Ca21chr6_C_albicans_SC5314,Ca21chr6_C_albicans_SC5314,Ca21chr6_C_albicans_SC5314,Ca21chr6_C_albicans_SC5314,Ca21chr6_C_albicans_SC5314,Ca21chr6_C_albicans_SC5314,Ca21chr6_C_albicans_SC5314,Ca21chr6_C_albicans_SC5314,Ca21chr6_C_albicans_SC5314,Ca21chr6_C_albicans_SC5314,Ca21chr6_C_albicans_SC5314,Ca21chr6_C_albicans_SC5314,Ca21chr6_C_albicans_SC5314,Ca21chr6_C_albicans_SC5314,Ca21chr6_C_albicans_SC5314,Ca21chr6_C_albicans_SC5314,Ca21chr6_C_albicans_SC5314,Ca21chr6_C_albicans_SC5314,Ca21chr6_C_albicans_SC5314,Ca21chr6_C_albicans_SC5314,Ca21chr6_C_albicans_SC5314,Ca21chr6_C_albicans_SC5314,Ca21chr6_C_albicans_SC5314,Ca21chr6_C_albicans_SC5314,Ca21chr6_C_albicans_SC5314,Ca21chr6_C_albicans_SC5314,Ca21chr6_C_albicans_SC5314,Ca21chr6_C_albicans_SC5314,Ca21chr6_C_albicans_SC5314,Ca21chr6_C_albicans_SC5314,Ca21chr6_C_albicans_SC5314,Ca21chr6_C_albicans_SC5314,Ca21chr6_C_albicans_SC5314,Ca21chr6_C_albicans_SC5314,Ca21chr6_C_albicans_SC5314,Ca21chr6_C_albicans_SC5314,Ca21chr6_C_albicans_SC5314,Ca21chr6_C_albicans_SC5314,Ca21chr6_C_albicans_SC5314,Ca21chr6_C_albicans_SC5314,Ca21chr6_C_albicans_SC5314,Ca21chr6_C_albicans_SC5314,Ca21chr6_C_albicans_SC5314,Ca21chr6_C_albicans_SC5314,Ca21chr6_C_albicans_SC5314,Ca21chr6_C_albicans_SC5314,Ca21chr6_C_albicans_SC5314,Ca21chr6_C_albicans_SC5314,Ca21chr6_C_albicans_SC5314,Ca21chr6_C_albicans_SC5314,Ca21chr6_C_albicans_SC5314,Ca21chr6_C_albicans_SC5314,Ca21chr6_C_albicans_SC5314,Ca21chr6_C_albicans_SC5314,Ca21chr6_C_albicans_SC5314,Ca21chr6_C_albicans_SC5314,Ca21chr6_C_albicans_SC5314,Ca21chr6_C_albicans_SC5314,Ca21chr6_C_albicans_SC5314,Ca21chr6_C_albicans_SC5314,Ca21chr6_C_albicans_SC5314,Ca21chr6_C_albicans_SC5314,Ca21chr6_C_albicans_SC5314,Ca21chr6_C_albicans_SC5314,Ca21chr6_C_albicans_SC5314,Ca21chr6_C_albicans_SC5314,Ca21chr6_C_albicans_SC5314,Ca21chr6_C_albicans_SC5314,Ca21chr6_C_albicans_SC5314,Ca21chr6_C_albicans_SC5314,Ca21chr6_C_albicans_SC5314,Ca21chr6_C_albicans_SC5314,Ca21chr6_C_albicans_SC5314,Ca21chr6_C_albicans_SC5314,Ca21chr6_C_albicans_SC5314,Ca21chr6_C_albicans_SC5314,Ca21chr6_C_albicans_SC5314,Ca21chr6_C_albicans_SC5314,Ca21chr6_C_albicans_SC5314,Ca21chr6_C_albicans_SC5314,Ca21chr6_C_albicans_SC5314,Ca21chr6_C_albicans_SC5314,Ca21chr6_C_albicans_SC5314,Ca21chr6_C_albicans_SC5314,Ca21chr6_C_albicans_SC5314,Ca21chr6_C_albicans_SC5314,Ca21chr6_C_albicans_SC5314,Ca21chr6_C_albicans_SC5314,Ca21chr6_C_albicans_SC5314,Ca21chr6_C_albicans_SC5314,Ca21chr6_C_albicans_SC5314,Ca21chr6_C_albicans_SC5314,Ca21chr6_C_albicans_SC5314,Ca21chr6_C_albicans_SC5314,Ca21chr6_C_albicans_SC5314,Ca21chr6_C_albicans_SC5314,Ca21chr6_C_albicans_SC5314,Ca21chr6_C_albicans_SC5314,Ca21chr6_C_albicans_SC5314,Ca21chr6_C_albicans_SC5314,Ca21chr6_C_albicans_SC5314,Ca21chr6_C_albicans_SC5314,Ca21chr6_C_albicans_SC5314,Ca21chr6_C_albicans_SC5314,Ca21chr6_C_albicans_SC5314,Ca21chr6_C_albicans_SC5314,Ca21chr6_C_albicans_SC5314,Ca21chr6_C_albicans_SC5314,Ca21chr6_C_albicans_SC5314,Ca21chr6_C_albicans_SC5314,Ca21chr6_C_albicans_SC5314,Ca21chr6_C_albicans_SC5314,Ca21chr6_C_albicans_SC5314,Ca21chr6_C_albicans_SC5314,Ca21chr6_C_albicans_SC5314,Ca21chr6_C_albicans_SC5314,Ca21chr6_C_albicans_SC5314,Ca21chr6_C_albicans_SC5314,Ca21chr6_C_albicans_SC5314,Ca21chr6_C_albicans_SC5314,Ca21chr6_C_albicans_SC5314,Ca21chr6_C_albicans_SC5314,Ca21chr6_C_albicans_SC5314,Ca21chr6_C_albicans_SC5314,Ca21chr6_C_albicans_SC5314,Ca21chr6_C_albicans_SC5314,Ca21chr6_C_albicans_SC5314,Ca21chr6_C_albicans_SC5314,Ca21chr6_C_albicans_SC5314,Ca21chr6_C_albicans_SC5314,Ca21chr6_C_albicans_SC5314,Ca21chr6_C_albicans_SC5314,Ca21chr6_C_albicans_SC5314,Ca21chr6_C_albicans_SC5314,Ca21chr6_C_albicans_SC5314,Ca21chr6_C_albicans_SC5314,Ca21chr6_C_albicans_SC5314,Ca21chr6_C_albicans_SC5314,Ca21chr6_C_albicans_SC5314,Ca21chr6_C_albicans_SC5314,Ca21chr6_C_albicans_SC5314,Ca21chr6_C_albicans_SC5314,Ca21chr6_C_albicans_SC5314,Ca21chr6_C_albicans_SC5314,Ca21chr6_C_albicans_SC5314,Ca21chr6_C_albicans_SC5314,Ca21chr6_C_albicans_SC5314,Ca21chr6_C_albicans_SC5314,Ca21chr6_C_albicans_SC5314,Ca21chr6_C_albicans_SC5314,Ca21chr6_C_albicans_SC5314,Ca21chr6_C_albicans_SC5314,Ca21chr6_C_albicans_SC5314,Ca21chr6_C_albicans_SC5314,Ca21chr6_C_albicans_SC5314,Ca21chr6_C_albicans_SC5314,Ca21chr6_C_albicans_SC5314,Ca21chr6_C_albicans_SC5314,Ca21chr6_C_albicans_SC5314,Ca21chr6_C_albicans_SC5314,Ca21chr6_C_albicans_SC5314,Ca21chr6_C_albicans_SC5314,Ca21chr6_C_albicans_SC5314,Ca21chr6_C_albicans_SC5314,Ca21chr6_C_albicans_SC5314,Ca21chr6_C_albicans_SC5314,Ca21chr6_C_albicans_SC5314,Ca21chr6_C_albicans_SC5314,Ca21chr6_C_albicans_SC5314,Ca21chr6_C_albicans_SC5314,Ca21chr6_C_albicans_SC5314,Ca21chr6_C_albicans_SC5314,Ca21chr6_C_albicans_SC5314,Ca21chr6_C_albicans_SC5314,Ca21chr6_C_albicans_SC5314,Ca21chr6_C_albicans_SC5314,Ca21chr6_C_albicans_SC5314,Ca21chr6_C_albicans_SC5314,Ca21chr6_C_albicans_SC5314,Ca21chr6_C_albicans_SC5314,Ca21chr6_C_albicans_SC5314,Ca21chr6_C_albicans_SC5314,Ca21chr6_C_albicans_SC5314,Ca21chr6_C_albicans_SC5314,Ca21chr6_C_albicans_SC5314,Ca21chr6_C_albicans_SC5314,Ca21chr6_C_albicans_SC5314,Ca21chr6_C_albicans_SC5314,Ca21chr6_C_albicans_SC5314,Ca21chr6_C_albicans_SC5314,Ca21chr6_C_albicans_SC5314,Ca21chr6_C_albicans_SC5314,Ca21chr6_C_albicans_SC5314,Ca21chr6_C_albicans_SC5314,Ca21chr6_C_albicans_SC5314,Ca21chr6_C_albicans_SC5314,Ca21chr6_C_albicans_SC5314,Ca21chr6_C_albicans_SC5314,Ca21chr6_C_albicans_SC5314,Ca21chr6_C_albicans_SC5314,Ca21chr6_C_albicans_SC5314,Ca21chr6_C_albicans_SC5314,Ca21chr6_C_albicans_SC5314,Ca21chr6_C_albicans_SC5314,Ca21chr6_C_albicans_SC5314,Ca21chr6_C_albicans_SC5314,Ca21chr6_C_albicans_SC5314,Ca21chr6_C_albicans_SC5314,Ca21chr6_C_albicans_SC5314,Ca21chr6_C_albicans_SC5314,Ca21chr6_C_albicans_SC5314,Ca21chr6_C_albicans_SC5314,Ca21chr6_C_albicans_SC5314,Ca21chr6_C_albicans_SC5314,Ca21chr6_C_albicans_SC5314,Ca21chr6_C_albicans_SC5314,Ca21chr6_C_albicans_SC5314,Ca21chr6_C_albicans_SC5314,Ca21chr6_C_albicans_SC5314,Ca21chr6_C_albicans_SC5314,Ca21chr6_C_albicans_SC5314,Ca21chr6_C_albicans_SC5314,Ca21chr6_C_albicans_SC5314,Ca21chr6_C_albicans_SC5314,Ca21chr6_C_albicans_SC5314,Ca21chr6_C_albicans_SC5314,Ca21chr6_C_albicans_SC5314,Ca21chr6_C_albicans_SC5314,Ca21chr6_C_albicans_SC5314,Ca21chr6_C_albicans_SC5314,Ca21chr6_C_albicans_SC5314,Ca21chr6_C_albicans_SC5314,Ca21chr6_C_albicans_SC5314,Ca21chr6_C_albicans_SC5314,Ca21chr6_C_albicans_SC5314,Ca21chr6_C_albicans_SC5314,Ca21chr6_C_albicans_SC5314,Ca21chr6_C_albicans_SC5314,Ca21chr6_C_albicans_SC5314,Ca21chr6_C_albicans_SC5314,Ca21chr6_C_albicans_SC5314,Ca21chr6_C_albicans_SC5314,Ca21chr6_C_albicans_SC5314,Ca21chr6_C_albicans_SC5314,Ca21chr6_C_albicans_SC5314,Ca21chr6_C_albicans_SC5314,Ca21chr6_C_albicans_SC5314,Ca21chr6_C_albicans_SC5314,Ca21chr6_C_albicans_SC5314,Ca21chr6_C_albicans_SC5314,Ca21chr6_C_albicans_SC5314,Ca21chr6_C_albicans_SC5314,Ca21chr6_C_albicans_SC5314,Ca21chr6_C_albicans_SC5314,Ca21chr6_C_albicans_SC5314,Ca21chr6_C_albicans_SC5314,Ca21chr6_C_albicans_SC5314,Ca21chr6_C_albicans_SC5314,Ca21chr6_C_albicans_SC5314,Ca21chr6_C_albicans_SC5314,Ca21chr6_C_albicans_SC5314,Ca21chr6_C_albicans_SC5314,Ca21chr6_C_albicans_SC5314,Ca21chr6_C_albicans_SC5314,Ca21chr6_C_albicans_SC5314,Ca21chr6_C_albicans_SC5314,Ca21chr6_C_albicans_SC5314,Ca21chr6_C_albicans_SC5314,Ca21chr6_C_albicans_SC5314,Ca21chr6_C_albicans_SC5314,Ca21chr6_C_albicans_SC5314,Ca21chr6_C_albicans_SC5314,Ca21chr6_C_albicans_SC5314,Ca21chr6_C_albicans_SC5314,Ca21chr6_C_albicans_SC5314,Ca21chr6_C_albicans_SC5314,Ca21chr6_C_albicans_SC5314,Ca21chr6_C_albicans_SC5314,Ca21chr6_C_albicans_SC5314,Ca21chr6_C_albicans_SC5314,Ca21chr6_C_albicans_SC5314,Ca21chr6_C_albicans_SC5314,Ca21chr6_C_albicans_SC5314,Ca21chr6_C_albicans_SC5314,Ca21chr6_C_albicans_SC5314,Ca21chr6_C_albicans_SC5314,Ca21chr6_C_albicans_SC5314,Ca21chr6_C_albicans_SC5314,Ca21chr6_C_albicans_SC5314,Ca21chr6_C_albicans_SC5314,Ca21chr6_C_albicans_SC5314,Ca21chr6_C_albicans_SC5314,Ca21chr6_C_albicans_SC5314,Ca21chr6_C_albicans_SC5314,Ca21chr6_C_albicans_SC5314,Ca21chr6_C_albicans_SC5314,Ca21chr6_C_albicans_SC5314,Ca21chr6_C_albicans_SC5314,Ca21chr6_C_albicans_SC5314,Ca21chr6_C_albicans_SC5314,Ca21chr6_C_albicans_SC5314,Ca21chr6_C_albicans_SC5314,Ca21chr6_C_albicans_SC5314,Ca21chr6_C_albicans_SC5314,Ca21chr6_C_albicans_SC5314,Ca21chr6_C_albicans_SC5314,Ca21chr6_C_albicans_SC5314,Ca21chr6_C_albicans_SC5314,Ca21chr6_C_albicans_SC5314,Ca21chr6_C_albicans_SC5314,Ca21chr6_C_albicans_SC5314,Ca21chr6_C_albicans_SC5314,Ca21chr6_C_albicans_SC5314,Ca21chr6_C_albicans_SC5314,Ca21chr6_C_albicans_SC5314,Ca21chr6_C_albicans_SC5314,Ca21chr6_C_albicans_SC5314,Ca21chr6_C_albicans_SC5314,Ca21chr6_C_albicans_SC5314,Ca21chr6_C_albicans_SC5314,Ca21chr6_C_albicans_SC5314,Ca21chr6_C_albicans_SC5314,Ca21chr6_C_albicans_SC5314,Ca21chr6_C_albicans_SC5314,Ca21chr6_C_albicans_SC5314,Ca21chr6_C_albicans_SC5314,Ca21chr6_C_albicans_SC5314,Ca21chr6_C_albicans_SC5314,Ca21chr6_C_albicans_SC5314,Ca21chr6_C_albicans_SC5314,Ca21chr6_C_albicans_SC5314,Ca21chr6_C_albicans_SC5314,Ca21chr6_C_albicans_SC5314,Ca21chr6_C_albicans_SC5314,Ca21chr6_C_albicans_SC5314,Ca21chr6_C_albicans_SC5314,Ca21chr6_C_albicans_SC5314,Ca21chr6_C_albicans_SC5314,Ca21chr6_C_albicans_SC5314,Ca21chr6_C_albicans_SC5314,Ca21chr6_C_albicans_SC5314,Ca21chr6_C_albicans_SC5314,Ca21chr6_C_albicans_SC5314,Ca21chr6_C_albicans_SC5314,Ca21chr6_C_albicans_SC5314,Ca21chr6_C_albicans_SC5314,Ca21chr6_C_albicans_SC5314,Ca21chr6_C_albicans_SC5314,Ca21chr6_C_albicans_SC5314,Ca21chr6_C_albicans_SC5314,Ca21chr6_C_albicans_SC5314,Ca21chr6_C_albicans_SC5314,Ca21chr6_C_albicans_SC5314,Ca21chr6_C_albicans_SC5314,Ca21chr6_C_albicans_SC5314,Ca21chr6_C_albicans_SC5314,Ca21chr6_C_albicans_SC5314,Ca21chr6_C_albicans_SC5314,Ca21chr6_C_albicans_SC5314,Ca21chr6_C_albicans_SC5314,Ca21chr6_C_albicans_SC5314,Ca21chr6_C_albicans_SC5314,Ca21chr6_C_albicans_SC5314,Ca21chr6_C_albicans_SC5314,Ca21chr6_C_albicans_SC5314,Ca21chr6_C_albicans_SC5314,Ca21chr6_C_albicans_SC5314,Ca21chr6_C_albicans_SC5314,Ca21chr6_C_albicans_SC5314,Ca21chr6_C_albicans_SC5314,Ca21chr6_C_albicans_SC5314,Ca21chr6_C_albicans_SC5314,Ca21chr6_C_albicans_SC5314,Ca21chr6_C_albicans_SC5314,Ca21chr6_C_albicans_SC5314,Ca21chr6_C_albicans_SC5314,Ca21chr6_C_albicans_SC5314,Ca21chr6_C_albicans_SC5314,Ca21chr6_C_albicans_SC5314,Ca21chr6_C_albicans_SC5314,Ca21chr6_C_albicans_SC5314,Ca21chr6_C_albicans_SC5314,Ca21chr6_C_albicans_SC5314,Ca21chr6_C_albicans_SC5314,Ca21chr6_C_albicans_SC5314,Ca21chr6_C_albicans_SC5314,Ca21chr6_C_albicans_SC5314,Ca21chr6_C_albicans_SC5314,Ca21chr6_C_albicans_SC5314,Ca21chr6_C_albicans_SC5314,Ca21chr6_C_albicans_SC5314,Ca21chr6_C_albicans_SC5314,Ca21chr6_C_albicans_SC5314,Ca21chr6_C_albicans_SC5314,Ca21chr6_C_albicans_SC5314,Ca21chr6_C_albicans_SC5314,Ca21chr6_C_albicans_SC5314,Ca21chr6_C_albicans_SC5314,Ca21chr6_C_albicans_SC5314,Ca21chr6_C_albicans_SC5314,Ca21chr6_C_albicans_SC5314,Ca21chr6_C_albicans_SC5314,Ca21chr6_C_albicans_SC5314,Ca21chr6_C_albicans_SC5314,Ca21chr6_C_albicans_SC5314,Ca21chr6_C_albicans_SC5314,Ca21chr6_C_albicans_SC5314,Ca21chr6_C_albicans_SC5314,Ca21chr6_C_albicans_SC5314,Ca21chr6_C_albicans_SC5314,Ca21chr6_C_albicans_SC5314,Ca21chr6_C_albicans_SC5314,Ca21chr6_C_albicans_SC5314,Ca21chr6_C_albicans_SC5314,Ca21chr6_C_albicans_SC5314,Ca21chr6_C_albicans_SC5314,Ca21chr6_C_albicans_SC5314,Ca21chr6_C_albicans_SC5314,Ca21chr6_C_albicans_SC5314,Ca21chr6_C_albicans_SC5314,Ca21chr6_C_albicans_SC5314,Ca21chr6_C_albicans_SC5314,Ca21chr6_C_albicans_SC5314,Ca21chr6_C_albicans_SC5314,Ca21chr6_C_albicans_SC5314,Ca21chr6_C_albicans_SC5314,Ca21chr6_C_albicans_SC5314,Ca21chr6_C_albicans_SC5314,Ca21chr6_C_albicans_SC5314,Ca21chr6_C_albicans_SC5314,Ca21chr6_C_albicans_SC5314,Ca21chr6_C_albicans_SC5314,Ca21chr6_C_albicans_SC5314,Ca21chr6_C_albicans_SC5314,Ca21chr6_C_albicans_SC5314,Ca21chr6_C_albicans_SC5314,Ca21chr6_C_albicans_SC5314,Ca21chr6_C_albicans_SC5314,Ca21chr6_C_albicans_SC5314,Ca21chr6_C_albicans_SC5314,Ca21chr6_C_albicans_SC5314,Ca21chr6_C_albicans_SC5314,Ca21chr6_C_albicans_SC5314,Ca21chr6_C_albicans_SC5314,Ca21chr6_C_albicans_SC5314,Ca21chr6_C_albicans_SC5314,Ca21chr6_C_albicans_SC5314,Ca21chr6_C_albicans_SC5314,Ca21chr6_C_albicans_SC5314,Ca21chr6_C_albicans_SC5314,Ca21chr6_C_albicans_SC5314,Ca21chr6_C_albicans_SC5314,Ca21chr6_C_albicans_SC5314,Ca21chr6_C_albicans_SC5314,Ca21chr6_C_albicans_SC5314,Ca21chr6_C_albicans_SC5314,Ca21chr6_C_albicans_SC5314,Ca21chr6_C_albicans_SC5314,Ca21chr6_C_albicans_SC5314,Ca21chr6_C_albicans_SC5314,Ca21chr6_C_albicans_SC5314,Ca21chr6_C_albicans_SC5314,Ca21chr6_C_albicans_SC5314,Ca21chr6_C_albicans_SC5314,Ca21chr6_C_albicans_SC5314,Ca21chr6_C_albicans_SC5314,Ca21chr6_C_albicans_SC5314,Ca21chr6_C_albicans_SC5314,Ca21chr6_C_albicans_SC5314,Ca21chr6_C_albicans_SC5314,Ca21chr6_C_albicans_SC5314,Ca21chr6_C_albicans_SC5314,Ca21chr6_C_albicans_SC5314,Ca21chr6_C_albicans_SC5314,Ca21chr6_C_albicans_SC5314,Ca21chr6_C_albicans_SC5314,Ca21chr6_C_albicans_SC5314,Ca21chr6_C_albicans_SC5314,Ca21chr6_C_albicans_SC5314,Ca21chr6_C_albicans_SC5314,Ca21chr6_C_albicans_SC5314,Ca21chr6_C_albicans_SC5314,Ca21chr6_C_albicans_SC5314,Ca21chr6_C_albicans_SC5314,Ca21chr6_C_albicans_SC5314,Ca21chr6_C_albicans_SC5314,Ca21chr6_C_albicans_SC5314,Ca21chr6_C_albicans_SC5314,Ca21chr6_C_albicans_SC5314,Ca21chr6_C_albicans_SC5314,Ca21chr6_C_albicans_SC5314,Ca21chr6_C_albicans_SC5314,Ca21chr6_C_albicans_SC5314,Ca21chr6_C_albicans_SC5314,Ca21chr6_C_albicans_SC5314,Ca21chr6_C_albicans_SC5314,Ca21chr6_C_albicans_SC5314,Ca21chr6_C_albicans_SC5314,Ca21chr6_C_albicans_SC5314,Ca21chr6_C_albicans_SC5314,Ca21chr6_C_albicans_SC5314,Ca21chr6_C_albicans_SC5314,Ca21chr6_C_albicans_SC5314,Ca21chr6_C_albicans_SC5314,Ca21chr6_C_albicans_SC5314,Ca21chr6_C_albicans_SC5314,Ca21chr6_C_albicans_SC5314,Ca21chr6_C_albicans_SC5314,Ca21chr6_C_albicans_SC5314,Ca21chr6_C_albicans_SC5314,Ca21chr6_C_albicans_SC5314,Ca21chr6_C_albicans_SC5314,Ca21chr6_C_albicans_SC5314,Ca21chr6_C_albicans_SC5314,Ca21chr6_C_albicans_SC5314,Ca21chr6_C_albicans_SC5314,Ca21chr6_C_albicans_SC5314,Ca21chr6_C_albicans_SC5314,Ca21chr6_C_albicans_SC5314,Ca21chr6_C_albicans_SC5314,Ca21chr6_C_albicans_SC5314,Ca21chr6_C_albicans_SC5314,Ca21chr6_C_albicans_SC5314,Ca21chr6_C_albicans_SC5314,Ca21chr6_C_albicans_SC5314,Ca21chr6_C_albicans_SC5314,Ca21chr6_C_albicans_SC5314,Ca21chr6_C_albicans_SC5314,Ca21chr6_C_albicans_SC5314,Ca21chr6_C_albicans_SC5314,Ca21chr6_C_albicans_SC5314,Ca21chr6_C_albicans_SC5314,Ca21chr6_C_albicans_SC5314,Ca21chr6_C_albicans_SC5314,Ca21chr6_C_albicans_SC5314,Ca21chr6_C_albicans_SC5314,Ca21chr6_C_albicans_SC5314,Ca21chr6_C_albicans_SC5314,Ca21chr6_C_albicans_SC5314,Ca21chr6_C_albicans_SC5314,Ca21chr6_C_albicans_SC5314,Ca21chr6_C_albicans_SC5314,Ca21chr6_C_albicans_SC5314,Ca21chr6_C_albicans_SC5314,Ca21chr6_C_albicans_SC5314,Ca21chr6_C_albicans_SC5314,Ca21chr6_C_albicans_SC5314,Ca21chr6_C_albicans_SC5314,Ca21chr6_C_albicans_SC5314,Ca21chr6_C_albicans_SC5314,Ca21chr6_C_albicans_SC5314,Ca21chr6_C_albicans_SC5314,Ca21chr6_C_albicans_SC5314,Ca21chr6_C_albicans_SC5314,Ca21chr6_C_albicans_SC5314,Ca21chr6_C_albicans_SC5314,Ca21chr6_C_albicans_SC5314,Ca21chr6_C_albicans_SC5314,Ca21chr6_C_albicans_SC5314,Ca21chr6_C_albicans_SC5314,Ca21chr6_C_albicans_SC5314,Ca21chr6_C_albicans_SC5314,Ca21chr6_C_albicans_SC5314,Ca21chr6_C_albicans_SC5314,Ca21chr6_C_albicans_SC5314,Ca21chr6_C_albicans_SC5314,Ca21chr6_C_albicans_SC5314,Ca21chr6_C_albicans_SC5314,Ca21chr6_C_albicans_SC5314,Ca21chr6_C_albicans_SC5314,Ca21chr6_C_albicans_SC5314,Ca21chr6_C_albicans_SC5314,Ca21chr6_C_albicans_SC5314,Ca21chr6_C_albicans_SC5314,Ca21chr6_C_albicans_SC5314,Ca21chr6_C_albicans_SC5314,Ca21chr6_C_albicans_SC5314,Ca21chr6_C_albicans_SC5314,Ca21chr6_C_albicans_SC5314,Ca21chr6_C_albicans_SC5314,Ca21chr6_C_albicans_SC5314,Ca21chr6_C_albicans_SC5314,Ca21chr6_C_albicans_SC5314,Ca21chr6_C_albicans_SC5314,Ca21chr6_C_albicans_SC5314,Ca21chr6_C_albicans_SC5314,Ca21chr6_C_albicans_SC5314,Ca21chr6_C_albicans_SC5314,Ca21chr6_C_albicans_SC5314,Ca21chr6_C_albicans_SC5314,Ca21chr6_C_albicans_SC5314,Ca21chr6_C_albicans_SC5314,Ca21chr6_C_albicans_SC5314,Ca21chr6_C_albicans_SC5314,Ca21chr6_C_albicans_SC5314,Ca21chr6_C_albicans_SC5314,Ca21chr6_C_albicans_SC5314,Ca21chr6_C_albicans_SC5314,Ca21chr6_C_albicans_SC5314,Ca21chr6_C_albicans_SC5314,Ca21chr6_C_albicans_SC5314,Ca21chr6_C_albicans_SC5314,Ca21chr6_C_albicans_SC5314,Ca21chr6_C_albicans_SC5314,Ca21chr6_C_albicans_SC5314,Ca21chr6_C_albicans_SC5314,Ca21chr6_C_albicans_SC5314,Ca21chr6_C_albicans_SC5314,Ca21chr6_C_albicans_SC5314,Ca21chr6_C_albicans_SC5314,Ca21chr6_C_albicans_SC5314,Ca21chr6_C_albicans_SC5314,Ca21chr6_C_albicans_SC5314,Ca21chr6_C_albicans_SC5314,Ca21chr6_C_albicans_SC5314,Ca21chr6_C_albicans_SC5314,Ca21chr6_C_albicans_SC5314,Ca21chr6_C_albicans_SC5314,Ca21chr6_C_albicans_SC5314,Ca21chr6_C_albicans_SC5314,Ca21chr6_C_albicans_SC5314,Ca21chr6_C_albicans_SC5314,Ca21chr6_C_albicans_SC5314,Ca21chr6_C_albicans_SC5314,Ca21chr6_C_albicans_SC5314,Ca21chr6_C_albicans_SC5314,Ca21chr6_C_albicans_SC5314,Ca21chr6_C_albicans_SC5314,Ca21chr6_C_albicans_SC5314,Ca21chr6_C_albicans_SC5314,Ca21chr6_C_albicans_SC5314,Ca21chr6_C_albicans_SC5314,Ca21chr6_C_albicans_SC5314,Ca21chr6_C_albicans_SC5314,Ca21chr6_C_albicans_SC5314,Ca21chr6_C_albicans_SC5314,Ca21chr6_C_albicans_SC5314,Ca21chr6_C_albicans_SC5314,Ca21chr6_C_albicans_SC5314,Ca21chr6_C_albicans_SC5314,Ca21chr6_C_albicans_SC5314,Ca21chr6_C_albicans_SC5314,Ca21chr6_C_albicans_SC5314,Ca21chr6_C_albicans_SC5314,Ca21chr6_C_albicans_SC5314,Ca21chr6_C_albicans_SC5314,Ca21chr6_C_albicans_SC5314,Ca21chr6_C_albicans_SC5314,Ca21chr6_C_albicans_SC5314,Ca21chr6_C_albicans_SC5314,Ca21chr6_C_albicans_SC5314,Ca21chr6_C_albicans_SC5314,Ca21chr6_C_albicans_SC5314,Ca21chr6_C_albicans_SC5314,Ca21chr6_C_albicans_SC5314,Ca21chr6_C_albicans_SC5314,Ca21chr6_C_albicans_SC5314,Ca21chr6_C_albicans_SC5314,Ca21chr6_C_albicans_SC5314,Ca21chr6_C_albicans_SC5314,Ca21chr6_C_albicans_SC5314,Ca21chr6_C_albicans_SC5314,Ca21chr6_C_albicans_SC5314,Ca21chr6_C_albicans_SC5314,Ca21chr6_C_albicans_SC5314,Ca21chr6_C_albicans_SC5314,Ca21chr6_C_albicans_SC5314,Ca21chr6_C_albicans_SC5314,Ca21chr6_C_albicans_SC5314,Ca21chr6_C_albicans_SC5314,Ca21chr6_C_albicans_SC5314,Ca21chr6_C_albicans_SC5314,Ca21chr6_C_albicans_SC5314,Ca21chr6_C_albicans_SC5314,Ca21chr6_C_albicans_SC5314,Ca21chr6_C_albicans_SC5314,Ca21chr6_C_albicans_SC5314,Ca21chr6_C_albicans_SC5314,Ca21chr6_C_albicans_SC5314,Ca21chr6_C_albicans_SC5314,Ca21chr6_C_albicans_SC5314,Ca21chr6_C_albicans_SC5314,Ca21chr6_C_albicans_SC5314,Ca21chr6_C_albicans_SC5314,Ca21chr6_C_albicans_SC5314,Ca21chr6_C_albicans_SC5314,Ca21chr6_C_albicans_SC5314,Ca21chr6_C_albicans_SC5314,Ca21chr6_C_albicans_SC5314,Ca21chr6_C_albicans_SC5314,Ca21chr6_C_albicans_SC5314,Ca21chr6_C_albicans_SC5314,Ca21chr6_C_albicans_SC5314,Ca21chr6_C_albicans_SC5314,Ca21chr6_C_albicans_SC5314,Ca21chr6_C_albicans_SC5314,Ca21chr6_C_albicans_SC5314,Ca21chr6_C_albicans_SC5314,Ca21chr6_C_albicans_SC5314,Ca21chr6_C_albicans_SC5314,Ca21chr6_C_albicans_SC5314,Ca21chr6_C_albicans_SC5314,Ca21chr6_C_albicans_SC5314,Ca21chr6_C_albicans_SC5314,Ca21chr6_C_albicans_SC5314,Ca21chr6_C_albicans_SC5314,Ca21chr6_C_albicans_SC5314,Ca21chr6_C_albicans_SC5314,Ca21chr6_C_albicans_SC5314,Ca21chr6_C_albicans_SC5314,Ca21chr6_C_albicans_SC5314,Ca21chr6_C_albicans_SC5314,Ca21chr6_C_albicans_SC5314,Ca21chr6_C_albicans_SC5314,Ca21chr6_C_albicans_SC5314,Ca21chr6_C_albicans_SC5314,Ca21chr6_C_albicans_SC5314,Ca21chr6_C_albicans_SC5314,Ca21chr6_C_albicans_SC5314,Ca21chr6_C_albicans_SC5314,Ca21chr6_C_albicans_SC5314,Ca21chr6_C_albicans_SC5314,Ca21chr6_C_albicans_SC5314,Ca21chr6_C_albicans_SC5314,Ca21chr6_C_albicans_SC5314,Ca21chr6_C_albicans_SC5314,Ca21chr6_C_albicans_SC5314,Ca21chr6_C_albicans_SC5314,Ca21chr6_C_albicans_SC5314,Ca21chr6_C_albicans_SC5314,Ca21chr6_C_albicans_SC5314,Ca21chr6_C_albicans_SC5314,Ca21chr6_C_albicans_SC5314,Ca21chr6_C_albicans_SC5314,Ca21chr6_C_albicans_SC5314,Ca21chr6_C_albicans_SC5314,Ca21chr6_C_albicans_SC5314,Ca21chr6_C_albicans_SC5314,Ca21chr6_C_albicans_SC5314,Ca21chr6_C_albicans_SC5314,Ca21chr6_C_albicans_SC5314,Ca21chr6_C_albicans_SC5314,Ca21chr6_C_albicans_SC5314,Ca21chr6_C_albicans_SC5314,Ca21chr6_C_albicans_SC5314,Ca21chr6_C_albicans_SC5314,Ca21chr6_C_albicans_SC5314,Ca21chr6_C_albicans_SC5314,Ca21chr6_C_albicans_SC5314,Ca21chr6_C_albicans_SC5314,Ca21chr6_C_albicans_SC5314,Ca21chr6_C_albicans_SC5314,Ca21chr6_C_albicans_SC5314,Ca21chr6_C_albicans_SC5314,Ca21chr6_C_albicans_SC5314,Ca21chr6_C_albicans_SC5314,Ca21chr6_C_albicans_SC5314,Ca21chr6_C_albicans_SC5314,Ca21chr6_C_albicans_SC5314,Ca21chr6_C_albicans_SC5314,Ca21chr6_C_albicans_SC5314,Ca21chr6_C_albicans_SC5314,Ca21chr6_C_albicans_SC5314,Ca21chr6_C_albicans_SC5314,Ca21chr6_C_albicans_SC5314,Ca21chr6_C_albicans_SC5314,Ca21chr6_C_albicans_SC5314,Ca21chr6_C_albicans_SC5314,Ca21chr6_C_albicans_SC5314,Ca21chr6_C_albicans_SC5314,Ca21chr6_C_albicans_SC5314,Ca21chr6_C_albicans_SC5314,Ca21chr6_C_albicans_SC5314,Ca21chr6_C_albicans_SC5314,Ca21chr6_C_albicans_SC5314,Ca21chr6_C_albicans_SC5314,Ca21chr6_C_albicans_SC5314,Ca21chr6_C_albicans_SC5314,Ca21chr6_C_albicans_SC5314,Ca21chr6_C_albicans_SC5314,Ca21chr6_C_albicans_SC5314,Ca21chr6_C_albicans_SC5314,Ca21chr6_C_albicans_SC5314,Ca21chr6_C_albicans_SC5314,Ca21chr6_C_albicans_SC5314,Ca21chr6_C_albicans_SC5314,Ca21chr6_C_albicans_SC5314,Ca21chr6_C_albicans_SC5314,Ca21chr6_C_albicans_SC5314,Ca21chr6_C_albicans_SC5314,Ca21chr6_C_albicans_SC5314,Ca21chr6_C_albicans_SC5314,Ca21chr6_C_albicans_SC5314,Ca21chr6_C_albicans_SC5314,Ca21chr6_C_albicans_SC5314,Ca21chr6_C_albicans_SC5314,Ca21chr6_C_albicans_SC5314,Ca21chr6_C_albicans_SC5314,Ca21chr6_C_albicans_SC5314,Ca21chr6_C_albicans_SC5314,Ca21chr6_C_albicans_SC5314,Ca21chr6_C_albicans_SC5314,Ca21chr6_C_albicans_SC5314,Ca21chr6_C_albicans_SC5314,Ca21chr6_C_albicans_SC5314,Ca21chr6_C_albicans_SC5314,Ca21chr6_C_albicans_SC5314,Ca21chr6_C_albicans_SC5314,Ca21chr6_C_albicans_SC5314,Ca21chr6_C_albicans_SC5314,Ca21chr6_C_albicans_SC5314,Ca21chr6_C_albicans_SC5314,Ca21chr6_C_albicans_SC5314,Ca21chr6_C_albicans_SC5314,Ca21chr6_C_albicans_SC5314,Ca21chr6_C_albicans_SC5314,Ca21chr6_C_albicans_SC5314,Ca21chr6_C_albicans_SC5314,Ca21chr6_C_albicans_SC5314,Ca21chr6_C_albicans_SC5314,Ca21chr6_C_albicans_SC5314,Ca21chr6_C_albicans_SC5314,Ca21chr6_C_albicans_SC5314,Ca21chr6_C_albicans_SC5314,Ca21chr6_C_albicans_SC5314,Ca21chr6_C_albicans_SC5314,Ca21chr6_C_albicans_SC5314,Ca21chr6_C_albicans_SC5314,Ca21chr6_C_albicans_SC5314,Ca21chr6_C_albicans_SC5314,Ca21chr6_C_albicans_SC5314,Ca21chr6_C_albicans_SC5314,Ca21chr6_C_albicans_SC5314,Ca21chr6_C_albicans_SC5314,Ca21chr6_C_albicans_SC5314,Ca21chr6_C_albicans_SC5314,Ca21chr6_C_albicans_SC5314,Ca21chr6_C_albicans_SC5314,Ca21chr6_C_albicans_SC5314,Ca21chr6_C_albicans_SC5314,Ca21chr6_C_albicans_SC5314,Ca21chr6_C_albicans_SC5314,Ca21chr6_C_albicans_SC5314,Ca21chr6_C_albicans_SC5314,Ca21chr6_C_albicans_SC5314,Ca21chr6_C_albicans_SC5314,Ca21chr6_C_albicans_SC5314,Ca21chr6_C_albicans_SC5314,Ca21chr6_C_albicans_SC5314,Ca21chr6_C_albicans_SC5314,Ca21chr6_C_albicans_SC5314,Ca21chr6_C_albicans_SC5314,Ca21chr6_C_albicans_SC5314,Ca21chr6_C_albicans_SC5314,Ca21chr6_C_albicans_SC5314,Ca21chr6_C_albicans_SC5314,Ca21chr6_C_albicans_SC5314,Ca21chr6_C_albicans_SC5314,Ca21chr6_C_albicans_SC5314,Ca21chr6_C_albicans_SC5314,Ca21chr6_C_albicans_SC5314,Ca21chr6_C_albicans_SC5314,Ca21chr6_C_albicans_SC5314,Ca21chr6_C_albicans_SC5314,Ca21chr6_C_albicans_SC5314,Ca21chr6_C_albicans_SC5314,Ca21chr6_C_albicans_SC5314,Ca21chr6_C_albicans_SC5314,Ca21chr6_C_albicans_SC5314,Ca21chr6_C_albicans_SC5314,Ca21chr6_C_albicans_SC5314,Ca21chr6_C_albicans_SC5314,Ca21chr6_C_albicans_SC5314,Ca21chr6_C_albicans_SC5314,Ca21chr6_C_albicans_SC5314,Ca21chr6_C_albicans_SC5314,Ca21chr6_C_albicans_SC5314,Ca21chr6_C_albicans_SC5314,Ca21chr6_C_albicans_SC5314,Ca21chr6_C_albicans_SC5314,Ca21chr6_C_albicans_SC5314,Ca21chr6_C_albicans_SC5314,Ca21chr6_C_albicans_SC5314,Ca21chr6_C_albicans_SC5314,Ca21chr6_C_albicans_SC5314,Ca21chr6_C_albicans_SC5314,Ca21chr6_C_albicans_SC5314,Ca21chr6_C_albicans_SC5314,Ca21chr6_C_albicans_SC5314,Ca21chr6_C_albicans_SC5314,Ca21chr6_C_albicans_SC5314,Ca21chr6_C_albicans_SC5314,Ca21chr6_C_albicans_SC5314,Ca21chr6_C_albicans_SC5314,Ca21chr6_C_albicans_SC5314,Ca21chr6_C_albicans_SC5314,Ca21chr6_C_albicans_SC5314,Ca21chr6_C_albicans_SC5314,Ca21chr6_C_albicans_SC5314,Ca21chr6_C_albicans_SC5314,Ca21chr6_C_albicans_SC5314,Ca21chr6_C_albicans_SC5314,Ca21chr6_C_albicans_SC5314,Ca21chr6_C_albicans_SC5314,Ca21chr6_C_albicans_SC5314,Ca21chr6_C_albicans_SC5314,Ca21chr6_C_albicans_SC5314,Ca21chr6_C_albicans_SC5314,Ca21chr6_C_albicans_SC5314,Ca21chr6_C_albicans_SC5314,Ca21chr6_C_albicans_SC5314,Ca21chr6_C_albicans_SC5314,Ca21chr6_C_albicans_SC5314,Ca21chr6_C_albicans_SC5314,Ca21chr6_C_albicans_SC5314,Ca21chr6_C_albicans_SC5314,Ca21chr6_C_albicans_SC5314,Ca21chr6_C_albicans_SC5314,Ca21chr6_C_albicans_SC5314,Ca21chr6_C_albicans_SC5314,Ca21chr6_C_albicans_SC5314,Ca21chr6_C_albicans_SC5314,Ca21chr6_C_albicans_SC5314,Ca21chr6_C_albicans_SC5314,Ca21chr6_C_albicans_SC5314,Ca21chr6_C_albicans_SC5314,Ca21chr6_C_albicans_SC5314,Ca21chr6_C_albicans_SC5314,Ca21chr6_C_albicans_SC5314,Ca21chr6_C_albicans_SC5314,Ca21chr6_C_albicans_SC5314,Ca21chr6_C_albicans_SC5314,Ca21chr6_C_albicans_SC5314,Ca21chr6_C_albicans_SC5314,Ca21chr6_C_albicans_SC5314,Ca21chr6_C_albicans_SC5314,Ca21chr6_C_albicans_SC5314,Ca21chr6_C_albicans_SC5314,Ca21chr6_C_albicans_SC5314,Ca21chr6_C_albicans_SC5314,Ca21chr6_C_albicans_SC5314,Ca21chr6_C_albicans_SC5314,Ca21chr6_C_albicans_SC5314,Ca21chr6_C_albicans_SC5314,Ca21chr6_C_albicans_SC5314,Ca21chr6_C_albicans_SC5314,Ca21chr6_C_albicans_SC5314,Ca21chr6_C_albicans_SC5314,Ca21chr6_C_albicans_SC5314,Ca21chr6_C_albicans_SC5314,Ca21chr6_C_albicans_SC5314,Ca21chr6_C_albicans_SC5314,Ca21chr6_C_albicans_SC5314,Ca21chr6_C_albicans_SC5314,Ca21chr6_C_albicans_SC5314,Ca21chr6_C_albicans_SC5314,Ca21chr6_C_albicans_SC5314,Ca21chr6_C_albicans_SC5314,Ca21chr6_C_albicans_SC5314,Ca21chr6_C_albicans_SC5314,Ca21chr6_C_albicans_SC5314,Ca21chr6_C_albicans_SC5314,Ca21chr6_C_albicans_SC5314,Ca21chr6_C_albicans_SC5314,Ca21chr6_C_albicans_SC5314,Ca21chr6_C_albicans_SC5314,Ca21chr6_C_albicans_SC5314,Ca21chr6_C_albicans_SC5314,Ca21chr6_C_albicans_SC5314,Ca21chr6_C_albicans_SC5314,Ca21chr6_C_albicans_SC5314,Ca21chr6_C_albicans_SC5314,Ca21chr6_C_albicans_SC5314,Ca21chr6_C_albicans_SC5314,Ca21chr6_C_albicans_SC5314,Ca21chr6_C_albicans_SC5314,Ca21chr6_C_albicans_SC5314,Ca21chr6_C_albicans_SC5314,Ca21chr6_C_albicans_SC5314,Ca21chr6_C_albicans_SC5314,Ca21chr6_C_albicans_SC5314,Ca21chr6_C_albicans_SC5314,Ca21chr6_C_albicans_SC5314,Ca21chr6_C_albicans_SC5314,Ca21chr6_C_albicans_SC5314,Ca21chr6_C_albicans_SC5314,Ca21chr6_C_albicans_SC5314,Ca21chr6_C_albicans_SC5314,Ca21chr6_C_albicans_SC5314,Ca21chr6_C_albicans_SC5314,Ca21chr6_C_albicans_SC5314,Ca21chr6_C_albicans_SC5314,Ca21chr6_C_albicans_SC5314,Ca21chr6_C_albicans_SC5314,Ca21chr6_C_albicans_SC5314,Ca21chr6_C_albicans_SC5314,Ca21chr6_C_albicans_SC5314,Ca21chr6_C_albicans_SC5314,Ca21chr6_C_albicans_SC5314,Ca21chr6_C_albicans_SC5314,Ca21chr6_C_albicans_SC5314,Ca21chr6_C_albicans_SC5314,Ca21chr6_C_albicans_SC5314,Ca21chr6_C_albicans_SC5314,Ca21chr6_C_albicans_SC5314,Ca21chr6_C_albicans_SC5314,Ca21chr6_C_albicans_SC5314,Ca21chr6_C_albicans_SC5314,Ca21chr6_C_albicans_SC5314,Ca21chr6_C_albicans_SC5314,Ca21chr6_C_albicans_SC5314,Ca21chr6_C_albicans_SC5314,Ca21chr6_C_albicans_SC5314,Ca21chr6_C_albicans_SC5314,Ca21chr6_C_albicans_SC5314,Ca21chr6_C_albicans_SC5314,Ca21chr6_C_albicans_SC5314,Ca21chr6_C_albicans_SC5314,Ca21chr6_C_albicans_SC5314,Ca21chr6_C_albicans_SC5314,Ca21chr6_C_albicans_SC5314,Ca21chr6_C_albicans_SC5314,Ca21chr6_C_albicans_SC5314,Ca21chr6_C_albicans_SC5314,Ca21chr6_C_albicans_SC5314,Ca21chr6_C_albicans_SC5314,Ca21chr6_C_albicans_SC5314,Ca21chr6_C_albicans_SC5314,Ca21chr6_C_albicans_SC5314,Ca21chr6_C_albicans_SC5314,Ca21chr6_C_albicans_SC5314,Ca21chr6_C_albicans_SC5314,Ca21chr6_C_albicans_SC5314,Ca21chr6_C_albicans_SC5314,Ca21chr6_C_albicans_SC5314,Ca21chr6_C_albicans_SC5314,Ca21chr6_C_albicans_SC5314,Ca21chr6_C_albicans_SC5314,Ca21chr6_C_albicans_SC5314,Ca21chr6_C_albicans_SC5314,Ca21chr6_C_albicans_SC5314,Ca21chr6_C_albicans_SC5314,Ca21chr6_C_albicans_SC5314,Ca21chr6_C_albicans_SC5314,Ca21chr6_C_albicans_SC5314,Ca21chr6_C_albicans_SC5314,Ca21chr6_C_albicans_SC5314,Ca21chr6_C_albicans_SC5314,Ca21chr6_C_albicans_SC5314,Ca21chr6_C_albicans_SC5314,Ca21chr6_C_albicans_SC5314,Ca21chr6_C_albicans_SC5314,Ca21chr6_C_albicans_SC5314,Ca21chr6_C_albicans_SC5314,Ca21chr6_C_albicans_SC5314,Ca21chr6_C_albicans_SC5314,Ca21chr6_C_albicans_SC5314,Ca21chr6_C_albicans_SC5314,Ca21chr6_C_albicans_SC5314,Ca21chr6_C_albicans_SC5314,Ca21chr6_C_albicans_SC5314,Ca21chr6_C_albicans_SC5314,Ca21chr6_C_albicans_SC5314,Ca21chr6_C_albicans_SC5314,Ca21chr6_C_albicans_SC5314,Ca21chr6_C_albicans_SC5314,Ca21chr6_C_albicans_SC5314,Ca21chr6_C_albicans_SC5314,Ca21chr6_C_albicans_SC5314,Ca21chr6_C_albicans_SC5314,Ca21chr6_C_albicans_SC5314,Ca21chr6_C_albicans_SC5314,Ca21chr6_C_albicans_SC5314,Ca21chr6_C_albicans_SC5314,Ca21chr6_C_albicans_SC5314,Ca21chr6_C_albicans_SC5314,Ca21chr6_C_albicans_SC5314,Ca21chr6_C_albicans_SC5314,Ca21chr6_C_albicans_SC5314,Ca21chr6_C_albicans_SC5314,Ca21chr6_C_albicans_SC5314,Ca21chr6_C_albicans_SC5314,Ca21chr6_C_albicans_SC5314,Ca21chr6_C_albicans_SC5314,Ca21chr6_C_albicans_SC5314,Ca21chr6_C_albicans_SC5314,Ca21chr6_C_albicans_SC5314,Ca21chr6_C_albicans_SC5314,Ca21chr6_C_albicans_SC5314,Ca21chr6_C_albicans_SC5314,Ca21chr6_C_albicans_SC5314,Ca21chr6_C_albicans_SC5314,Ca21chr6_C_albicans_SC5314,Ca21chr6_C_albicans_SC5314,Ca21chr6_C_albicans_SC5314,Ca21chr6_C_albicans_SC5314,Ca21chr6_C_albicans_SC5314,Ca21chr6_C_albicans_SC5314,Ca21chr6_C_albicans_SC5314,Ca21chr6_C_albicans_SC5314,Ca21chr6_C_albicans_SC5314,Ca21chr6_C_albicans_SC5314,Ca21chr6_C_albicans_SC5314,Ca21chr6_C_albicans_SC5314,Ca21chr6_C_albicans_SC5314,Ca21chr6_C_albicans_SC5314,Ca21chr6_C_albicans_SC5314,Ca21chr6_C_albicans_SC5314,Ca21chr6_C_albicans_SC5314,Ca21chr6_C_albicans_SC5314,Ca21chr6_C_albicans_SC5314,Ca21chr6_C_albicans_SC5314,Ca21chr6_C_albicans_SC5314,Ca21chr6_C_albicans_SC5314,Ca21chr6_C_albicans_SC5314,Ca21chr6_C_albicans_SC5314,Ca21chr6_C_albicans_SC5314,Ca21chr6_C_albicans_SC5314,Ca21chr6_C_albicans_SC5314,Ca21chr6_C_albicans_SC5314,Ca21chr6_C_albicans_SC5314,Ca21chr6_C_albicans_SC5314,Ca21chr6_C_albicans_SC5314,Ca21chr6_C_albicans_SC5314,Ca21chr6_C_albicans_SC5314,Ca21chr6_C_albicans_SC5314,Ca21chr6_C_albicans_SC5314,Ca21chr6_C_albicans_SC5314,Ca21chr6_C_albicans_SC5314,Ca21chr6_C_albicans_SC5314,Ca21chr6_C_albicans_SC5314,Ca21chr6_C_albicans_SC5314,Ca21chr6_C_albicans_SC5314,Ca21chr6_C_albicans_SC5314,Ca21chr6_C_albicans_SC5314,Ca21chr6_C_albicans_SC5314,Ca21chr6_C_albicans_SC5314,Ca21chr6_C_albicans_SC5314,Ca21chr6_C_albicans_SC5314,Ca21chr6_C_albicans_SC5314,Ca21chr6_C_albicans_SC5314,Ca21chr6_C_albicans_SC5314,Ca21chr6_C_albicans_SC5314,Ca21chr6_C_albicans_SC5314,Ca21chr6_C_albicans_SC5314,Ca21chr6_C_albicans_SC5314,Ca21chr6_C_albicans_SC5314,Ca21chr6_C_albicans_SC5314,Ca21chr6_C_albicans_SC5314,Ca21chr6_C_albicans_SC5314,Ca21chr6_C_albicans_SC5314,Ca21chr6_C_albicans_SC5314,Ca21chr6_C_albicans_SC5314,Ca21chr6_C_albicans_SC5314,Ca21chr6_C_albicans_SC5314,Ca21chr6_C_albicans_SC5314,Ca21chr6_C_albicans_SC5314,Ca21chr6_C_albicans_SC5314,Ca21chr6_C_albicans_SC5314,Ca21chr6_C_albicans_SC5314,Ca21chr6_C_albicans_SC5314,Ca21chr6_C_albicans_SC5314,Ca21chr6_C_albicans_SC5314,Ca21chr6_C_albicans_SC5314,Ca21chr6_C_albicans_SC5314,Ca21chr6_C_albicans_SC5314,Ca21chr6_C_albicans_SC5314,Ca21chr6_C_albicans_SC5314,Ca21chr6_C_albicans_SC5314,Ca21chr6_C_albicans_SC5314,Ca21chr6_C_albicans_SC5314,Ca21chr6_C_albicans_SC5314,Ca21chr6_C_albicans_SC5314,Ca21chr6_C_albicans_SC5314,Ca21chr6_C_albicans_SC5314,Ca21chr6_C_albicans_SC5314,Ca21chr6_C_albicans_SC5314,Ca21chr6_C_albicans_SC5314,Ca21chr6_C_albicans_SC5314,Ca21chr6_C_albicans_SC5314,Ca21chr7_C_albicans_SC5314,Ca21chr7_C_albicans_SC5314,Ca21chr7_C_albicans_SC5314,Ca21chr7_C_albicans_SC5314,Ca21chr7_C_albicans_SC5314,Ca21chr7_C_albicans_SC5314,Ca21chr7_C_albicans_SC5314,Ca21chr7_C_albicans_SC5314,Ca21chr7_C_albicans_SC5314,Ca21chr7_C_albicans_SC5314,Ca21chr7_C_albicans_SC5314,Ca21chr7_C_albicans_SC5314,Ca21chr7_C_albicans_SC5314,Ca21chr7_C_albicans_SC5314,Ca21chr7_C_albicans_SC5314,Ca21chr7_C_albicans_SC5314,Ca21chr7_C_albicans_SC5314,Ca21chr7_C_albicans_SC5314,Ca21chr7_C_albicans_SC5314,Ca21chr7_C_albicans_SC5314,Ca21chr7_C_albicans_SC5314,Ca21chr7_C_albicans_SC5314,Ca21chr7_C_albicans_SC5314,Ca21chr7_C_albicans_SC5314,Ca21chr7_C_albicans_SC5314,Ca21chr7_C_albicans_SC5314,Ca21chr7_C_albicans_SC5314,Ca21chr7_C_albicans_SC5314,Ca21chr7_C_albicans_SC5314,Ca21chr7_C_albicans_SC5314,Ca21chr7_C_albicans_SC5314,Ca21chr7_C_albicans_SC5314,Ca21chr7_C_albicans_SC5314,Ca21chr7_C_albicans_SC5314,Ca21chr7_C_albicans_SC5314,Ca21chr7_C_albicans_SC5314,Ca21chr7_C_albicans_SC5314,Ca21chr7_C_albicans_SC5314,Ca21chr7_C_albicans_SC5314,Ca21chr7_C_albicans_SC5314,Ca21chr7_C_albicans_SC5314,Ca21chr7_C_albicans_SC5314,Ca21chr7_C_albicans_SC5314,Ca21chr7_C_albicans_SC5314,Ca21chr7_C_albicans_SC5314,Ca21chr7_C_albicans_SC5314,Ca21chr7_C_albicans_SC5314,Ca21chr7_C_albicans_SC5314,Ca21chr7_C_albicans_SC5314,Ca21chr7_C_albicans_SC5314,Ca21chr7_C_albicans_SC5314,Ca21chr7_C_albicans_SC5314,Ca21chr7_C_albicans_SC5314,Ca21chr7_C_albicans_SC5314,Ca21chr7_C_albicans_SC5314,Ca21chr7_C_albicans_SC5314,Ca21chr7_C_albicans_SC5314,Ca21chr7_C_albicans_SC5314,Ca21chr7_C_albicans_SC5314,Ca21chr7_C_albicans_SC5314,Ca21chr7_C_albicans_SC5314,Ca21chr7_C_albicans_SC5314,Ca21chr7_C_albicans_SC5314,Ca21chr7_C_albicans_SC5314,Ca21chr7_C_albicans_SC5314,Ca21chr7_C_albicans_SC5314,Ca21chr7_C_albicans_SC5314,Ca21chr7_C_albicans_SC5314,Ca21chr7_C_albicans_SC5314,Ca21chr7_C_albicans_SC5314,Ca21chr7_C_albicans_SC5314,Ca21chr7_C_albicans_SC5314,Ca21chr7_C_albicans_SC5314,Ca21chr7_C_albicans_SC5314,Ca21chr7_C_albicans_SC5314,Ca21chr7_C_albicans_SC5314,Ca21chr7_C_albicans_SC5314,Ca21chr7_C_albicans_SC5314,Ca21chr7_C_albicans_SC5314,Ca21chr7_C_albicans_SC5314,Ca21chr7_C_albicans_SC5314,Ca21chr7_C_albicans_SC5314,Ca21chr7_C_albicans_SC5314,Ca21chr7_C_albicans_SC5314,Ca21chr7_C_albicans_SC5314,Ca21chr7_C_albicans_SC5314,Ca21chr7_C_albicans_SC5314,Ca21chr7_C_albicans_SC5314,Ca21chr7_C_albicans_SC5314,Ca21chr7_C_albicans_SC5314,Ca21chr7_C_albicans_SC5314,Ca21chr7_C_albicans_SC5314,Ca21chr7_C_albicans_SC5314,Ca21chr7_C_albicans_SC5314,Ca21chr7_C_albicans_SC5314,Ca21chr7_C_albicans_SC5314,Ca21chr7_C_albicans_SC5314,Ca21chr7_C_albicans_SC5314,Ca21chr7_C_albicans_SC5314,Ca21chr7_C_albicans_SC5314,Ca21chr7_C_albicans_SC5314,Ca21chr7_C_albicans_SC5314,Ca21chr7_C_albicans_SC5314,Ca21chr7_C_albicans_SC5314,Ca21chr7_C_albicans_SC5314,Ca21chr7_C_albicans_SC5314,Ca21chr7_C_albicans_SC5314,Ca21chr7_C_albicans_SC5314,Ca21chr7_C_albicans_SC5314,Ca21chr7_C_albicans_SC5314,Ca21chr7_C_albicans_SC5314,Ca21chr7_C_albicans_SC5314,Ca21chr7_C_albicans_SC5314,Ca21chr7_C_albicans_SC5314,Ca21chr7_C_albicans_SC5314,Ca21chr7_C_albicans_SC5314,Ca21chr7_C_albicans_SC5314,Ca21chr7_C_albicans_SC5314,Ca21chr7_C_albicans_SC5314,Ca21chr7_C_albicans_SC5314,Ca21chr7_C_albicans_SC5314,Ca21chr7_C_albicans_SC5314,Ca21chr7_C_albicans_SC5314,Ca21chr7_C_albicans_SC5314,Ca21chr7_C_albicans_SC5314,Ca21chr7_C_albicans_SC5314,Ca21chr7_C_albicans_SC5314,Ca21chr7_C_albicans_SC5314,Ca21chr7_C_albicans_SC5314,Ca21chr7_C_albicans_SC5314,Ca21chr7_C_albicans_SC5314,Ca21chr7_C_albicans_SC5314,Ca21chr7_C_albicans_SC5314,Ca21chr7_C_albicans_SC5314,Ca21chr7_C_albicans_SC5314,Ca21chr7_C_albicans_SC5314,Ca21chr7_C_albicans_SC5314,Ca21chr7_C_albicans_SC5314,Ca21chr7_C_albicans_SC5314,Ca21chr7_C_albicans_SC5314,Ca21chr7_C_albicans_SC5314,Ca21chr7_C_albicans_SC5314,Ca21chr7_C_albicans_SC5314,Ca21chr7_C_albicans_SC5314,Ca21chr7_C_albicans_SC5314,Ca21chr7_C_albicans_SC5314,Ca21chr7_C_albicans_SC5314,Ca21chr7_C_albicans_SC5314,Ca21chr7_C_albicans_SC5314,Ca21chr7_C_albicans_SC5314,Ca21chr7_C_albicans_SC5314,Ca21chr7_C_albicans_SC5314,Ca21chr7_C_albicans_SC5314,Ca21chr7_C_albicans_SC5314,Ca21chr7_C_albicans_SC5314,Ca21chr7_C_albicans_SC5314,Ca21chr7_C_albicans_SC5314,Ca21chr7_C_albicans_SC5314,Ca21chr7_C_albicans_SC5314,Ca21chr7_C_albicans_SC5314,Ca21chr7_C_albicans_SC5314,Ca21chr7_C_albicans_SC5314,Ca21chr7_C_albicans_SC5314,Ca21chr7_C_albicans_SC5314,Ca21chr7_C_albicans_SC5314,Ca21chr7_C_albicans_SC5314,Ca21chr7_C_albicans_SC5314,Ca21chr7_C_albicans_SC5314,Ca21chr7_C_albicans_SC5314,Ca21chr7_C_albicans_SC5314,Ca21chr7_C_albicans_SC5314,Ca21chr7_C_albicans_SC5314,Ca21chr7_C_albicans_SC5314,Ca21chr7_C_albicans_SC5314,Ca21chr7_C_albicans_SC5314,Ca21chr7_C_albicans_SC5314,Ca21chr7_C_albicans_SC5314,Ca21chr7_C_albicans_SC5314,Ca21chr7_C_albicans_SC5314,Ca21chr7_C_albicans_SC5314,Ca21chr7_C_albicans_SC5314,Ca21chr7_C_albicans_SC5314,Ca21chr7_C_albicans_SC5314,Ca21chr7_C_albicans_SC5314,Ca21chr7_C_albicans_SC5314,Ca21chr7_C_albicans_SC5314,Ca21chr7_C_albicans_SC5314,Ca21chr7_C_albicans_SC5314,Ca21chr7_C_albicans_SC5314,Ca21chr7_C_albicans_SC5314,Ca21chr7_C_albicans_SC5314,Ca21chr7_C_albicans_SC5314,Ca21chr7_C_albicans_SC5314,Ca21chr7_C_albicans_SC5314,Ca21chr7_C_albicans_SC5314,Ca21chr7_C_albicans_SC5314,Ca21chr7_C_albicans_SC5314,Ca21chr7_C_albicans_SC5314,Ca21chr7_C_albicans_SC5314,Ca21chr7_C_albicans_SC5314,Ca21chr7_C_albicans_SC5314,Ca21chr7_C_albicans_SC5314,Ca21chr7_C_albicans_SC5314,Ca21chr7_C_albicans_SC5314,Ca21chr7_C_albicans_SC5314,Ca21chr7_C_albicans_SC5314,Ca21chr7_C_albicans_SC5314,Ca21chr7_C_albicans_SC5314,Ca21chr7_C_albicans_SC5314,Ca21chr7_C_albicans_SC5314,Ca21chr7_C_albicans_SC5314,Ca21chr7_C_albicans_SC5314,Ca21chr7_C_albicans_SC5314,Ca21chr7_C_albicans_SC5314,Ca21chr7_C_albicans_SC5314,Ca21chr7_C_albicans_SC5314,Ca21chr7_C_albicans_SC5314,Ca21chr7_C_albicans_SC5314,Ca21chr7_C_albicans_SC5314,Ca21chr7_C_albicans_SC5314,Ca21chr7_C_albicans_SC5314,Ca21chr7_C_albicans_SC5314,Ca21chr7_C_albicans_SC5314,Ca21chr7_C_albicans_SC5314,Ca21chr7_C_albicans_SC5314,Ca21chr7_C_albicans_SC5314,Ca21chr7_C_albicans_SC5314,Ca21chr7_C_albicans_SC5314,Ca21chr7_C_albicans_SC5314,Ca21chr7_C_albicans_SC5314,Ca21chr7_C_albicans_SC5314,Ca21chr7_C_albicans_SC5314,Ca21chr7_C_albicans_SC5314,Ca21chr7_C_albicans_SC5314,Ca21chr7_C_albicans_SC5314,Ca21chr7_C_albicans_SC5314,Ca21chr7_C_albicans_SC5314,Ca21chr7_C_albicans_SC5314,Ca21chr7_C_albicans_SC5314,Ca21chr7_C_albicans_SC5314,Ca21chr7_C_albicans_SC5314,Ca21chr7_C_albicans_SC5314,Ca21chr7_C_albicans_SC5314,Ca21chr7_C_albicans_SC5314,Ca21chr7_C_albicans_SC5314,Ca21chr7_C_albicans_SC5314,Ca21chr7_C_albicans_SC5314,Ca21chr7_C_albicans_SC5314,Ca21chr7_C_albicans_SC5314,Ca21chr7_C_albicans_SC5314,Ca21chr7_C_albicans_SC5314,Ca21chr7_C_albicans_SC5314,Ca21chr7_C_albicans_SC5314,Ca21chr7_C_albicans_SC5314,Ca21chr7_C_albicans_SC5314,Ca21chr7_C_albicans_SC5314,Ca21chr7_C_albicans_SC5314,Ca21chr7_C_albicans_SC5314,Ca21chr7_C_albicans_SC5314,Ca21chr7_C_albicans_SC5314,Ca21chr7_C_albicans_SC5314,Ca21chr7_C_albicans_SC5314,Ca21chr7_C_albicans_SC5314,Ca21chr7_C_albicans_SC5314,Ca21chr7_C_albicans_SC5314,Ca21chr7_C_albicans_SC5314,Ca21chr7_C_albicans_SC5314,Ca21chr7_C_albicans_SC5314,Ca21chr7_C_albicans_SC5314,Ca21chr7_C_albicans_SC5314,Ca21chr7_C_albicans_SC5314,Ca21chr7_C_albicans_SC5314,Ca21chr7_C_albicans_SC5314,Ca21chr7_C_albicans_SC5314,Ca21chr7_C_albicans_SC5314,Ca21chr7_C_albicans_SC5314,Ca21chr7_C_albicans_SC5314,Ca21chr7_C_albicans_SC5314,Ca21chr7_C_albicans_SC5314,Ca21chr7_C_albicans_SC5314,Ca21chr7_C_albicans_SC5314,Ca21chr7_C_albicans_SC5314,Ca21chr7_C_albicans_SC5314,Ca21chr7_C_albicans_SC5314,Ca21chr7_C_albicans_SC5314,Ca21chr7_C_albicans_SC5314,Ca21chr7_C_albicans_SC5314,Ca21chr7_C_albicans_SC5314,Ca21chr7_C_albicans_SC5314,Ca21chr7_C_albicans_SC5314,Ca21chr7_C_albicans_SC5314,Ca21chr7_C_albicans_SC5314,Ca21chr7_C_albicans_SC5314,Ca21chr7_C_albicans_SC5314,Ca21chr7_C_albicans_SC5314,Ca21chr7_C_albicans_SC5314,Ca21chr7_C_albicans_SC5314,Ca21chr7_C_albicans_SC5314,Ca21chr7_C_albicans_SC5314,Ca21chr7_C_albicans_SC5314,Ca21chr7_C_albicans_SC5314,Ca21chr7_C_albicans_SC5314,Ca21chr7_C_albicans_SC5314,Ca21chr7_C_albicans_SC5314,Ca21chr7_C_albicans_SC5314,Ca21chr7_C_albicans_SC5314,Ca21chr7_C_albicans_SC5314,Ca21chr7_C_albicans_SC5314,Ca21chr7_C_albicans_SC5314,Ca21chr7_C_albicans_SC5314,Ca21chr7_C_albicans_SC5314,Ca21chr7_C_albicans_SC5314,Ca21chr7_C_albicans_SC5314,Ca21chr7_C_albicans_SC5314,Ca21chr7_C_albicans_SC5314,Ca21chr7_C_albicans_SC5314,Ca21chr7_C_albicans_SC5314,Ca21chr7_C_albicans_SC5314,Ca21chr7_C_albicans_SC5314,Ca21chr7_C_albicans_SC5314,Ca21chr7_C_albicans_SC5314,Ca21chr7_C_albicans_SC5314,Ca21chr7_C_albicans_SC5314,Ca21chr7_C_albicans_SC5314,Ca21chr7_C_albicans_SC5314,Ca21chr7_C_albicans_SC5314,Ca21chr7_C_albicans_SC5314,Ca21chr7_C_albicans_SC5314,Ca21chr7_C_albicans_SC5314,Ca21chr7_C_albicans_SC5314,Ca21chr7_C_albicans_SC5314,Ca21chr7_C_albicans_SC5314,Ca21chr7_C_albicans_SC5314,Ca21chr7_C_albicans_SC5314,Ca21chr7_C_albicans_SC5314,Ca21chr7_C_albicans_SC5314,Ca21chr7_C_albicans_SC5314,Ca21chr7_C_albicans_SC5314,Ca21chr7_C_albicans_SC5314,Ca21chr7_C_albicans_SC5314,Ca21chr7_C_albicans_SC5314,Ca21chr7_C_albicans_SC5314,Ca21chr7_C_albicans_SC5314,Ca21chr7_C_albicans_SC5314,Ca21chr7_C_albicans_SC5314,Ca21chr7_C_albicans_SC5314,Ca21chr7_C_albicans_SC5314,Ca21chr7_C_albicans_SC5314,Ca21chr7_C_albicans_SC5314,Ca21chr7_C_albicans_SC5314,Ca21chr7_C_albicans_SC5314,Ca21chr7_C_albicans_SC5314,Ca21chr7_C_albicans_SC5314,Ca21chr7_C_albicans_SC5314,Ca21chr7_C_albicans_SC5314,Ca21chr7_C_albicans_SC5314,Ca21chr7_C_albicans_SC5314,Ca21chr7_C_albicans_SC5314,Ca21chr7_C_albicans_SC5314,Ca21chr7_C_albicans_SC5314,Ca21chr7_C_albicans_SC5314,Ca21chr7_C_albicans_SC5314,Ca21chr7_C_albicans_SC5314,Ca21chr7_C_albicans_SC5314,Ca21chr7_C_albicans_SC5314,Ca21chr7_C_albicans_SC5314,Ca21chr7_C_albicans_SC5314,Ca21chr7_C_albicans_SC5314,Ca21chr7_C_albicans_SC5314,Ca21chr7_C_albicans_SC5314,Ca21chr7_C_albicans_SC5314,Ca21chr7_C_albicans_SC5314,Ca21chr7_C_albicans_SC5314,Ca21chr7_C_albicans_SC5314,Ca21chr7_C_albicans_SC5314,Ca21chr7_C_albicans_SC5314,Ca21chr7_C_albicans_SC5314,Ca21chr7_C_albicans_SC5314,Ca21chr7_C_albicans_SC5314,Ca21chr7_C_albicans_SC5314,Ca21chr7_C_albicans_SC5314,Ca21chr7_C_albicans_SC5314,Ca21chr7_C_albicans_SC5314,Ca21chr7_C_albicans_SC5314,Ca21chr7_C_albicans_SC5314,Ca21chr7_C_albicans_SC5314,Ca21chr7_C_albicans_SC5314,Ca21chr7_C_albicans_SC5314,Ca21chr7_C_albicans_SC5314,Ca21chr7_C_albicans_SC5314,Ca21chr7_C_albicans_SC5314,Ca21chr7_C_albicans_SC5314,Ca21chr7_C_albicans_SC5314,Ca21chr7_C_albicans_SC5314,Ca21chr7_C_albicans_SC5314,Ca21chr7_C_albicans_SC5314,Ca21chr7_C_albicans_SC5314,Ca21chr7_C_albicans_SC5314,Ca21chr7_C_albicans_SC5314,Ca21chr7_C_albicans_SC5314,Ca21chr7_C_albicans_SC5314,Ca21chr7_C_albicans_SC5314,Ca21chr7_C_albicans_SC5314,Ca21chr7_C_albicans_SC5314,Ca21chr7_C_albicans_SC5314,Ca21chr7_C_albicans_SC5314,Ca21chr7_C_albicans_SC5314,Ca21chr7_C_albicans_SC5314,Ca21chr7_C_albicans_SC5314,Ca21chr7_C_albicans_SC5314,Ca21chr7_C_albicans_SC5314,Ca21chr7_C_albicans_SC5314,Ca21chr7_C_albicans_SC5314,Ca21chr7_C_albicans_SC5314,Ca21chr7_C_albicans_SC5314,Ca21chr7_C_albicans_SC5314,Ca21chr7_C_albicans_SC5314,Ca21chr7_C_albicans_SC5314,Ca21chr7_C_albicans_SC5314,Ca21chr7_C_albicans_SC5314,Ca21chr7_C_albicans_SC5314,Ca21chr7_C_albicans_SC5314,Ca21chr7_C_albicans_SC5314,Ca21chr7_C_albicans_SC5314,Ca21chr7_C_albicans_SC5314,Ca21chr7_C_albicans_SC5314,Ca21chr7_C_albicans_SC5314,Ca21chr7_C_albicans_SC5314,Ca21chr7_C_albicans_SC5314,Ca21chr7_C_albicans_SC5314,Ca21chr7_C_albicans_SC5314,Ca21chr7_C_albicans_SC5314,Ca21chr7_C_albicans_SC5314,Ca21chr7_C_albicans_SC5314,Ca21chr7_C_albicans_SC5314,Ca21chr7_C_albicans_SC5314,Ca21chr7_C_albicans_SC5314,Ca21chr7_C_albicans_SC5314,Ca21chr7_C_albicans_SC5314,Ca21chr7_C_albicans_SC5314,Ca21chr7_C_albicans_SC5314,Ca21chr7_C_albicans_SC5314,Ca21chr7_C_albicans_SC5314,Ca21chr7_C_albicans_SC5314,Ca21chr7_C_albicans_SC5314,Ca21chr7_C_albicans_SC5314,Ca21chr7_C_albicans_SC5314,Ca21chr7_C_albicans_SC5314,Ca21chr7_C_albicans_SC5314,Ca21chr7_C_albicans_SC5314,Ca21chr7_C_albicans_SC5314,Ca21chr7_C_albicans_SC5314,Ca21chr7_C_albicans_SC5314,Ca21chr7_C_albicans_SC5314,Ca21chr7_C_albicans_SC5314,Ca21chr7_C_albicans_SC5314,Ca21chr7_C_albicans_SC5314,Ca21chr7_C_albicans_SC5314,Ca21chr7_C_albicans_SC5314,Ca21chr7_C_albicans_SC5314,Ca21chr7_C_albicans_SC5314,Ca21chr7_C_albicans_SC5314,Ca21chr7_C_albicans_SC5314,Ca21chr7_C_albicans_SC5314,Ca21chr7_C_albicans_SC5314,Ca21chr7_C_albicans_SC5314,Ca21chr7_C_albicans_SC5314,Ca21chr7_C_albicans_SC5314,Ca21chr7_C_albicans_SC5314,Ca21chr7_C_albicans_SC5314,Ca21chr7_C_albicans_SC5314,Ca21chr7_C_albicans_SC5314,Ca21chr7_C_albicans_SC5314,Ca21chr7_C_albicans_SC5314,Ca21chr7_C_albicans_SC5314,Ca21chr7_C_albicans_SC5314,Ca21chr7_C_albicans_SC5314,Ca21chr7_C_albicans_SC5314,Ca21chr7_C_albicans_SC5314,Ca21chr7_C_albicans_SC5314,Ca21chr7_C_albicans_SC5314,Ca21chr7_C_albicans_SC5314,Ca21chr7_C_albicans_SC5314,Ca21chr7_C_albicans_SC5314,Ca21chr7_C_albicans_SC5314,Ca21chr7_C_albicans_SC5314,Ca21chr7_C_albicans_SC5314,Ca21chr7_C_albicans_SC5314,Ca21chr7_C_albicans_SC5314,Ca21chr7_C_albicans_SC5314,Ca21chr7_C_albicans_SC5314,Ca21chr7_C_albicans_SC5314,Ca21chr7_C_albicans_SC5314,Ca21chr7_C_albicans_SC5314,Ca21chr7_C_albicans_SC5314,Ca21chr7_C_albicans_SC5314,Ca21chr7_C_albicans_SC5314,Ca21chr7_C_albicans_SC5314,Ca21chr7_C_albicans_SC5314,Ca21chr7_C_albicans_SC5314,Ca21chr7_C_albicans_SC5314,Ca21chr7_C_albicans_SC5314,Ca21chr7_C_albicans_SC5314,Ca21chr7_C_albicans_SC5314,Ca21chr7_C_albicans_SC5314,Ca21chr7_C_albicans_SC5314,Ca21chr7_C_albicans_SC5314,Ca21chr7_C_albicans_SC5314,Ca21chr7_C_albicans_SC5314,Ca21chr7_C_albicans_SC5314,Ca21chr7_C_albicans_SC5314,Ca21chr7_C_albicans_SC5314,Ca21chr7_C_albicans_SC5314,Ca21chr7_C_albicans_SC5314,Ca21chr7_C_albicans_SC5314,Ca21chr7_C_albicans_SC5314,Ca21chr7_C_albicans_SC5314,Ca21chr7_C_albicans_SC5314,Ca21chr7_C_albicans_SC5314,Ca21chr7_C_albicans_SC5314,Ca21chr7_C_albicans_SC5314,Ca21chr7_C_albicans_SC5314,Ca21chr7_C_albicans_SC5314,Ca21chr7_C_albicans_SC5314,Ca21chr7_C_albicans_SC5314,Ca21chr7_C_albicans_SC5314,Ca21chr7_C_albicans_SC5314,Ca21chr7_C_albicans_SC5314,Ca21chr7_C_albicans_SC5314,Ca21chr7_C_albicans_SC5314,Ca21chr7_C_albicans_SC5314,Ca21chr7_C_albicans_SC5314,Ca21chr7_C_albicans_SC5314,Ca21chr7_C_albicans_SC5314,Ca21chr7_C_albicans_SC5314,Ca21chr7_C_albicans_SC5314,Ca21chr7_C_albicans_SC5314,Ca21chr7_C_albicans_SC5314,Ca21chr7_C_albicans_SC5314,Ca21chr7_C_albicans_SC5314,Ca21chr7_C_albicans_SC5314,Ca21chr7_C_albicans_SC5314,Ca21chr7_C_albicans_SC5314,Ca21chr7_C_albicans_SC5314,Ca21chr7_C_albicans_SC5314,Ca21chr7_C_albicans_SC5314,Ca21chr7_C_albicans_SC5314,Ca21chr7_C_albicans_SC5314,Ca21chr7_C_albicans_SC5314,Ca21chr7_C_albicans_SC5314,Ca21chr7_C_albicans_SC5314,Ca21chr7_C_albicans_SC5314,Ca21chr7_C_albicans_SC5314,Ca21chr7_C_albicans_SC5314,Ca21chr7_C_albicans_SC5314,Ca21chr7_C_albicans_SC5314,Ca21chr7_C_albicans_SC5314,Ca21chr7_C_albicans_SC5314,Ca21chr7_C_albicans_SC5314,Ca21chr7_C_albicans_SC5314,Ca21chr7_C_albicans_SC5314,Ca21chr7_C_albicans_SC5314,Ca21chr7_C_albicans_SC5314,Ca21chr7_C_albicans_SC5314,Ca21chr7_C_albicans_SC5314,Ca21chr7_C_albicans_SC5314,Ca21chr7_C_albicans_SC5314,Ca21chr7_C_albicans_SC5314,Ca21chr7_C_albicans_SC5314,Ca21chr7_C_albicans_SC5314,Ca21chr7_C_albicans_SC5314,Ca21chr7_C_albicans_SC5314,Ca21chr7_C_albicans_SC5314,Ca21chr7_C_albicans_SC5314,Ca21chr7_C_albicans_SC5314,Ca21chr7_C_albicans_SC5314,Ca21chr7_C_albicans_SC5314,Ca21chr7_C_albicans_SC5314,Ca21chr7_C_albicans_SC5314,Ca21chr7_C_albicans_SC5314,Ca21chr7_C_albicans_SC5314,Ca21chr7_C_albicans_SC5314,Ca21chr7_C_albicans_SC5314,Ca21chr7_C_albicans_SC5314,Ca21chr7_C_albicans_SC5314,Ca21chr7_C_albicans_SC5314,Ca21chr7_C_albicans_SC5314,Ca21chr7_C_albicans_SC5314,Ca21chr7_C_albicans_SC5314,Ca21chr7_C_albicans_SC5314,Ca21chr7_C_albicans_SC5314,Ca21chr7_C_albicans_SC5314,Ca21chr7_C_albicans_SC5314,Ca21chr7_C_albicans_SC5314,Ca21chr7_C_albicans_SC5314,Ca21chr7_C_albicans_SC5314,Ca21chr7_C_albicans_SC5314,Ca21chr7_C_albicans_SC5314,Ca21chr7_C_albicans_SC5314,Ca21chr7_C_albicans_SC5314,Ca21chr7_C_albicans_SC5314,Ca21chr7_C_albicans_SC5314,Ca21chr7_C_albicans_SC5314,Ca21chr7_C_albicans_SC5314,Ca21chr7_C_albicans_SC5314,Ca21chr7_C_albicans_SC5314,Ca21chr7_C_albicans_SC5314,Ca21chr7_C_albicans_SC5314,Ca21chr7_C_albicans_SC5314,Ca21chr7_C_albicans_SC5314,Ca21chr7_C_albicans_SC5314,Ca21chr7_C_albicans_SC5314,Ca21chr7_C_albicans_SC5314,Ca21chr7_C_albicans_SC5314,Ca21chr7_C_albicans_SC5314,Ca21chr7_C_albicans_SC5314,Ca21chr7_C_albicans_SC5314,Ca21chr7_C_albicans_SC5314,Ca21chr7_C_albicans_SC5314,Ca21chr7_C_albicans_SC5314,Ca21chr7_C_albicans_SC5314,Ca21chr7_C_albicans_SC5314,Ca21chr7_C_albicans_SC5314,Ca21chr7_C_albicans_SC5314,Ca21chr7_C_albicans_SC5314,Ca21chr7_C_albicans_SC5314,Ca21chr7_C_albicans_SC5314,Ca21chr7_C_albicans_SC5314,Ca21chr7_C_albicans_SC5314,Ca21chr7_C_albicans_SC5314,Ca21chr7_C_albicans_SC5314,Ca21chr7_C_albicans_SC5314,Ca21chr7_C_albicans_SC5314,Ca21chr7_C_albicans_SC5314,Ca21chr7_C_albicans_SC5314,Ca21chr7_C_albicans_SC5314,Ca21chr7_C_albicans_SC5314,Ca21chr7_C_albicans_SC5314,Ca21chr7_C_albicans_SC5314,Ca21chr7_C_albicans_SC5314,Ca21chr7_C_albicans_SC5314,Ca21chr7_C_albicans_SC5314,Ca21chr7_C_albicans_SC5314,Ca21chr7_C_albicans_SC5314,Ca21chr7_C_albicans_SC5314,Ca21chr7_C_albicans_SC5314,Ca21chr7_C_albicans_SC5314,Ca21chr7_C_albicans_SC5314,Ca21chr7_C_albicans_SC5314,Ca21chr7_C_albicans_SC5314,Ca21chr7_C_albicans_SC5314,Ca21chr7_C_albicans_SC5314,Ca21chr7_C_albicans_SC5314,Ca21chr7_C_albicans_SC5314,Ca21chr7_C_albicans_SC5314,Ca21chr7_C_albicans_SC5314,Ca21chr7_C_albicans_SC5314,Ca21chr7_C_albicans_SC5314,Ca21chr7_C_albicans_SC5314,Ca21chr7_C_albicans_SC5314,Ca21chr7_C_albicans_SC5314,Ca21chr7_C_albicans_SC5314,Ca21chr7_C_albicans_SC5314,Ca21chr7_C_albicans_SC5314,Ca21chr7_C_albicans_SC5314,Ca21chr7_C_albicans_SC5314,Ca21chr7_C_albicans_SC5314,Ca21chr7_C_albicans_SC5314,Ca21chr7_C_albicans_SC5314,Ca21chr7_C_albicans_SC5314,Ca21chr7_C_albicans_SC5314,Ca21chr7_C_albicans_SC5314,Ca21chr7_C_albicans_SC5314,Ca21chr7_C_albicans_SC5314,Ca21chr7_C_albicans_SC5314,Ca21chr7_C_albicans_SC5314,Ca21chr7_C_albicans_SC5314,Ca21chr7_C_albicans_SC5314,Ca21chr7_C_albicans_SC5314,Ca21chr7_C_albicans_SC5314,Ca21chr7_C_albicans_SC5314,Ca21chr7_C_albicans_SC5314,Ca21chr7_C_albicans_SC5314,Ca21chr7_C_albicans_SC5314,Ca21chr7_C_albicans_SC5314,Ca21chr7_C_albicans_SC5314,Ca21chr7_C_albicans_SC5314,Ca21chr7_C_albicans_SC5314,Ca21chr7_C_albicans_SC5314,Ca21chr7_C_albicans_SC5314,Ca21chr7_C_albicans_SC5314,Ca21chr7_C_albicans_SC5314,Ca21chr7_C_albicans_SC5314,Ca21chr7_C_albicans_SC5314,Ca21chr7_C_albicans_SC5314,Ca21chr7_C_albicans_SC5314,Ca21chr7_C_albicans_SC5314,Ca21chr7_C_albicans_SC5314,Ca21chr7_C_albicans_SC5314,Ca21chr7_C_albicans_SC5314,Ca21chr7_C_albicans_SC5314,Ca21chr7_C_albicans_SC5314,Ca21chr7_C_albicans_SC5314,Ca21chr7_C_albicans_SC5314,Ca21chr7_C_albicans_SC5314,Ca21chr7_C_albicans_SC5314,Ca21chr7_C_albicans_SC5314,Ca21chr7_C_albicans_SC5314,Ca21chr7_C_albicans_SC5314,Ca21chr7_C_albicans_SC5314,Ca21chr7_C_albicans_SC5314,Ca21chr7_C_albicans_SC5314,Ca21chr7_C_albicans_SC5314,Ca21chr7_C_albicans_SC5314,Ca21chr7_C_albicans_SC5314,Ca21chr7_C_albicans_SC5314,Ca21chr7_C_albicans_SC5314,Ca21chr7_C_albicans_SC5314,Ca21chr7_C_albicans_SC5314,Ca21chr7_C_albicans_SC5314,Ca21chr7_C_albicans_SC5314,Ca21chr7_C_albicans_SC5314,Ca21chr7_C_albicans_SC5314,Ca21chr7_C_albicans_SC5314,Ca21chr7_C_albicans_SC5314,Ca21chr7_C_albicans_SC5314,Ca21chr7_C_albicans_SC5314,Ca21chr7_C_albicans_SC5314,Ca21chr7_C_albicans_SC5314,Ca21chr7_C_albicans_SC5314,Ca21chr7_C_albicans_SC5314,Ca21chr7_C_albicans_SC5314,Ca21chr7_C_albicans_SC5314,Ca21chr7_C_albicans_SC5314,Ca21chr7_C_albicans_SC5314,Ca21chr7_C_albicans_SC5314,Ca21chr7_C_albicans_SC5314,Ca21chr7_C_albicans_SC5314,Ca21chr7_C_albicans_SC5314,Ca21chr7_C_albicans_SC5314,Ca21chr7_C_albicans_SC5314,Ca21chr7_C_albicans_SC5314,Ca21chr7_C_albicans_SC5314,Ca21chr7_C_albicans_SC5314,Ca21chr7_C_albicans_SC5314,Ca21chr7_C_albicans_SC5314,Ca21chr7_C_albicans_SC5314,Ca21chr7_C_albicans_SC5314,Ca21chr7_C_albicans_SC5314,Ca21chr7_C_albicans_SC5314,Ca21chr7_C_albicans_SC5314,Ca21chr7_C_albicans_SC5314,Ca21chr7_C_albicans_SC5314,Ca21chr7_C_albicans_SC5314,Ca21chr7_C_albicans_SC5314,Ca21chr7_C_albicans_SC5314,Ca21chr7_C_albicans_SC5314,Ca21chr7_C_albicans_SC5314,Ca21chr7_C_albicans_SC5314,Ca21chr7_C_albicans_SC5314,Ca21chr7_C_albicans_SC5314,Ca21chr7_C_albicans_SC5314,Ca21chr7_C_albicans_SC5314,Ca21chr7_C_albicans_SC5314,Ca21chr7_C_albicans_SC5314,Ca21chr7_C_albicans_SC5314,Ca21chr7_C_albicans_SC5314,Ca21chr7_C_albicans_SC5314,Ca21chr7_C_albicans_SC5314,Ca21chr7_C_albicans_SC5314,Ca21chr7_C_albicans_SC5314,Ca21chr7_C_albicans_SC5314,Ca21chr7_C_albicans_SC5314,Ca21chr7_C_albicans_SC5314,Ca21chr7_C_albicans_SC5314,Ca21chr7_C_albicans_SC5314,Ca21chr7_C_albicans_SC5314,Ca21chr7_C_albicans_SC5314,Ca21chr7_C_albicans_SC5314,Ca21chr7_C_albicans_SC5314,Ca21chr7_C_albicans_SC5314,Ca21chr7_C_albicans_SC5314,Ca21chr7_C_albicans_SC5314,Ca21chr7_C_albicans_SC5314,Ca21chr7_C_albicans_SC5314,Ca21chr7_C_albicans_SC5314,Ca21chr7_C_albicans_SC5314,Ca21chr7_C_albicans_SC5314,Ca21chr7_C_albicans_SC5314,Ca21chr7_C_albicans_SC5314,Ca21chr7_C_albicans_SC5314,Ca21chr7_C_albicans_SC5314,Ca21chr7_C_albicans_SC5314,Ca21chr7_C_albicans_SC5314,Ca21chr7_C_albicans_SC5314,Ca21chr7_C_albicans_SC5314,Ca21chr7_C_albicans_SC5314,Ca21chr7_C_albicans_SC5314,Ca21chr7_C_albicans_SC5314,Ca21chr7_C_albicans_SC5314,Ca21chr7_C_albicans_SC5314,Ca21chr7_C_albicans_SC5314,Ca21chr7_C_albicans_SC5314,Ca21chr7_C_albicans_SC5314,Ca21chr7_C_albicans_SC5314,Ca21chr7_C_albicans_SC5314,Ca21chr7_C_albicans_SC5314,Ca21chr7_C_albicans_SC5314,Ca21chr7_C_albicans_SC5314,Ca21chr7_C_albicans_SC5314,Ca21chr7_C_albicans_SC5314,Ca21chr7_C_albicans_SC5314,Ca21chr7_C_albicans_SC5314,Ca21chr7_C_albicans_SC5314,Ca21chr7_C_albicans_SC5314,Ca21chr7_C_albicans_SC5314,Ca21chr7_C_albicans_SC5314,Ca21chr7_C_albicans_SC5314,Ca21chr7_C_albicans_SC5314,Ca21chr7_C_albicans_SC5314,Ca21chr7_C_albicans_SC5314,Ca21chr7_C_albicans_SC5314,Ca21chr7_C_albicans_SC5314,Ca21chr7_C_albicans_SC5314,Ca21chr7_C_albicans_SC5314,Ca21chr7_C_albicans_SC5314,Ca21chr7_C_albicans_SC5314,Ca21chr7_C_albicans_SC5314,Ca21chr7_C_albicans_SC5314,Ca21chr7_C_albicans_SC5314,Ca21chr7_C_albicans_SC5314,Ca21chr7_C_albicans_SC5314,Ca21chr7_C_albicans_SC5314,Ca21chr7_C_albicans_SC5314,Ca21chr7_C_albicans_SC5314,Ca21chr7_C_albicans_SC5314,Ca21chr7_C_albicans_SC5314,Ca21chr7_C_albicans_SC5314,Ca21chr7_C_albicans_SC5314,Ca21chr7_C_albicans_SC5314,Ca21chr7_C_albicans_SC5314,Ca21chr7_C_albicans_SC5314,Ca21chr7_C_albicans_SC5314,Ca21chr7_C_albicans_SC5314,Ca21chr7_C_albicans_SC5314,Ca21chr7_C_albicans_SC5314,Ca21chr7_C_albicans_SC5314,Ca21chr7_C_albicans_SC5314,Ca21chr7_C_albicans_SC5314,Ca21chr7_C_albicans_SC5314,Ca21chr7_C_albicans_SC5314,Ca21chr7_C_albicans_SC5314,Ca21chr7_C_albicans_SC5314,Ca21chr7_C_albicans_SC5314,Ca21chr7_C_albicans_SC5314,Ca21chr7_C_albicans_SC5314,Ca21chr7_C_albicans_SC5314,Ca21chr7_C_albicans_SC5314,Ca21chr7_C_albicans_SC5314,Ca21chr7_C_albicans_SC5314,Ca21chr7_C_albicans_SC5314,Ca21chr7_C_albicans_SC5314,Ca21chr7_C_albicans_SC5314,Ca21chr7_C_albicans_SC5314,Ca21chr7_C_albicans_SC5314,Ca21chr7_C_albicans_SC5314,Ca21chr7_C_albicans_SC5314,Ca21chr7_C_albicans_SC5314,Ca21chr7_C_albicans_SC5314,Ca21chr7_C_albicans_SC5314,Ca21chr7_C_albicans_SC5314,Ca21chr7_C_albicans_SC5314,Ca21chr7_C_albicans_SC5314,Ca21chr7_C_albicans_SC5314,Ca21chr7_C_albicans_SC5314,Ca21chr7_C_albicans_SC5314,Ca21chr7_C_albicans_SC5314,Ca21chr7_C_albicans_SC5314,Ca21chr7_C_albicans_SC5314,Ca21chr7_C_albicans_SC5314,Ca21chr7_C_albicans_SC5314,Ca21chr7_C_albicans_SC5314,Ca21chr7_C_albicans_SC5314,Ca21chr7_C_albicans_SC5314,Ca21chr7_C_albicans_SC5314,Ca21chr7_C_albicans_SC5314,Ca21chr7_C_albicans_SC5314,Ca21chr7_C_albicans_SC5314,Ca21chr7_C_albicans_SC5314,Ca21chr7_C_albicans_SC5314,Ca21chr7_C_albicans_SC5314,Ca21chr7_C_albicans_SC5314,Ca21chr7_C_albicans_SC5314,Ca21chr7_C_albicans_SC5314,Ca21chr7_C_albicans_SC5314,Ca21chr7_C_albicans_SC5314,Ca21chr7_C_albicans_SC5314,Ca21chr7_C_albicans_SC5314,Ca21chr7_C_albicans_SC5314,Ca21chr7_C_albicans_SC5314,Ca21chr7_C_albicans_SC5314,Ca21chr7_C_albicans_SC5314,Ca21chr7_C_albicans_SC5314,Ca21chr7_C_albicans_SC5314,Ca21chr7_C_albicans_SC5314,Ca21chr7_C_albicans_SC5314,Ca21chr7_C_albicans_SC5314,Ca21chr7_C_albicans_SC5314,Ca21chr7_C_albicans_SC5314,Ca21chr7_C_albicans_SC5314,Ca21chr7_C_albicans_SC5314,Ca21chr7_C_albicans_SC5314,Ca21chr7_C_albicans_SC5314,Ca21chr7_C_albicans_SC5314,Ca21chr7_C_albicans_SC5314,Ca21chr7_C_albicans_SC5314,Ca21chr7_C_albicans_SC5314,Ca21chr7_C_albicans_SC5314,Ca21chr7_C_albicans_SC5314,Ca21chr7_C_albicans_SC5314,Ca21chr7_C_albicans_SC5314,Ca21chr7_C_albicans_SC5314,Ca21chr7_C_albicans_SC5314,Ca21chr7_C_albicans_SC5314,Ca21chr7_C_albicans_SC5314,Ca21chr7_C_albicans_SC5314,Ca21chr7_C_albicans_SC5314,Ca21chr7_C_albicans_SC5314,Ca21chr7_C_albicans_SC5314,Ca21chr7_C_albicans_SC5314,Ca21chr7_C_albicans_SC5314,Ca21chr7_C_albicans_SC5314,Ca21chr7_C_albicans_SC5314,Ca21chr7_C_albicans_SC5314,Ca21chr7_C_albicans_SC5314,Ca21chr7_C_albicans_SC5314,Ca21chr7_C_albicans_SC5314,Ca21chr7_C_albicans_SC5314,Ca21chr7_C_albicans_SC5314,Ca21chr7_C_albicans_SC5314,Ca21chr7_C_albicans_SC5314,Ca21chr7_C_albicans_SC5314,Ca21chr7_C_albicans_SC5314,Ca21chr7_C_albicans_SC5314,Ca21chr7_C_albicans_SC5314,Ca21chr7_C_albicans_SC5314,Ca21chr7_C_albicans_SC5314,Ca21chr7_C_albicans_SC5314,Ca21chr7_C_albicans_SC5314,Ca21chr7_C_albicans_SC5314,Ca21chr7_C_albicans_SC5314,Ca21chr7_C_albicans_SC5314,Ca21chr7_C_albicans_SC5314,Ca21chr7_C_albicans_SC5314,Ca21chr7_C_albicans_SC5314,Ca21chr7_C_albicans_SC5314,Ca21chr7_C_albicans_SC5314,Ca21chr7_C_albicans_SC5314,Ca21chr7_C_albicans_SC5314,Ca21chr7_C_albicans_SC5314,Ca21chr7_C_albicans_SC5314,Ca21chr7_C_albicans_SC5314,Ca21chr7_C_albicans_SC5314,Ca21chr7_C_albicans_SC5314,Ca21chr7_C_albicans_SC5314,Ca21chr7_C_albicans_SC5314,Ca21chr7_C_albicans_SC5314,Ca21chr7_C_albicans_SC5314,Ca21chr7_C_albicans_SC5314,Ca21chr7_C_albicans_SC5314,Ca21chr7_C_albicans_SC5314,Ca21chr7_C_albicans_SC5314,Ca21chr7_C_albicans_SC5314,Ca21chr7_C_albicans_SC5314,Ca21chr7_C_albicans_SC5314,Ca21chr7_C_albicans_SC5314,Ca21chr7_C_albicans_SC5314,Ca21chr7_C_albicans_SC5314,Ca21chr7_C_albicans_SC5314,Ca21chr7_C_albicans_SC5314,Ca21chr7_C_albicans_SC5314,Ca21chr7_C_albicans_SC5314,Ca21chr7_C_albicans_SC5314,Ca21chr7_C_albicans_SC5314,Ca21chr7_C_albicans_SC5314,Ca21chr7_C_albicans_SC5314,Ca21chr7_C_albicans_SC5314,Ca21chr7_C_albicans_SC5314,Ca21chr7_C_albicans_SC5314,Ca21chr7_C_albicans_SC5314,Ca21chr7_C_albicans_SC5314,Ca21chr7_C_albicans_SC5314,Ca21chr7_C_albicans_SC5314,Ca21chr7_C_albicans_SC5314,Ca21chr7_C_albicans_SC5314,Ca21chr7_C_albicans_SC5314,Ca21chr7_C_albicans_SC5314,Ca21chr7_C_albicans_SC5314,Ca21chr7_C_albicans_SC5314,Ca21chr7_C_albicans_SC5314,Ca21chr7_C_albicans_SC5314,Ca21chr7_C_albicans_SC5314,Ca21chr7_C_albicans_SC5314,Ca21chr7_C_albicans_SC5314,Ca21chr7_C_albicans_SC5314,Ca21chr7_C_albicans_SC5314,Ca21chr7_C_albicans_SC5314,Ca21chr7_C_albicans_SC5314,Ca21chr7_C_albicans_SC5314,Ca21chr7_C_albicans_SC5314,Ca21chr7_C_albicans_SC5314,Ca21chr7_C_albicans_SC5314,Ca21chr7_C_albicans_SC5314,Ca21chr7_C_albicans_SC5314,Ca21chr7_C_albicans_SC5314,Ca21chr7_C_albicans_SC5314,Ca21chr7_C_albicans_SC5314,Ca21chr7_C_albicans_SC5314,Ca21chr7_C_albicans_SC5314,Ca21chr7_C_albicans_SC5314,Ca21chr7_C_albicans_SC5314,Ca21chr7_C_albicans_SC5314,Ca21chr7_C_albicans_SC5314,Ca21chr7_C_albicans_SC5314,Ca21chr7_C_albicans_SC5314,Ca21chr7_C_albicans_SC5314,Ca21chr7_C_albicans_SC5314,Ca21chr7_C_albicans_SC5314,Ca21chr7_C_albicans_SC5314,Ca21chr7_C_albicans_SC5314,Ca21chr7_C_albicans_SC5314,Ca21chr7_C_albicans_SC5314,Ca21chr7_C_albicans_SC5314,Ca21chr7_C_albicans_SC5314,Ca21chr7_C_albicans_SC5314,Ca21chr7_C_albicans_SC5314,Ca21chr7_C_albicans_SC5314,Ca21chr7_C_albicans_SC5314,Ca21chr7_C_albicans_SC5314,Ca21chr7_C_albicans_SC5314,Ca21chr7_C_albicans_SC5314,Ca21chr7_C_albicans_SC5314,Ca21chr7_C_albicans_SC5314,Ca21chr7_C_albicans_SC5314,Ca21chr7_C_albicans_SC5314,Ca21chr7_C_albicans_SC5314,Ca21chr7_C_albicans_SC5314,Ca21chr7_C_albicans_SC5314,Ca21chr7_C_albicans_SC5314,Ca21chr7_C_albicans_SC5314,Ca21chr7_C_albicans_SC5314,Ca21chr7_C_albicans_SC5314,Ca21chr7_C_albicans_SC5314,Ca21chr7_C_albicans_SC5314,Ca21chr7_C_albicans_SC5314,Ca21chr7_C_albicans_SC5314,Ca21chr7_C_albicans_SC5314,Ca21chr7_C_albicans_SC5314,Ca21chr7_C_albicans_SC5314,Ca21chr7_C_albicans_SC5314,Ca21chr7_C_albicans_SC5314,Ca21chr7_C_albicans_SC5314,Ca21chr7_C_albicans_SC5314,Ca21chr7_C_albicans_SC5314,Ca21chr7_C_albicans_SC5314,Ca21chr7_C_albicans_SC5314,Ca21chr7_C_albicans_SC5314,Ca21chr7_C_albicans_SC5314,Ca21chr7_C_albicans_SC5314,Ca21chr7_C_albicans_SC5314,Ca21chr7_C_albicans_SC5314,Ca21chr7_C_albicans_SC5314,Ca21chr7_C_albicans_SC5314,Ca21chr7_C_albicans_SC5314,Ca21chr7_C_albicans_SC5314,Ca21chr7_C_albicans_SC5314,Ca21chr7_C_albicans_SC5314,Ca21chr7_C_albicans_SC5314,Ca21chr7_C_albicans_SC5314,Ca21chr7_C_albicans_SC5314,Ca21chr7_C_albicans_SC5314,Ca21chr7_C_albicans_SC5314,Ca21chr7_C_albicans_SC5314,Ca21chr7_C_albicans_SC5314,Ca21chr7_C_albicans_SC5314,Ca21chr7_C_albicans_SC5314,Ca21chr7_C_albicans_SC5314,Ca21chr7_C_albicans_SC5314,Ca21chr7_C_albicans_SC5314,Ca21chr7_C_albicans_SC5314,Ca21chr7_C_albicans_SC5314,Ca21chr7_C_albicans_SC5314,Ca21chr7_C_albicans_SC5314,Ca21chr7_C_albicans_SC5314,Ca21chr7_C_albicans_SC5314,Ca21chr7_C_albicans_SC5314,Ca21chr7_C_albicans_SC5314,Ca21chr7_C_albicans_SC5314,Ca21chr7_C_albicans_SC5314,Ca21chr7_C_albicans_SC5314,Ca21chr7_C_albicans_SC5314,Ca21chr7_C_albicans_SC5314,Ca21chr7_C_albicans_SC5314,Ca21chr7_C_albicans_SC5314,Ca21chr7_C_albicans_SC5314,Ca21chr7_C_albicans_SC5314,Ca21chr7_C_albicans_SC5314,Ca21chr7_C_albicans_SC5314,Ca21chr7_C_albicans_SC5314,Ca21chr7_C_albicans_SC5314,Ca21chr7_C_albicans_SC5314,Ca21chr7_C_albicans_SC5314,Ca21chr7_C_albicans_SC5314,Ca21chr7_C_albicans_SC5314,Ca21chr7_C_albicans_SC5314,Ca21chr7_C_albicans_SC5314,Ca21chr7_C_albicans_SC5314,Ca21chr7_C_albicans_SC5314,Ca21chr7_C_albicans_SC5314,Ca21chr7_C_albicans_SC5314,Ca21chr7_C_albicans_SC5314,Ca21chr7_C_albicans_SC5314,Ca21chr7_C_albicans_SC5314,Ca21chr7_C_albicans_SC5314,Ca21chr7_C_albicans_SC5314,Ca21chr7_C_albicans_SC5314,Ca21chr7_C_albicans_SC5314,Ca21chr7_C_albicans_SC5314,Ca21chr7_C_albicans_SC5314,Ca21chr7_C_albicans_SC5314,Ca21chr7_C_albicans_SC5314,Ca21chr7_C_albicans_SC5314,Ca21chr7_C_albicans_SC5314,Ca21chr7_C_albicans_SC5314,Ca21chr7_C_albicans_SC5314,Ca21chr7_C_albicans_SC5314,Ca21chr7_C_albicans_SC5314,Ca21chr7_C_albicans_SC5314,Ca21chr7_C_albicans_SC5314,Ca21chr7_C_albicans_SC5314,Ca21chr7_C_albicans_SC5314,Ca21chr7_C_albicans_SC5314,Ca21chr7_C_albicans_SC5314,Ca21chr7_C_albicans_SC5314,Ca21chr7_C_albicans_SC5314,Ca21chr7_C_albicans_SC5314,Ca21chr7_C_albicans_SC5314,Ca21chr7_C_albicans_SC5314,Ca21chr7_C_albicans_SC5314,Ca21chr7_C_albicans_SC5314,Ca21chr7_C_albicans_SC5314,Ca21chr7_C_albicans_SC5314,Ca21chr7_C_albicans_SC5314,Ca21chr7_C_albicans_SC5314,Ca21chr7_C_albicans_SC5314,Ca21chr7_C_albicans_SC5314,Ca21chr7_C_albicans_SC5314,Ca21chr7_C_albicans_SC5314,Ca21chr7_C_albicans_SC5314,Ca21chr7_C_albicans_SC5314,Ca21chr7_C_albicans_SC5314,Ca21chr7_C_albicans_SC5314,Ca21chr7_C_albicans_SC5314,Ca21chr7_C_albicans_SC5314,Ca21chr7_C_albicans_SC5314,Ca21chr7_C_albicans_SC5314,Ca21chr7_C_albicans_SC5314,Ca21chr7_C_albicans_SC5314,Ca21chr7_C_albicans_SC5314,Ca21chr7_C_albicans_SC5314,Ca21chr7_C_albicans_SC5314,Ca21chr7_C_albicans_SC5314,Ca21chr7_C_albicans_SC5314,Ca21chr7_C_albicans_SC5314,Ca21chr7_C_albicans_SC5314,Ca21chr7_C_albicans_SC5314,Ca21chr7_C_albicans_SC5314,Ca21chr7_C_albicans_SC5314,Ca21chr7_C_albicans_SC5314,Ca21chr7_C_albicans_SC5314,Ca21chr7_C_albicans_SC5314,Ca21chr7_C_albicans_SC5314,Ca21chr7_C_albicans_SC5314,Ca21chr7_C_albicans_SC5314,Ca21chr7_C_albicans_SC5314,Ca21chr7_C_albicans_SC5314,Ca21chr7_C_albicans_SC5314,Ca21chr7_C_albicans_SC5314,Ca21chr7_C_albicans_SC5314,Ca21chr7_C_albicans_SC5314,Ca21chr7_C_albicans_SC5314,Ca21chr7_C_albicans_SC5314,Ca21chr7_C_albicans_SC5314,Ca21chr7_C_albicans_SC5314,Ca21chr7_C_albicans_SC5314,Ca21chr7_C_albicans_SC5314,Ca21chr7_C_albicans_SC5314,Ca21chr7_C_albicans_SC5314,Ca21chr7_C_albicans_SC5314,Ca21chr7_C_albicans_SC5314,Ca21chr7_C_albicans_SC5314,Ca21chr7_C_albicans_SC5314,Ca21chr7_C_albicans_SC5314,Ca21chr7_C_albicans_SC5314,Ca21chr7_C_albicans_SC5314,Ca21chr7_C_albicans_SC5314,Ca21chr7_C_albicans_SC5314,Ca21chr7_C_albicans_SC5314,Ca21chr7_C_albicans_SC5314,Ca21chr7_C_albicans_SC5314,Ca21chr7_C_albicans_SC5314,Ca21chr7_C_albicans_SC5314,Ca21chr7_C_albicans_SC5314,Ca21chr7_C_albicans_SC5314,Ca21chr7_C_albicans_SC5314,Ca21chr7_C_albicans_SC5314,Ca21chr7_C_albicans_SC5314,Ca21chr7_C_albicans_SC5314,Ca21chr7_C_albicans_SC5314,Ca21chr7_C_albicans_SC5314,Ca21chr7_C_albicans_SC5314,Ca21chr7_C_albicans_SC5314,Ca21chr7_C_albicans_SC5314,Ca21chr7_C_albicans_SC5314,Ca21chr7_C_albicans_SC5314,Ca21chr7_C_albicans_SC5314,Ca21chr7_C_albicans_SC5314,Ca21chr7_C_albicans_SC5314,Ca21chr7_C_albicans_SC5314,Ca21chr7_C_albicans_SC5314,Ca21chr7_C_albicans_SC5314,Ca21chr7_C_albicans_SC5314,Ca21chr7_C_albicans_SC5314,Ca21chr7_C_albicans_SC5314,Ca21chr7_C_albicans_SC5314,Ca21chr7_C_albicans_SC5314,Ca21chr7_C_albicans_SC5314,Ca21chr7_C_albicans_SC5314,Ca21chr7_C_albicans_SC5314,Ca21chr7_C_albicans_SC5314,Ca21chr7_C_albicans_SC5314,Ca21chr7_C_albicans_SC5314,Ca21chr7_C_albicans_SC5314,Ca21chr7_C_albicans_SC5314,Ca21chr7_C_albicans_SC5314,Ca21chr7_C_albicans_SC5314,Ca21chr7_C_albicans_SC5314,Ca21chr7_C_albicans_SC5314,Ca21chr7_C_albicans_SC5314,Ca21chr7_C_albicans_SC5314,Ca21chr7_C_albicans_SC5314,Ca21chr7_C_albicans_SC5314,Ca21chr7_C_albicans_SC5314,Ca21chr7_C_albicans_SC5314,Ca21chr7_C_albicans_SC5314,Ca21chr7_C_albicans_SC5314,Ca21chr7_C_albicans_SC5314,Ca21chr7_C_albicans_SC5314,Ca21chr7_C_albicans_SC5314,Ca21chr7_C_albicans_SC5314,Ca21chr7_C_albicans_SC5314,Ca21chr7_C_albicans_SC5314,Ca21chr7_C_albicans_SC5314,Ca21chr7_C_albicans_SC5314,Ca21chr7_C_albicans_SC5314,Ca21chr7_C_albicans_SC5314,Ca21chr7_C_albicans_SC5314,Ca21chr7_C_albicans_SC5314,Ca21chr7_C_albicans_SC5314,Ca21chr7_C_albicans_SC5314,Ca21chr7_C_albicans_SC5314,Ca21chr7_C_albicans_SC5314,Ca21chr7_C_albicans_SC5314,Ca21chr7_C_albicans_SC5314,Ca21chr7_C_albicans_SC5314,Ca21chr7_C_albicans_SC5314,Ca21chr7_C_albicans_SC5314,Ca21chr7_C_albicans_SC5314,Ca21chr7_C_albicans_SC5314,Ca21chr7_C_albicans_SC5314,Ca21chr7_C_albicans_SC5314,Ca21chr7_C_albicans_SC5314,Ca21chr7_C_albicans_SC5314,Ca21chr7_C_albicans_SC5314,Ca21chr7_C_albicans_SC5314,Ca21chr7_C_albicans_SC5314,Ca21chr7_C_albicans_SC5314,Ca21chr7_C_albicans_SC5314,Ca21chr7_C_albicans_SC5314,Ca21chr7_C_albicans_SC5314,Ca21chr7_C_albicans_SC5314,Ca21chr7_C_albicans_SC5314,Ca21chr7_C_albicans_SC5314,Ca21chr7_C_albicans_SC5314,Ca21chr7_C_albicans_SC5314,Ca21chr7_C_albicans_SC5314,Ca21chr7_C_albicans_SC5314,Ca21chr7_C_albicans_SC5314,Ca21chr7_C_albicans_SC5314,Ca21chr7_C_albicans_SC5314,Ca21chr7_C_albicans_SC5314,Ca21chr7_C_albicans_SC5314,Ca21chr7_C_albicans_SC5314,Ca21chr7_C_albicans_SC5314,Ca21chr7_C_albicans_SC5314,Ca21chr7_C_albicans_SC5314,Ca21chr7_C_albicans_SC5314,Ca21chr7_C_albicans_SC5314,Ca21chr7_C_albicans_SC5314,Ca21chr7_C_albicans_SC5314,Ca21chr7_C_albicans_SC5314,Ca21chr7_C_albicans_SC5314,Ca21chr7_C_albicans_SC5314,Ca21chr7_C_albicans_SC5314,Ca21chr7_C_albicans_SC5314,Ca21chr7_C_albicans_SC5314,Ca21chr7_C_albicans_SC5314,Ca21chr7_C_albicans_SC5314,Ca21chr7_C_albicans_SC5314,Ca21chr7_C_albicans_SC5314,Ca21chr7_C_albicans_SC5314,Ca21chr7_C_albicans_SC5314,Ca21chr7_C_albicans_SC5314,Ca21chr7_C_albicans_SC5314,Ca21chr7_C_albicans_SC5314,Ca21chr7_C_albicans_SC5314,Ca21chr7_C_albicans_SC5314,Ca21chr7_C_albicans_SC5314,Ca21chr7_C_albicans_SC5314,Ca21chr7_C_albicans_SC5314,Ca21chr7_C_albicans_SC5314,Ca21chr7_C_albicans_SC5314,Ca21chr7_C_albicans_SC5314,Ca21chr7_C_albicans_SC5314,Ca21chr7_C_albicans_SC5314,Ca21chr7_C_albicans_SC5314,Ca21chr7_C_albicans_SC5314,Ca21chr7_C_albicans_SC5314,Ca21chr7_C_albicans_SC5314,Ca21chr7_C_albicans_SC5314,Ca21chr7_C_albicans_SC5314,Ca21chr7_C_albicans_SC5314,Ca21chr7_C_albicans_SC5314,Ca21chr7_C_albicans_SC5314,Ca21chr7_C_albicans_SC5314,Ca21chr7_C_albicans_SC5314,Ca21chr7_C_albicans_SC5314,Ca21chr7_C_albicans_SC5314,Ca21chr7_C_albicans_SC5314,Ca21chr7_C_albicans_SC5314,Ca21chr7_C_albicans_SC5314,Ca21chr7_C_albicans_SC5314,Ca21chr7_C_albicans_SC5314,Ca21chr7_C_albicans_SC5314,Ca21chr7_C_albicans_SC5314,Ca21chr7_C_albicans_SC5314,Ca21chr7_C_albicans_SC5314,Ca21chr7_C_albicans_SC5314,Ca21chr7_C_albicans_SC5314,Ca21chr7_C_albicans_SC5314,Ca21chr7_C_albicans_SC5314,Ca21chr7_C_albicans_SC5314,Ca21chr7_C_albicans_SC5314,Ca21chr7_C_albicans_SC5314,Ca21chr7_C_albicans_SC5314,Ca21chr7_C_albicans_SC5314,Ca21chr7_C_albicans_SC5314,Ca21chr7_C_albicans_SC5314,Ca21chr7_C_albicans_SC5314,Ca21chr7_C_albicans_SC5314,Ca21chr7_C_albicans_SC5314,Ca21chr7_C_albicans_SC5314,Ca21chr7_C_albicans_SC5314,Ca21chr7_C_albicans_SC5314,Ca21chr7_C_albicans_SC5314,Ca21chr7_C_albicans_SC5314,Ca21chr7_C_albicans_SC5314,Ca21chr7_C_albicans_SC5314,Ca21chr7_C_albicans_SC5314,Ca21chr7_C_albicans_SC5314,Ca21chr7_C_albicans_SC5314,Ca21chr7_C_albicans_SC5314,Ca21chr7_C_albicans_SC5314,Ca21chr7_C_albicans_SC5314,Ca21chr7_C_albicans_SC5314,Ca21chr7_C_albicans_SC5314,Ca21chr7_C_albicans_SC5314,Ca21chr7_C_albicans_SC5314,Ca21chr7_C_albicans_SC5314,Ca21chr7_C_albicans_SC5314,Ca21chr7_C_albicans_SC5314,Ca21chr7_C_albicans_SC5314,Ca21chr7_C_albicans_SC5314,Ca21chr7_C_albicans_SC5314,Ca21chr7_C_albicans_SC5314,Ca21chr7_C_albicans_SC5314,Ca21chr7_C_albicans_SC5314,Ca21chr7_C_albicans_SC5314,Ca21chr7_C_albicans_SC5314,Ca21chr7_C_albicans_SC5314,Ca21chr7_C_albicans_SC5314,Ca21chr7_C_albicans_SC5314,Ca21chr7_C_albicans_SC5314,Ca21chr7_C_albicans_SC5314,Ca21chr7_C_albicans_SC5314,Ca21chr7_C_albicans_SC5314,Ca21chr7_C_albicans_SC5314,Ca21chr7_C_albicans_SC5314,Ca21chr7_C_albicans_SC5314,Ca21chr7_C_albicans_SC5314,Ca21chr7_C_albicans_SC5314,Ca21chr7_C_albicans_SC5314,Ca21chr7_C_albicans_SC5314,Ca21chr7_C_albicans_SC5314,Ca21chr7_C_albicans_SC5314,Ca21chr7_C_albicans_SC5314,Ca21chr7_C_albicans_SC5314,Ca21chr7_C_albicans_SC5314,Ca21chr7_C_albicans_SC5314,Ca21chr7_C_albicans_SC5314,Ca21chr7_C_albicans_SC5314,Ca21chr7_C_albicans_SC5314,Ca21chr7_C_albicans_SC5314,Ca21chr7_C_albicans_SC5314,Ca21chr7_C_albicans_SC5314,Ca21chr7_C_albicans_SC5314,Ca21chr7_C_albicans_SC5314,Ca21chr7_C_albicans_SC5314,Ca21chr7_C_albicans_SC5314,Ca21chr7_C_albicans_SC5314,Ca21chr7_C_albicans_SC5314,Ca21chr7_C_albicans_SC5314,Ca21chr7_C_albicans_SC5314,Ca21chr7_C_albicans_SC5314,Ca21chr7_C_albicans_SC5314,Ca21chr7_C_albicans_SC5314,Ca21chr7_C_albicans_SC5314,Ca21chr7_C_albicans_SC5314,Ca21chr7_C_albicans_SC5314,Ca21chr7_C_albicans_SC5314,Ca21chr7_C_albicans_SC5314,Ca21chr7_C_albicans_SC5314,Ca21chr7_C_albicans_SC5314,Ca21chr7_C_albicans_SC5314,Ca21chr7_C_albicans_SC5314,Ca21chr7_C_albicans_SC5314,Ca21chr7_C_albicans_SC5314,Ca21chr7_C_albicans_SC5314,Ca21chr7_C_albicans_SC5314,Ca21chr7_C_albicans_SC5314,Ca21chr7_C_albicans_SC5314,Ca21chr7_C_albicans_SC5314,Ca21chr7_C_albicans_SC5314,Ca21chr7_C_albicans_SC5314,Ca21chr7_C_albicans_SC5314,Ca21chr7_C_albicans_SC5314,Ca21chr7_C_albicans_SC5314,Ca21chr7_C_albicans_SC5314,Ca21chr7_C_albicans_SC5314,Ca21chr7_C_albicans_SC5314,Ca21chr7_C_albicans_SC5314,Ca21chr7_C_albicans_SC5314,Ca21chr7_C_albicans_SC5314,Ca21chr7_C_albicans_SC5314,Ca21chr7_C_albicans_SC5314,Ca21chr7_C_albicans_SC5314,Ca21chr7_C_albicans_SC5314,Ca21chr7_C_albicans_SC5314,Ca21chr7_C_albicans_SC5314,Ca21chr7_C_albicans_SC5314,Ca21chr7_C_albicans_SC5314,Ca21chr7_C_albicans_SC5314,Ca21chr7_C_albicans_SC5314,Ca21chr7_C_albicans_SC5314,Ca21chr7_C_albicans_SC5314,Ca21chr7_C_albicans_SC5314,Ca21chr7_C_albicans_SC5314,Ca21chr7_C_albicans_SC5314,Ca21chr7_C_albicans_SC5314,Ca21chr7_C_albicans_SC5314,Ca21chr7_C_albicans_SC5314,Ca21chr7_C_albicans_SC5314,Ca21chr7_C_albicans_SC5314,Ca21chr7_C_albicans_SC5314,Ca21chr7_C_albicans_SC5314,Ca21chr7_C_albicans_SC5314,Ca21chr7_C_albicans_SC5314,Ca21chr7_C_albicans_SC5314,Ca21chr7_C_albicans_SC5314,Ca21chr7_C_albicans_SC5314,Ca21chr7_C_albicans_SC5314,Ca21chr7_C_albicans_SC5314,Ca21chr7_C_albicans_SC5314,Ca21chr7_C_albicans_SC5314,Ca21chr7_C_albicans_SC5314,Ca21chr7_C_albicans_SC5314,Ca21chr7_C_albicans_SC5314,Ca21chr7_C_albicans_SC5314,Ca21chr7_C_albicans_SC5314,Ca21chr7_C_albicans_SC5314,Ca21chr7_C_albicans_SC5314,Ca21chr7_C_albicans_SC5314,Ca21chr7_C_albicans_SC5314,Ca21chr7_C_albicans_SC5314,Ca21chr7_C_albicans_SC5314,Ca21chr7_C_albicans_SC5314,Ca21chr7_C_albicans_SC5314,Ca21chr7_C_albicans_SC5314,Ca21chr7_C_albicans_SC5314,Ca21chr7_C_albicans_SC5314,Ca21chr7_C_albicans_SC5314,Ca21chr7_C_albicans_SC5314,Ca21chr7_C_albicans_SC5314,Ca21chr7_C_albicans_SC5314,Ca21chr7_C_albicans_SC5314,Ca21chr7_C_albicans_SC5314,Ca21chr7_C_albicans_SC5314,Ca21chr7_C_albicans_SC5314,Ca21chr7_C_albicans_SC5314,Ca21chr7_C_albicans_SC5314,Ca21chr7_C_albicans_SC5314,Ca21chr7_C_albicans_SC5314,Ca21chr7_C_albicans_SC5314,Ca21chr7_C_albicans_SC5314,Ca21chr7_C_albicans_SC5314,Ca21chr7_C_albicans_SC5314,Ca21chr7_C_albicans_SC5314,Ca21chr7_C_albicans_SC5314,Ca21chr7_C_albicans_SC5314,Ca21chr7_C_albicans_SC5314,Ca21chr7_C_albicans_SC5314,Ca21chr7_C_albicans_SC5314,Ca21chr7_C_albicans_SC5314,Ca21chr7_C_albicans_SC5314,Ca21chr7_C_albicans_SC5314,Ca21chr7_C_albicans_SC5314,Ca21chr7_C_albicans_SC5314,Ca21chr7_C_albicans_SC5314,Ca21chr7_C_albicans_SC5314,Ca21chr7_C_albicans_SC5314,Ca21chr7_C_albicans_SC5314,Ca21chr7_C_albicans_SC5314,Ca21chr7_C_albicans_SC5314,Ca21chr7_C_albicans_SC5314,Ca21chr7_C_albicans_SC5314,Ca21chr7_C_albicans_SC5314,Ca21chr7_C_albicans_SC5314,Ca21chr7_C_albicans_SC5314,Ca21chr7_C_albicans_SC5314,Ca21chr7_C_albicans_SC5314,Ca21chr7_C_albicans_SC5314,Ca21chr7_C_albicans_SC5314,Ca21chr7_C_albicans_SC5314,Ca21chr7_C_albicans_SC5314,Ca21chr7_C_albicans_SC5314,Ca21chr7_C_albicans_SC5314,Ca21chr7_C_albicans_SC5314,Ca21chr7_C_albicans_SC5314,Ca21chr7_C_albicans_SC5314,Ca21chr7_C_albicans_SC5314,Ca21chr7_C_albicans_SC5314,Ca21chr7_C_albicans_SC5314,Ca21chr7_C_albicans_SC5314,Ca21chr7_C_albicans_SC5314,Ca21chr7_C_albicans_SC5314,Ca21chr7_C_albicans_SC5314,Ca21chr7_C_albicans_SC5314,Ca21chr7_C_albicans_SC5314,Ca21chr7_C_albicans_SC5314,Ca21chr7_C_albicans_SC5314,Ca21chr7_C_albicans_SC5314,Ca21chr7_C_albicans_SC5314,Ca21chr7_C_albicans_SC5314,Ca21chr7_C_albicans_SC5314,Ca21chr7_C_albicans_SC5314,Ca21chr7_C_albicans_SC5314,Ca21chr7_C_albicans_SC5314,Ca21chr7_C_albicans_SC5314,Ca21chr7_C_albicans_SC5314,Ca21chr7_C_albicans_SC5314,Ca21chr7_C_albicans_SC5314,Ca21chr7_C_albicans_SC5314,Ca21chr7_C_albicans_SC5314,Ca21chr7_C_albicans_SC5314,Ca21chr7_C_albicans_SC5314,Ca21chr7_C_albicans_SC5314,Ca21chr7_C_albicans_SC5314,Ca21chr7_C_albicans_SC5314,Ca21chr7_C_albicans_SC5314,Ca21chr7_C_albicans_SC5314,Ca21chr7_C_albicans_SC5314,Ca21chr7_C_albicans_SC5314,Ca21chr7_C_albicans_SC5314,Ca21chr7_C_albicans_SC5314,Ca21chr7_C_albicans_SC5314,Ca21chr7_C_albicans_SC5314,Ca21chr7_C_albicans_SC5314,Ca21chr7_C_albicans_SC5314,Ca21chr7_C_albicans_SC5314,Ca21chr7_C_albicans_SC5314,Ca21chr7_C_albicans_SC5314,Ca21chr7_C_albicans_SC5314,Ca21chr7_C_albicans_SC5314,Ca21chr7_C_albicans_SC5314,Ca21chr7_C_albicans_SC5314,Ca21chr7_C_albicans_SC5314,Ca21chr7_C_albicans_SC5314,Ca21chr7_C_albicans_SC5314,Ca21chr7_C_albicans_SC5314,Ca21chr7_C_albicans_SC5314,Ca21chr7_C_albicans_SC5314,Ca21chr7_C_albicans_SC5314,Ca21chr7_C_albicans_SC5314,Ca21chr7_C_albicans_SC5314,Ca21chr7_C_albicans_SC5314,Ca21chr7_C_albicans_SC5314,Ca21chr7_C_albicans_SC5314,Ca21chr7_C_albicans_SC5314,Ca21chr7_C_albicans_SC5314,Ca21chr7_C_albicans_SC5314,Ca21chr7_C_albicans_SC5314,Ca21chr7_C_albicans_SC5314,Ca21chr7_C_albicans_SC5314,Ca21chr7_C_albicans_SC5314,Ca21chr7_C_albicans_SC5314,Ca21chr7_C_albicans_SC5314,Ca21chr7_C_albicans_SC5314,Ca21chr7_C_albicans_SC5314,Ca21chr7_C_albicans_SC5314,Ca21chr7_C_albicans_SC5314,Ca21chr7_C_albicans_SC5314,Ca21chr7_C_albicans_SC5314,Ca21chr7_C_albicans_SC5314,Ca21chr7_C_albicans_SC5314,Ca21chr7_C_albicans_SC5314,Ca21chr7_C_albicans_SC5314,Ca21chr7_C_albicans_SC5314,Ca21chr7_C_albicans_SC5314,Ca21chr7_C_albicans_SC5314,Ca21chr7_C_albicans_SC5314,Ca21chr7_C_albicans_SC5314,Ca21chr7_C_albicans_SC5314,Ca21chr7_C_albicans_SC5314,Ca21chr7_C_albicans_SC5314,Ca21chr7_C_albicans_SC5314,Ca21chr7_C_albicans_SC5314,Ca21chr7_C_albicans_SC5314,Ca21chr7_C_albicans_SC5314,Ca21chr7_C_albicans_SC5314,Ca21chr7_C_albicans_SC5314,Ca21chr7_C_albicans_SC5314,Ca21chr7_C_albicans_SC5314,Ca21chr7_C_albicans_SC5314,Ca21chr7_C_albicans_SC5314,Ca21chr7_C_albicans_SC5314,Ca21chr7_C_albicans_SC5314,Ca21chr7_C_albicans_SC5314,Ca21chr7_C_albicans_SC5314,Ca21chr7_C_albicans_SC5314,Ca21chr7_C_albicans_SC5314,Ca21chr7_C_albicans_SC5314,Ca21chr7_C_albicans_SC5314,Ca21chr7_C_albicans_SC5314,Ca21chr7_C_albicans_SC5314,Ca21chr7_C_albicans_SC5314,Ca21chr7_C_albicans_SC5314,Ca21chr7_C_albicans_SC5314,Ca21chr7_C_albicans_SC5314,Ca21chr7_C_albicans_SC5314,Ca21chr7_C_albicans_SC5314,Ca21chr7_C_albicans_SC5314,Ca21chr7_C_albicans_SC5314,Ca21chr7_C_albicans_SC5314,Ca21chr7_C_albicans_SC5314,Ca21chr7_C_albicans_SC5314,Ca21chr7_C_albicans_SC5314,Ca21chr7_C_albicans_SC5314,Ca21chr7_C_albicans_SC5314,Ca21chr7_C_albicans_SC5314,Ca21chr7_C_albicans_SC5314,Ca21chr7_C_albicans_SC5314,Ca21chr7_C_albicans_SC5314,Ca21chr7_C_albicans_SC5314,Ca21chr7_C_albicans_SC5314,Ca21chr7_C_albicans_SC5314,Ca21chr7_C_albicans_SC5314,Ca21chr7_C_albicans_SC5314,Ca21chr7_C_albicans_SC5314,Ca21chr7_C_albicans_SC5314,Ca21chr7_C_albicans_SC5314,Ca21chr7_C_albicans_SC5314,Ca21chr7_C_albicans_SC5314,Ca21chr7_C_albicans_SC5314,Ca21chr7_C_albicans_SC5314,Ca21chr7_C_albicans_SC5314,Ca21chr7_C_albicans_SC5314,Ca21chr7_C_albicans_SC5314,Ca21chr7_C_albicans_SC5314,Ca21chr7_C_albicans_SC5314,Ca21chr7_C_albicans_SC5314,Ca21chr7_C_albicans_SC5314,Ca21chr7_C_albicans_SC5314,Ca21chr7_C_albicans_SC5314,Ca21chr7_C_albicans_SC5314,Ca21chr7_C_albicans_SC5314,Ca21chr7_C_albicans_SC5314,Ca21chr7_C_albicans_SC5314,Ca21chr7_C_albicans_SC5314,Ca21chr7_C_albicans_SC5314,Ca21chr7_C_albicans_SC5314,Ca21chr7_C_albicans_SC5314,Ca21chr7_C_albicans_SC5314,Ca21chr7_C_albicans_SC5314,Ca21chr7_C_albicans_SC5314,Ca21chr7_C_albicans_SC5314,Ca21chr7_C_albicans_SC5314,Ca21chr7_C_albicans_SC5314,Ca21chr7_C_albicans_SC5314,Ca21chr7_C_albicans_SC5314,Ca21chr7_C_albicans_SC5314,Ca21chr7_C_albicans_SC5314,Ca21chr7_C_albicans_SC5314,Ca21chr7_C_albicans_SC5314,Ca21chr7_C_albicans_SC5314,Ca21chr7_C_albicans_SC5314,Ca21chr7_C_albicans_SC5314,Ca21chr7_C_albicans_SC5314,Ca21chr7_C_albicans_SC5314,Ca21chr7_C_albicans_SC5314,Ca21chr7_C_albicans_SC5314,Ca21chr7_C_albicans_SC5314,Ca21chr7_C_albicans_SC5314,Ca21chr7_C_albicans_SC5314,Ca21chr7_C_albicans_SC5314,Ca21chr7_C_albicans_SC5314,Ca21chr7_C_albicans_SC5314,Ca21chr7_C_albicans_SC5314,Ca21chr7_C_albicans_SC5314,Ca21chr7_C_albicans_SC5314,Ca21chr7_C_albicans_SC5314,Ca21chr7_C_albicans_SC5314,Ca21chr7_C_albicans_SC5314,Ca21chr7_C_albicans_SC5314,Ca21chr7_C_albicans_SC5314,Ca21chr7_C_albicans_SC5314,Ca21chr7_C_albicans_SC5314,Ca21chr7_C_albicans_SC5314,Ca21chr7_C_albicans_SC5314,Ca21chr7_C_albicans_SC5314,Ca21chr7_C_albicans_SC5314,Ca21chr7_C_albicans_SC5314,Ca21chr7_C_albicans_SC5314,Ca21chr7_C_albicans_SC5314,Ca21chr7_C_albicans_SC5314,Ca21chr7_C_albicans_SC5314,Ca21chr7_C_albicans_SC5314,Ca21chr7_C_albicans_SC5314,Ca21chr7_C_albicans_SC5314,Ca21chr7_C_albicans_SC5314,Ca21chr7_C_albicans_SC5314,Ca21chr7_C_albicans_SC5314,Ca21chr7_C_albicans_SC5314,Ca21chr7_C_albicans_SC5314,Ca21chr7_C_albicans_SC5314,Ca21chr7_C_albicans_SC5314,Ca21chr7_C_albicans_SC5314,Ca21chr7_C_albicans_SC5314,Ca21chr7_C_albicans_SC5314,Ca21chr7_C_albicans_SC5314,Ca21chr7_C_albicans_SC5314,Ca21chr7_C_albicans_SC5314,Ca21chr7_C_albicans_SC5314,Ca21chr7_C_albicans_SC5314,Ca21chr7_C_albicans_SC5314,Ca21chr7_C_albicans_SC5314,Ca21chr7_C_albicans_SC5314,Ca21chr7_C_albicans_SC5314,Ca21chr7_C_albicans_SC5314,Ca21chr7_C_albicans_SC5314,Ca21chr7_C_albicans_SC5314,Ca21chr7_C_albicans_SC5314,Ca21chr7_C_albicans_SC5314,Ca21chr7_C_albicans_SC5314,Ca21chr7_C_albicans_SC5314,Ca21chr7_C_albicans_SC5314,Ca21chr7_C_albicans_SC5314,Ca21chr7_C_albicans_SC5314,Ca21chr7_C_albicans_SC5314,Ca21chr7_C_albicans_SC5314,Ca21chr7_C_albicans_SC5314,Ca21chr7_C_albicans_SC5314,Ca21chr7_C_albicans_SC5314,Ca21chr7_C_albicans_SC5314,Ca21chr7_C_albicans_SC5314,Ca21chr7_C_albicans_SC5314,Ca21chr7_C_albicans_SC5314,Ca21chr7_C_albicans_SC5314,Ca21chr7_C_albicans_SC5314,Ca21chr7_C_albicans_SC5314,Ca21chr7_C_albicans_SC5314,Ca21chr7_C_albicans_SC5314,Ca21chr7_C_albicans_SC5314,Ca21chr7_C_albicans_SC5314,Ca21chr7_C_albicans_SC5314,Ca21chrR_C_albicans_SC5314,Ca21chrR_C_albicans_SC5314,Ca21chrR_C_albicans_SC5314,Ca21chrR_C_albicans_SC5314,Ca21chrR_C_albicans_SC5314,Ca21chrR_C_albicans_SC5314,Ca21chrR_C_albicans_SC5314,Ca21chrR_C_albicans_SC5314,Ca21chrR_C_albicans_SC5314,Ca21chrR_C_albicans_SC5314,Ca21chrR_C_albicans_SC5314,Ca21chrR_C_albicans_SC5314,Ca21chrR_C_albicans_SC5314,Ca21chrR_C_albicans_SC5314,Ca21chrR_C_albicans_SC5314,Ca21chrR_C_albicans_SC5314,Ca21chrR_C_albicans_SC5314,Ca21chrR_C_albicans_SC5314,Ca21chrR_C_albicans_SC5314,Ca21chrR_C_albicans_SC5314,Ca21chrR_C_albicans_SC5314,Ca21chrR_C_albicans_SC5314,Ca21chrR_C_albicans_SC5314,Ca21chrR_C_albicans_SC5314,Ca21chrR_C_albicans_SC5314,Ca21chrR_C_albicans_SC5314,Ca21chrR_C_albicans_SC5314,Ca21chrR_C_albicans_SC5314,Ca21chrR_C_albicans_SC5314,Ca21chrR_C_albicans_SC5314,Ca21chrR_C_albicans_SC5314,Ca21chrR_C_albicans_SC5314,Ca21chrR_C_albicans_SC5314,Ca21chrR_C_albicans_SC5314,Ca21chrR_C_albicans_SC5314,Ca21chrR_C_albicans_SC5314,Ca21chrR_C_albicans_SC5314,Ca21chrR_C_albicans_SC5314,Ca21chrR_C_albicans_SC5314,Ca21chrR_C_albicans_SC5314,Ca21chrR_C_albicans_SC5314,Ca21chrR_C_albicans_SC5314,Ca21chrR_C_albicans_SC5314,Ca21chrR_C_albicans_SC5314,Ca21chrR_C_albicans_SC5314,Ca21chrR_C_albicans_SC5314,Ca21chrR_C_albicans_SC5314,Ca21chrR_C_albicans_SC5314,Ca21chrR_C_albicans_SC5314,Ca21chrR_C_albicans_SC5314,Ca21chrR_C_albicans_SC5314,Ca21chrR_C_albicans_SC5314,Ca21chrR_C_albicans_SC5314,Ca21chrR_C_albicans_SC5314,Ca21chrR_C_albicans_SC5314,Ca21chrR_C_albicans_SC5314,Ca21chrR_C_albicans_SC5314,Ca21chrR_C_albicans_SC5314,Ca21chrR_C_albicans_SC5314,Ca21chrR_C_albicans_SC5314,Ca21chrR_C_albicans_SC5314,Ca21chrR_C_albicans_SC5314,Ca21chrR_C_albicans_SC5314,Ca21chrR_C_albicans_SC5314,Ca21chrR_C_albicans_SC5314,Ca21chrR_C_albicans_SC5314,Ca21chrR_C_albicans_SC5314,Ca21chrR_C_albicans_SC5314,Ca21chrR_C_albicans_SC5314,Ca21chrR_C_albicans_SC5314,Ca21chrR_C_albicans_SC5314,Ca21chrR_C_albicans_SC5314,Ca21chrR_C_albicans_SC5314,Ca21chrR_C_albicans_SC5314,Ca21chrR_C_albicans_SC5314,Ca21chrR_C_albicans_SC5314,Ca21chrR_C_albicans_SC5314,Ca21chrR_C_albicans_SC5314,Ca21chrR_C_albicans_SC5314,Ca21chrR_C_albicans_SC5314,Ca21chrR_C_albicans_SC5314,Ca21chrR_C_albicans_SC5314,Ca21chrR_C_albicans_SC5314,Ca21chrR_C_albicans_SC5314,Ca21chrR_C_albicans_SC5314,Ca21chrR_C_albicans_SC5314,Ca21chrR_C_albicans_SC5314,Ca21chrR_C_albicans_SC5314,Ca21chrR_C_albicans_SC5314,Ca21chrR_C_albicans_SC5314,Ca21chrR_C_albicans_SC5314,Ca21chrR_C_albicans_SC5314,Ca21chrR_C_albicans_SC5314,Ca21chrR_C_albicans_SC5314,Ca21chrR_C_albicans_SC5314,Ca21chrR_C_albicans_SC5314,Ca21chrR_C_albicans_SC5314,Ca21chrR_C_albicans_SC5314,Ca21chrR_C_albicans_SC5314,Ca21chrR_C_albicans_SC5314,Ca21chrR_C_albicans_SC5314,Ca21chrR_C_albicans_SC5314,Ca21chrR_C_albicans_SC5314,Ca21chrR_C_albicans_SC5314,Ca21chrR_C_albicans_SC5314,Ca21chrR_C_albicans_SC5314,Ca21chrR_C_albicans_SC5314,Ca21chrR_C_albicans_SC5314,Ca21chrR_C_albicans_SC5314,Ca21chrR_C_albicans_SC5314,Ca21chrR_C_albicans_SC5314,Ca21chrR_C_albicans_SC5314,Ca21chrR_C_albicans_SC5314,Ca21chrR_C_albicans_SC5314,Ca21chrR_C_albicans_SC5314,Ca21chrR_C_albicans_SC5314,Ca21chrR_C_albicans_SC5314,Ca21chrR_C_albicans_SC5314,Ca21chrR_C_albicans_SC5314,Ca21chrR_C_albicans_SC5314,Ca21chrR_C_albicans_SC5314,Ca21chrR_C_albicans_SC5314,Ca21chrR_C_albicans_SC5314,Ca21chrR_C_albicans_SC5314,Ca21chrR_C_albicans_SC5314,Ca21chrR_C_albicans_SC5314,Ca21chrR_C_albicans_SC5314,Ca21chrR_C_albicans_SC5314,Ca21chrR_C_albicans_SC5314,Ca21chrR_C_albicans_SC5314,Ca21chrR_C_albicans_SC5314,Ca21chrR_C_albicans_SC5314,Ca21chrR_C_albicans_SC5314,Ca21chrR_C_albicans_SC5314,Ca21chrR_C_albicans_SC5314,Ca21chrR_C_albicans_SC5314,Ca21chrR_C_albicans_SC5314,Ca21chrR_C_albicans_SC5314,Ca21chrR_C_albicans_SC5314,Ca21chrR_C_albicans_SC5314,Ca21chrR_C_albicans_SC5314,Ca21chrR_C_albicans_SC5314,Ca21chrR_C_albicans_SC5314,Ca21chrR_C_albicans_SC5314,Ca21chrR_C_albicans_SC5314,Ca21chrR_C_albicans_SC5314,Ca21chrR_C_albicans_SC5314,Ca21chrR_C_albicans_SC5314,Ca21chrR_C_albicans_SC5314,Ca21chrR_C_albicans_SC5314,Ca21chrR_C_albicans_SC5314,Ca21chrR_C_albicans_SC5314,Ca21chrR_C_albicans_SC5314,Ca21chrR_C_albicans_SC5314,Ca21chrR_C_albicans_SC5314,Ca21chrR_C_albicans_SC5314,Ca21chrR_C_albicans_SC5314,Ca21chrR_C_albicans_SC5314,Ca21chrR_C_albicans_SC5314,Ca21chrR_C_albicans_SC5314,Ca21chrR_C_albicans_SC5314,Ca21chrR_C_albicans_SC5314,Ca21chrR_C_albicans_SC5314,Ca21chrR_C_albicans_SC5314,Ca21chrR_C_albicans_SC5314,Ca21chrR_C_albicans_SC5314,Ca21chrR_C_albicans_SC5314,Ca21chrR_C_albicans_SC5314,Ca21chrR_C_albicans_SC5314,Ca21chrR_C_albicans_SC5314,Ca21chrR_C_albicans_SC5314,Ca21chrR_C_albicans_SC5314,Ca21chrR_C_albicans_SC5314,Ca21chrR_C_albicans_SC5314,Ca21chrR_C_albicans_SC5314,Ca21chrR_C_albicans_SC5314,Ca21chrR_C_albicans_SC5314,Ca21chrR_C_albicans_SC5314,Ca21chrR_C_albicans_SC5314,Ca21chrR_C_albicans_SC5314,Ca21chrR_C_albicans_SC5314,Ca21chrR_C_albicans_SC5314,Ca21chrR_C_albicans_SC5314,Ca21chrR_C_albicans_SC5314,Ca21chrR_C_albicans_SC5314,Ca21chrR_C_albicans_SC5314,Ca21chrR_C_albicans_SC5314,Ca21chrR_C_albicans_SC5314,Ca21chrR_C_albicans_SC5314,Ca21chrR_C_albicans_SC5314,Ca21chrR_C_albicans_SC5314,Ca21chrR_C_albicans_SC5314,Ca21chrR_C_albicans_SC5314,Ca21chrR_C_albicans_SC5314,Ca21chrR_C_albicans_SC5314,Ca21chrR_C_albicans_SC5314,Ca21chrR_C_albicans_SC5314,Ca21chrR_C_albicans_SC5314,Ca21chrR_C_albicans_SC5314,Ca21chrR_C_albicans_SC5314,Ca21chrR_C_albicans_SC5314,Ca21chrR_C_albicans_SC5314,Ca21chrR_C_albicans_SC5314,Ca21chrR_C_albicans_SC5314,Ca21chrR_C_albicans_SC5314,Ca21chrR_C_albicans_SC5314,Ca21chrR_C_albicans_SC5314,Ca21chrR_C_albicans_SC5314,Ca21chrR_C_albicans_SC5314,Ca21chrR_C_albicans_SC5314,Ca21chrR_C_albicans_SC5314,Ca21chrR_C_albicans_SC5314,Ca21chrR_C_albicans_SC5314,Ca21chrR_C_albicans_SC5314,Ca21chrR_C_albicans_SC5314,Ca21chrR_C_albicans_SC5314,Ca21chrR_C_albicans_SC5314,Ca21chrR_C_albicans_SC5314,Ca21chrR_C_albicans_SC5314,Ca21chrR_C_albicans_SC5314,Ca21chrR_C_albicans_SC5314,Ca21chrR_C_albicans_SC5314,Ca21chrR_C_albicans_SC5314,Ca21chrR_C_albicans_SC5314,Ca21chrR_C_albicans_SC5314,Ca21chrR_C_albicans_SC5314,Ca21chrR_C_albicans_SC5314,Ca21chrR_C_albicans_SC5314,Ca21chrR_C_albicans_SC5314,Ca21chrR_C_albicans_SC5314,Ca21chrR_C_albicans_SC5314,Ca21chrR_C_albicans_SC5314,Ca21chrR_C_albicans_SC5314,Ca21chrR_C_albicans_SC5314,Ca21chrR_C_albicans_SC5314,Ca21chrR_C_albicans_SC5314,Ca21chrR_C_albicans_SC5314,Ca21chrR_C_albicans_SC5314,Ca21chrR_C_albicans_SC5314,Ca21chrR_C_albicans_SC5314,Ca21chrR_C_albicans_SC5314,Ca21chrR_C_albicans_SC5314,Ca21chrR_C_albicans_SC5314,Ca21chrR_C_albicans_SC5314,Ca21chrR_C_albicans_SC5314,Ca21chrR_C_albicans_SC5314,Ca21chrR_C_albicans_SC5314,Ca21chrR_C_albicans_SC5314,Ca21chrR_C_albicans_SC5314,Ca21chrR_C_albicans_SC5314,Ca21chrR_C_albicans_SC5314,Ca21chrR_C_albicans_SC5314,Ca21chrR_C_albicans_SC5314,Ca21chrR_C_albicans_SC5314,Ca21chrR_C_albicans_SC5314,Ca21chrR_C_albicans_SC5314,Ca21chrR_C_albicans_SC5314,Ca21chrR_C_albicans_SC5314,Ca21chrR_C_albicans_SC5314,Ca21chrR_C_albicans_SC5314,Ca21chrR_C_albicans_SC5314,Ca21chrR_C_albicans_SC5314,Ca21chrR_C_albicans_SC5314,Ca21chrR_C_albicans_SC5314,Ca21chrR_C_albicans_SC5314,Ca21chrR_C_albicans_SC5314,Ca21chrR_C_albicans_SC5314,Ca21chrR_C_albicans_SC5314,Ca21chrR_C_albicans_SC5314,Ca21chrR_C_albicans_SC5314,Ca21chrR_C_albicans_SC5314,Ca21chrR_C_albicans_SC5314,Ca21chrR_C_albicans_SC5314,Ca21chrR_C_albicans_SC5314,Ca21chrR_C_albicans_SC5314,Ca21chrR_C_albicans_SC5314,Ca21chrR_C_albicans_SC5314,Ca21chrR_C_albicans_SC5314,Ca21chrR_C_albicans_SC5314,Ca21chrR_C_albicans_SC5314,Ca21chrR_C_albicans_SC5314,Ca21chrR_C_albicans_SC5314,Ca21chrR_C_albicans_SC5314,Ca21chrR_C_albicans_SC5314,Ca21chrR_C_albicans_SC5314,Ca21chrR_C_albicans_SC5314,Ca21chrR_C_albicans_SC5314,Ca21chrR_C_albicans_SC5314,Ca21chrR_C_albicans_SC5314,Ca21chrR_C_albicans_SC5314,Ca21chrR_C_albicans_SC5314,Ca21chrR_C_albicans_SC5314,Ca21chrR_C_albicans_SC5314,Ca21chrR_C_albicans_SC5314,Ca21chrR_C_albicans_SC5314,Ca21chrR_C_albicans_SC5314,Ca21chrR_C_albicans_SC5314,Ca21chrR_C_albicans_SC5314,Ca21chrR_C_albicans_SC5314,Ca21chrR_C_albicans_SC5314,Ca21chrR_C_albicans_SC5314,Ca21chrR_C_albicans_SC5314,Ca21chrR_C_albicans_SC5314,Ca21chrR_C_albicans_SC5314,Ca21chrR_C_albicans_SC5314,Ca21chrR_C_albicans_SC5314,Ca21chrR_C_albicans_SC5314,Ca21chrR_C_albicans_SC5314,Ca21chrR_C_albicans_SC5314,Ca21chrR_C_albicans_SC5314,Ca21chrR_C_albicans_SC5314,Ca21chrR_C_albicans_SC5314,Ca21chrR_C_albicans_SC5314,Ca21chrR_C_albicans_SC5314,Ca21chrR_C_albicans_SC5314,Ca21chrR_C_albicans_SC5314,Ca21chrR_C_albicans_SC5314,Ca21chrR_C_albicans_SC5314,Ca21chrR_C_albicans_SC5314,Ca21chrR_C_albicans_SC5314,Ca21chrR_C_albicans_SC5314,Ca21chrR_C_albicans_SC5314,Ca21chrR_C_albicans_SC5314,Ca21chrR_C_albicans_SC5314,Ca21chrR_C_albicans_SC5314,Ca21chrR_C_albicans_SC5314,Ca21chrR_C_albicans_SC5314,Ca21chrR_C_albicans_SC5314,Ca21chrR_C_albicans_SC5314,Ca21chrR_C_albicans_SC5314,Ca21chrR_C_albicans_SC5314,Ca21chrR_C_albicans_SC5314,Ca21chrR_C_albicans_SC5314,Ca21chrR_C_albicans_SC5314,Ca21chrR_C_albicans_SC5314,Ca21chrR_C_albicans_SC5314,Ca21chrR_C_albicans_SC5314,Ca21chrR_C_albicans_SC5314,Ca21chrR_C_albicans_SC5314,Ca21chrR_C_albicans_SC5314,Ca21chrR_C_albicans_SC5314,Ca21chrR_C_albicans_SC5314,Ca21chrR_C_albicans_SC5314,Ca21chrR_C_albicans_SC5314,Ca21chrR_C_albicans_SC5314,Ca21chrR_C_albicans_SC5314,Ca21chrR_C_albicans_SC5314,Ca21chrR_C_albicans_SC5314,Ca21chrR_C_albicans_SC5314,Ca21chrR_C_albicans_SC5314,Ca21chrR_C_albicans_SC5314,Ca21chrR_C_albicans_SC5314,Ca21chrR_C_albicans_SC5314,Ca21chrR_C_albicans_SC5314,Ca21chrR_C_albicans_SC5314,Ca21chrR_C_albicans_SC5314,Ca21chrR_C_albicans_SC5314,Ca21chrR_C_albicans_SC5314,Ca21chrR_C_albicans_SC5314,Ca21chrR_C_albicans_SC5314,Ca21chrR_C_albicans_SC5314,Ca21chrR_C_albicans_SC5314,Ca21chrR_C_albicans_SC5314,Ca21chrR_C_albicans_SC5314,Ca21chrR_C_albicans_SC5314,Ca21chrR_C_albicans_SC5314,Ca21chrR_C_albicans_SC5314,Ca21chrR_C_albicans_SC5314,Ca21chrR_C_albicans_SC5314,Ca21chrR_C_albicans_SC5314,Ca21chrR_C_albicans_SC5314,Ca21chrR_C_albicans_SC5314,Ca21chrR_C_albicans_SC5314,Ca21chrR_C_albicans_SC5314,Ca21chrR_C_albicans_SC5314,Ca21chrR_C_albicans_SC5314,Ca21chrR_C_albicans_SC5314,Ca21chrR_C_albicans_SC5314,Ca21chrR_C_albicans_SC5314,Ca21chrR_C_albicans_SC5314,Ca21chrR_C_albicans_SC5314,Ca21chrR_C_albicans_SC5314,Ca21chrR_C_albicans_SC5314,Ca21chrR_C_albicans_SC5314,Ca21chrR_C_albicans_SC5314,Ca21chrR_C_albicans_SC5314,Ca21chrR_C_albicans_SC5314,Ca21chrR_C_albicans_SC5314,Ca21chrR_C_albicans_SC5314,Ca21chrR_C_albicans_SC5314,Ca21chrR_C_albicans_SC5314,Ca21chrR_C_albicans_SC5314,Ca21chrR_C_albicans_SC5314,Ca21chrR_C_albicans_SC5314,Ca21chrR_C_albicans_SC5314,Ca21chrR_C_albicans_SC5314,Ca21chrR_C_albicans_SC5314,Ca21chrR_C_albicans_SC5314,Ca21chrR_C_albicans_SC5314,Ca21chrR_C_albicans_SC5314,Ca21chrR_C_albicans_SC5314,Ca21chrR_C_albicans_SC5314,Ca21chrR_C_albicans_SC5314,Ca21chrR_C_albicans_SC5314,Ca21chrR_C_albicans_SC5314,Ca21chrR_C_albicans_SC5314,Ca21chrR_C_albicans_SC5314,Ca21chrR_C_albicans_SC5314,Ca21chrR_C_albicans_SC5314,Ca21chrR_C_albicans_SC5314,Ca21chrR_C_albicans_SC5314,Ca21chrR_C_albicans_SC5314,Ca21chrR_C_albicans_SC5314,Ca21chrR_C_albicans_SC5314,Ca21chrR_C_albicans_SC5314,Ca21chrR_C_albicans_SC5314,Ca21chrR_C_albicans_SC5314,Ca21chrR_C_albicans_SC5314,Ca21chrR_C_albicans_SC5314,Ca21chrR_C_albicans_SC5314,Ca21chrR_C_albicans_SC5314,Ca21chrR_C_albicans_SC5314,Ca21chrR_C_albicans_SC5314,Ca21chrR_C_albicans_SC5314,Ca21chrR_C_albicans_SC5314,Ca21chrR_C_albicans_SC5314,Ca21chrR_C_albicans_SC5314,Ca21chrR_C_albicans_SC5314,Ca21chrR_C_albicans_SC5314,Ca21chrR_C_albicans_SC5314,Ca21chrR_C_albicans_SC5314,Ca21chrR_C_albicans_SC5314,Ca21chrR_C_albicans_SC5314,Ca21chrR_C_albicans_SC5314,Ca21chrR_C_albicans_SC5314,Ca21chrR_C_albicans_SC5314,Ca21chrR_C_albicans_SC5314,Ca21chrR_C_albicans_SC5314,Ca21chrR_C_albicans_SC5314,Ca21chrR_C_albicans_SC5314,Ca21chrR_C_albicans_SC5314,Ca21chrR_C_albicans_SC5314,Ca21chrR_C_albicans_SC5314,Ca21chrR_C_albicans_SC5314,Ca21chrR_C_albicans_SC5314,Ca21chrR_C_albicans_SC5314,Ca21chrR_C_albicans_SC5314,Ca21chrR_C_albicans_SC5314,Ca21chrR_C_albicans_SC5314,Ca21chrR_C_albicans_SC5314,Ca21chrR_C_albicans_SC5314,Ca21chrR_C_albicans_SC5314,Ca21chrR_C_albicans_SC5314,Ca21chrR_C_albicans_SC5314,Ca21chrR_C_albicans_SC5314,Ca21chrR_C_albicans_SC5314,Ca21chrR_C_albicans_SC5314,Ca21chrR_C_albicans_SC5314,Ca21chrR_C_albicans_SC5314,Ca21chrR_C_albicans_SC5314,Ca21chrR_C_albicans_SC5314,Ca21chrR_C_albicans_SC5314,Ca21chrR_C_albicans_SC5314,Ca21chrR_C_albicans_SC5314,Ca21chrR_C_albicans_SC5314,Ca21chrR_C_albicans_SC5314,Ca21chrR_C_albicans_SC5314,Ca21chrR_C_albicans_SC5314,Ca21chrR_C_albicans_SC5314,Ca21chrR_C_albicans_SC5314,Ca21chrR_C_albicans_SC5314,Ca21chrR_C_albicans_SC5314,Ca21chrR_C_albicans_SC5314,Ca21chrR_C_albicans_SC5314,Ca21chrR_C_albicans_SC5314,Ca21chrR_C_albicans_SC5314,Ca21chrR_C_albicans_SC5314,Ca21chrR_C_albicans_SC5314,Ca21chrR_C_albicans_SC5314,Ca21chrR_C_albicans_SC5314,Ca21chrR_C_albicans_SC5314,Ca21chrR_C_albicans_SC5314,Ca21chrR_C_albicans_SC5314,Ca21chrR_C_albicans_SC5314,Ca21chrR_C_albicans_SC5314,Ca21chrR_C_albicans_SC5314,Ca21chrR_C_albicans_SC5314,Ca21chrR_C_albicans_SC5314,Ca21chrR_C_albicans_SC5314,Ca21chrR_C_albicans_SC5314,Ca21chrR_C_albicans_SC5314,Ca21chrR_C_albicans_SC5314,Ca21chrR_C_albicans_SC5314,Ca21chrR_C_albicans_SC5314,Ca21chrR_C_albicans_SC5314,Ca21chrR_C_albicans_SC5314,Ca21chrR_C_albicans_SC5314,Ca21chrR_C_albicans_SC5314,Ca21chrR_C_albicans_SC5314,Ca21chrR_C_albicans_SC5314,Ca21chrR_C_albicans_SC5314,Ca21chrR_C_albicans_SC5314,Ca21chrR_C_albicans_SC5314,Ca21chrR_C_albicans_SC5314,Ca21chrR_C_albicans_SC5314,Ca21chrR_C_albicans_SC5314,Ca21chrR_C_albicans_SC5314,Ca21chrR_C_albicans_SC5314,Ca21chrR_C_albicans_SC5314,Ca21chrR_C_albicans_SC5314,Ca21chrR_C_albicans_SC5314,Ca21chrR_C_albicans_SC5314,Ca21chrR_C_albicans_SC5314,Ca21chrR_C_albicans_SC5314,Ca21chrR_C_albicans_SC5314,Ca21chrR_C_albicans_SC5314,Ca21chrR_C_albicans_SC5314,Ca21chrR_C_albicans_SC5314,Ca21chrR_C_albicans_SC5314,Ca21chrR_C_albicans_SC5314,Ca21chrR_C_albicans_SC5314,Ca21chrR_C_albicans_SC5314,Ca21chrR_C_albicans_SC5314,Ca21chrR_C_albicans_SC5314,Ca21chrR_C_albicans_SC5314,Ca21chrR_C_albicans_SC5314,Ca21chrR_C_albicans_SC5314,Ca21chrR_C_albicans_SC5314,Ca21chrR_C_albicans_SC5314,Ca21chrR_C_albicans_SC5314,Ca21chrR_C_albicans_SC5314,Ca21chrR_C_albicans_SC5314,Ca21chrR_C_albicans_SC5314,Ca21chrR_C_albicans_SC5314,Ca21chrR_C_albicans_SC5314,Ca21chrR_C_albicans_SC5314,Ca21chrR_C_albicans_SC5314,Ca21chrR_C_albicans_SC5314,Ca21chrR_C_albicans_SC5314,Ca21chrR_C_albicans_SC5314,Ca21chrR_C_albicans_SC5314,Ca21chrR_C_albicans_SC5314,Ca21chrR_C_albicans_SC5314,Ca21chrR_C_albicans_SC5314,Ca21chrR_C_albicans_SC5314,Ca21chrR_C_albicans_SC5314,Ca21chrR_C_albicans_SC5314,Ca21chrR_C_albicans_SC5314,Ca21chrR_C_albicans_SC5314,Ca21chrR_C_albicans_SC5314,Ca21chrR_C_albicans_SC5314,Ca21chrR_C_albicans_SC5314,Ca21chrR_C_albicans_SC5314,Ca21chrR_C_albicans_SC5314,Ca21chrR_C_albicans_SC5314,Ca21chrR_C_albicans_SC5314,Ca21chrR_C_albicans_SC5314,Ca21chrR_C_albicans_SC5314,Ca21chrR_C_albicans_SC5314,Ca21chrR_C_albicans_SC5314,Ca21chrR_C_albicans_SC5314,Ca21chrR_C_albicans_SC5314,Ca21chrR_C_albicans_SC5314,Ca21chrR_C_albicans_SC5314,Ca21chrR_C_albicans_SC5314,Ca21chrR_C_albicans_SC5314,Ca21chrR_C_albicans_SC5314,Ca21chrR_C_albicans_SC5314,Ca21chrR_C_albicans_SC5314,Ca21chrR_C_albicans_SC5314,Ca21chrR_C_albicans_SC5314,Ca21chrR_C_albicans_SC5314,Ca21chrR_C_albicans_SC5314,Ca21chrR_C_albicans_SC5314,Ca21chrR_C_albicans_SC5314,Ca21chrR_C_albicans_SC5314,Ca21chrR_C_albicans_SC5314,Ca21chrR_C_albicans_SC5314,Ca21chrR_C_albicans_SC5314,Ca21chrR_C_albicans_SC5314,Ca21chrR_C_albicans_SC5314,Ca21chrR_C_albicans_SC5314,Ca21chrR_C_albicans_SC5314,Ca21chrR_C_albicans_SC5314,Ca21chrR_C_albicans_SC5314,Ca21chrR_C_albicans_SC5314,Ca21chrR_C_albicans_SC5314,Ca21chrR_C_albicans_SC5314,Ca21chrR_C_albicans_SC5314,Ca21chrR_C_albicans_SC5314,Ca21chrR_C_albicans_SC5314,Ca21chrR_C_albicans_SC5314,Ca21chrR_C_albicans_SC5314,Ca21chrR_C_albicans_SC5314,Ca21chrR_C_albicans_SC5314,Ca21chrR_C_albicans_SC5314,Ca21chrR_C_albicans_SC5314,Ca21chrR_C_albicans_SC5314,Ca21chrR_C_albicans_SC5314,Ca21chrR_C_albicans_SC5314,Ca21chrR_C_albicans_SC5314,Ca21chrR_C_albicans_SC5314,Ca21chrR_C_albicans_SC5314,Ca21chrR_C_albicans_SC5314,Ca21chrR_C_albicans_SC5314,Ca21chrR_C_albicans_SC5314,Ca21chrR_C_albicans_SC5314,Ca21chrR_C_albicans_SC5314,Ca21chrR_C_albicans_SC5314,Ca21chrR_C_albicans_SC5314,Ca21chrR_C_albicans_SC5314,Ca21chrR_C_albicans_SC5314,Ca21chrR_C_albicans_SC5314,Ca21chrR_C_albicans_SC5314,Ca21chrR_C_albicans_SC5314,Ca21chrR_C_albicans_SC5314,Ca21chrR_C_albicans_SC5314,Ca21chrR_C_albicans_SC5314,Ca21chrR_C_albicans_SC5314,Ca21chrR_C_albicans_SC5314,Ca21chrR_C_albicans_SC5314,Ca21chrR_C_albicans_SC5314,Ca21chrR_C_albicans_SC5314,Ca21chrR_C_albicans_SC5314,Ca21chrR_C_albicans_SC5314,Ca21chrR_C_albicans_SC5314,Ca21chrR_C_albicans_SC5314,Ca21chrR_C_albicans_SC5314,Ca21chrR_C_albicans_SC5314,Ca21chrR_C_albicans_SC5314,Ca21chrR_C_albicans_SC5314,Ca21chrR_C_albicans_SC5314,Ca21chrR_C_albicans_SC5314,Ca21chrR_C_albicans_SC5314,Ca21chrR_C_albicans_SC5314,Ca21chrR_C_albicans_SC5314,Ca21chrR_C_albicans_SC5314,Ca21chrR_C_albicans_SC5314,Ca21chrR_C_albicans_SC5314,Ca21chrR_C_albicans_SC5314,Ca21chrR_C_albicans_SC5314,Ca21chrR_C_albicans_SC5314,Ca21chrR_C_albicans_SC5314,Ca21chrR_C_albicans_SC5314,Ca21chrR_C_albicans_SC5314,Ca21chrR_C_albicans_SC5314,Ca21chrR_C_albicans_SC5314,Ca21chrR_C_albicans_SC5314,Ca21chrR_C_albicans_SC5314,Ca21chrR_C_albicans_SC5314,Ca21chrR_C_albicans_SC5314,Ca21chrR_C_albicans_SC5314,Ca21chrR_C_albicans_SC5314,Ca21chrR_C_albicans_SC5314,Ca21chrR_C_albicans_SC5314,Ca21chrR_C_albicans_SC5314,Ca21chrR_C_albicans_SC5314,Ca21chrR_C_albicans_SC5314,Ca21chrR_C_albicans_SC5314,Ca21chrR_C_albicans_SC5314,Ca21chrR_C_albicans_SC5314,Ca21chrR_C_albicans_SC5314,Ca21chrR_C_albicans_SC5314,Ca21chrR_C_albicans_SC5314,Ca21chrR_C_albicans_SC5314,Ca21chrR_C_albicans_SC5314,Ca21chrR_C_albicans_SC5314,Ca21chrR_C_albicans_SC5314,Ca21chrR_C_albicans_SC5314,Ca21chrR_C_albicans_SC5314,Ca21chrR_C_albicans_SC5314,Ca21chrR_C_albicans_SC5314,Ca21chrR_C_albicans_SC5314,Ca21chrR_C_albicans_SC5314,Ca21chrR_C_albicans_SC5314,Ca21chrR_C_albicans_SC5314,Ca21chrR_C_albicans_SC5314,Ca21chrR_C_albicans_SC5314,Ca21chrR_C_albicans_SC5314,Ca21chrR_C_albicans_SC5314,Ca21chrR_C_albicans_SC5314,Ca21chrR_C_albicans_SC5314,Ca21chrR_C_albicans_SC5314,Ca21chrR_C_albicans_SC5314,Ca21chrR_C_albicans_SC5314,Ca21chrR_C_albicans_SC5314,Ca21chrR_C_albicans_SC5314,Ca21chrR_C_albicans_SC5314,Ca21chrR_C_albicans_SC5314,Ca21chrR_C_albicans_SC5314,Ca21chrR_C_albicans_SC5314,Ca21chrR_C_albicans_SC5314,Ca21chrR_C_albicans_SC5314,Ca21chrR_C_albicans_SC5314,Ca21chrR_C_albicans_SC5314,Ca21chrR_C_albicans_SC5314,Ca21chrR_C_albicans_SC5314,Ca21chrR_C_albicans_SC5314,Ca21chrR_C_albicans_SC5314,Ca21chrR_C_albicans_SC5314,Ca21chrR_C_albicans_SC5314,Ca21chrR_C_albicans_SC5314,Ca21chrR_C_albicans_SC5314,Ca21chrR_C_albicans_SC5314,Ca21chrR_C_albicans_SC5314,Ca21chrR_C_albicans_SC5314,Ca21chrR_C_albicans_SC5314,Ca21chrR_C_albicans_SC5314,Ca21chrR_C_albicans_SC5314,Ca21chrR_C_albicans_SC5314,Ca21chrR_C_albicans_SC5314,Ca21chrR_C_albicans_SC5314,Ca21chrR_C_albicans_SC5314,Ca21chrR_C_albicans_SC5314,Ca21chrR_C_albicans_SC5314,Ca21chrR_C_albicans_SC5314,Ca21chrR_C_albicans_SC5314,Ca21chrR_C_albicans_SC5314,Ca21chrR_C_albicans_SC5314,Ca21chrR_C_albicans_SC5314,Ca21chrR_C_albicans_SC5314,Ca21chrR_C_albicans_SC5314,Ca21chrR_C_albicans_SC5314,Ca21chrR_C_albicans_SC5314,Ca21chrR_C_albicans_SC5314,Ca21chrR_C_albicans_SC5314,Ca21chrR_C_albicans_SC5314,Ca21chrR_C_albicans_SC5314,Ca21chrR_C_albicans_SC5314,Ca21chrR_C_albicans_SC5314,Ca21chrR_C_albicans_SC5314,Ca21chrR_C_albicans_SC5314,Ca21chrR_C_albicans_SC5314,Ca21chrR_C_albicans_SC5314,Ca21chrR_C_albicans_SC5314,Ca21chrR_C_albicans_SC5314,Ca21chrR_C_albicans_SC5314,Ca21chrR_C_albicans_SC5314,Ca21chrR_C_albicans_SC5314,Ca21chrR_C_albicans_SC5314,Ca21chrR_C_albicans_SC5314,Ca21chrR_C_albicans_SC5314,Ca21chrR_C_albicans_SC5314,Ca21chrR_C_albicans_SC5314,Ca21chrR_C_albicans_SC5314,Ca21chrR_C_albicans_SC5314,Ca21chrR_C_albicans_SC5314,Ca21chrR_C_albicans_SC5314,Ca21chrR_C_albicans_SC5314,Ca21chrR_C_albicans_SC5314,Ca21chrR_C_albicans_SC5314,Ca21chrR_C_albicans_SC5314,Ca21chrR_C_albicans_SC5314,Ca21chrR_C_albicans_SC5314,Ca21chrR_C_albicans_SC5314,Ca21chrR_C_albicans_SC5314,Ca21chrR_C_albicans_SC5314,Ca21chrR_C_albicans_SC5314,Ca21chrR_C_albicans_SC5314,Ca21chrR_C_albicans_SC5314,Ca21chrR_C_albicans_SC5314,Ca21chrR_C_albicans_SC5314,Ca21chrR_C_albicans_SC5314,Ca21chrR_C_albicans_SC5314,Ca21chrR_C_albicans_SC5314,Ca21chrR_C_albicans_SC5314,Ca21chrR_C_albicans_SC5314,Ca21chrR_C_albicans_SC5314,Ca21chrR_C_albicans_SC5314,Ca21chrR_C_albicans_SC5314,Ca21chrR_C_albicans_SC5314,Ca21chrR_C_albicans_SC5314,Ca21chrR_C_albicans_SC5314,Ca21chrR_C_albicans_SC5314,Ca21chrR_C_albicans_SC5314,Ca21chrR_C_albicans_SC5314,Ca21chrR_C_albicans_SC5314,Ca21chrR_C_albicans_SC5314,Ca21chrR_C_albicans_SC5314,Ca21chrR_C_albicans_SC5314,Ca21chrR_C_albicans_SC5314,Ca21chrR_C_albicans_SC5314,Ca21chrR_C_albicans_SC5314,Ca21chrR_C_albicans_SC5314,Ca21chrR_C_albicans_SC5314,Ca21chrR_C_albicans_SC5314,Ca21chrR_C_albicans_SC5314,Ca21chrR_C_albicans_SC5314,Ca21chrR_C_albicans_SC5314,Ca21chrR_C_albicans_SC5314,Ca21chrR_C_albicans_SC5314,Ca21chrR_C_albicans_SC5314,Ca21chrR_C_albicans_SC5314,Ca21chrR_C_albicans_SC5314,Ca21chrR_C_albicans_SC5314,Ca21chrR_C_albicans_SC5314,Ca21chrR_C_albicans_SC5314,Ca21chrR_C_albicans_SC5314,Ca21chrR_C_albicans_SC5314,Ca21chrR_C_albicans_SC5314,Ca21chrR_C_albicans_SC5314,Ca21chrR_C_albicans_SC5314,Ca21chrR_C_albicans_SC5314,Ca21chrR_C_albicans_SC5314,Ca21chrR_C_albicans_SC5314,Ca21chrR_C_albicans_SC5314,Ca21chrR_C_albicans_SC5314,Ca21chrR_C_albicans_SC5314,Ca21chrR_C_albicans_SC5314,Ca21chrR_C_albicans_SC5314,Ca21chrR_C_albicans_SC5314,Ca21chrR_C_albicans_SC5314,Ca21chrR_C_albicans_SC5314,Ca21chrR_C_albicans_SC5314,Ca21chrR_C_albicans_SC5314,Ca21chrR_C_albicans_SC5314,Ca21chrR_C_albicans_SC5314,Ca21chrR_C_albicans_SC5314,Ca21chrR_C_albicans_SC5314,Ca21chrR_C_albicans_SC5314,Ca21chrR_C_albicans_SC5314,Ca21chrR_C_albicans_SC5314,Ca21chrR_C_albicans_SC5314,Ca21chrR_C_albicans_SC5314,Ca21chrR_C_albicans_SC5314,Ca21chrR_C_albicans_SC5314,Ca21chrR_C_albicans_SC5314,Ca21chrR_C_albicans_SC5314,Ca21chrR_C_albicans_SC5314,Ca21chrR_C_albicans_SC5314,Ca21chrR_C_albicans_SC5314,Ca21chrR_C_albicans_SC5314,Ca21chrR_C_albicans_SC5314,Ca21chrR_C_albicans_SC5314,Ca21chrR_C_albicans_SC5314,Ca21chrR_C_albicans_SC5314,Ca21chrR_C_albicans_SC5314,Ca21chrR_C_albicans_SC5314,Ca21chrR_C_albicans_SC5314,Ca21chrR_C_albicans_SC5314,Ca21chrR_C_albicans_SC5314,Ca21chrR_C_albicans_SC5314,Ca21chrR_C_albicans_SC5314,Ca21chrR_C_albicans_SC5314,Ca21chrR_C_albicans_SC5314,Ca21chrR_C_albicans_SC5314,Ca21chrR_C_albicans_SC5314,Ca21chrR_C_albicans_SC5314,Ca21chrR_C_albicans_SC5314,Ca21chrR_C_albicans_SC5314,Ca21chrR_C_albicans_SC5314,Ca21chrR_C_albicans_SC5314,Ca21chrR_C_albicans_SC5314,Ca21chrR_C_albicans_SC5314,Ca21chrR_C_albicans_SC5314,Ca21chrR_C_albicans_SC5314,Ca21chrR_C_albicans_SC5314,Ca21chrR_C_albicans_SC5314,Ca21chrR_C_albicans_SC5314,Ca21chrR_C_albicans_SC5314,Ca21chrR_C_albicans_SC5314,Ca21chrR_C_albicans_SC5314,Ca21chrR_C_albicans_SC5314,Ca21chrR_C_albicans_SC5314,Ca21chrR_C_albicans_SC5314,Ca21chrR_C_albicans_SC5314,Ca21chrR_C_albicans_SC5314,Ca21chrR_C_albicans_SC5314,Ca21chrR_C_albicans_SC5314,Ca21chrR_C_albicans_SC5314,Ca21chrR_C_albicans_SC5314,Ca21chrR_C_albicans_SC5314,Ca21chrR_C_albicans_SC5314,Ca21chrR_C_albicans_SC5314,Ca21chrR_C_albicans_SC5314,Ca21chrR_C_albicans_SC5314,Ca21chrR_C_albicans_SC5314,Ca21chrR_C_albicans_SC5314,Ca21chrR_C_albicans_SC5314,Ca21chrR_C_albicans_SC5314,Ca21chrR_C_albicans_SC5314,Ca21chrR_C_albicans_SC5314,Ca21chrR_C_albicans_SC5314,Ca21chrR_C_albicans_SC5314,Ca21chrR_C_albicans_SC5314,Ca21chrR_C_albicans_SC5314,Ca21chrR_C_albicans_SC5314,Ca21chrR_C_albicans_SC5314,Ca21chrR_C_albicans_SC5314,Ca21chrR_C_albicans_SC5314,Ca21chrR_C_albicans_SC5314,Ca21chrR_C_albicans_SC5314,Ca21chrR_C_albicans_SC5314,Ca21chrR_C_albicans_SC5314,Ca21chrR_C_albicans_SC5314,Ca21chrR_C_albicans_SC5314,Ca21chrR_C_albicans_SC5314,Ca21chrR_C_albicans_SC5314,Ca21chrR_C_albicans_SC5314,Ca21chrR_C_albicans_SC5314,Ca21chrR_C_albicans_SC5314,Ca21chrR_C_albicans_SC5314,Ca21chrR_C_albicans_SC5314,Ca21chrR_C_albicans_SC5314,Ca21chrR_C_albicans_SC5314,Ca21chrR_C_albicans_SC5314,Ca21chrR_C_albicans_SC5314,Ca21chrR_C_albicans_SC5314,Ca21chrR_C_albicans_SC5314,Ca21chrR_C_albicans_SC5314,Ca21chrR_C_albicans_SC5314,Ca21chrR_C_albicans_SC5314,Ca21chrR_C_albicans_SC5314,Ca21chrR_C_albicans_SC5314,Ca21chrR_C_albicans_SC5314,Ca21chrR_C_albicans_SC5314,Ca21chrR_C_albicans_SC5314,Ca21chrR_C_albicans_SC5314,Ca21chrR_C_albicans_SC5314,Ca21chrR_C_albicans_SC5314,Ca21chrR_C_albicans_SC5314,Ca21chrR_C_albicans_SC5314,Ca21chrR_C_albicans_SC5314,Ca21chrR_C_albicans_SC5314,Ca21chrR_C_albicans_SC5314,Ca21chrR_C_albicans_SC5314,Ca21chrR_C_albicans_SC5314,Ca21chrR_C_albicans_SC5314,Ca21chrR_C_albicans_SC5314,Ca21chrR_C_albicans_SC5314,Ca21chrR_C_albicans_SC5314,Ca21chrR_C_albicans_SC5314,Ca21chrR_C_albicans_SC5314,Ca21chrR_C_albicans_SC5314,Ca21chrR_C_albicans_SC5314,Ca21chrR_C_albicans_SC5314,Ca21chrR_C_albicans_SC5314,Ca21chrR_C_albicans_SC5314,Ca21chrR_C_albicans_SC5314,Ca21chrR_C_albicans_SC5314,Ca21chrR_C_albicans_SC5314,Ca21chrR_C_albicans_SC5314,Ca21chrR_C_albicans_SC5314,Ca21chrR_C_albicans_SC5314,Ca21chrR_C_albicans_SC5314,Ca21chrR_C_albicans_SC5314,Ca21chrR_C_albicans_SC5314,Ca21chrR_C_albicans_SC5314,Ca21chrR_C_albicans_SC5314,Ca21chrR_C_albicans_SC5314,Ca21chrR_C_albicans_SC5314,Ca21chrR_C_albicans_SC5314,Ca21chrR_C_albicans_SC5314,Ca21chrR_C_albicans_SC5314,Ca21chrR_C_albicans_SC5314,Ca21chrR_C_albicans_SC5314,Ca21chrR_C_albicans_SC5314,Ca21chrR_C_albicans_SC5314,Ca21chrR_C_albicans_SC5314,Ca21chrR_C_albicans_SC5314,Ca21chrR_C_albicans_SC5314,Ca21chrR_C_albicans_SC5314,Ca21chrR_C_albicans_SC5314,Ca21chrR_C_albicans_SC5314,Ca21chrR_C_albicans_SC5314,Ca21chrR_C_albicans_SC5314,Ca21chrR_C_albicans_SC5314,Ca21chrR_C_albicans_SC5314,Ca21chrR_C_albicans_SC5314,Ca21chrR_C_albicans_SC5314,Ca21chrR_C_albicans_SC5314,Ca21chrR_C_albicans_SC5314,Ca21chrR_C_albicans_SC5314,Ca21chrR_C_albicans_SC5314,Ca21chrR_C_albicans_SC5314,Ca21chrR_C_albicans_SC5314,Ca21chrR_C_albicans_SC5314,Ca21chrR_C_albicans_SC5314,Ca21chrR_C_albicans_SC5314,Ca21chrR_C_albicans_SC5314,Ca21chrR_C_albicans_SC5314,Ca21chrR_C_albicans_SC5314,Ca21chrR_C_albicans_SC5314,Ca21chrR_C_albicans_SC5314,Ca21chrR_C_albicans_SC5314,Ca21chrR_C_albicans_SC5314,Ca21chrR_C_albicans_SC5314,Ca21chrR_C_albicans_SC5314,Ca21chrR_C_albicans_SC5314,Ca21chrR_C_albicans_SC5314,Ca21chrR_C_albicans_SC5314,Ca21chrR_C_albicans_SC5314,Ca21chrR_C_albicans_SC5314,Ca21chrR_C_albicans_SC5314,Ca21chrR_C_albicans_SC5314,Ca21chrR_C_albicans_SC5314,Ca21chrR_C_albicans_SC5314,Ca21chrR_C_albicans_SC5314,Ca21chrR_C_albicans_SC5314,Ca21chrR_C_albicans_SC5314,Ca21chrR_C_albicans_SC5314,Ca21chrR_C_albicans_SC5314,Ca21chrR_C_albicans_SC5314,Ca21chrR_C_albicans_SC5314,Ca21chrR_C_albicans_SC5314,Ca21chrR_C_albicans_SC5314,Ca21chrR_C_albicans_SC5314,Ca21chrR_C_albicans_SC5314,Ca21chrR_C_albicans_SC5314,Ca21chrR_C_albicans_SC5314,Ca21chrR_C_albicans_SC5314,Ca21chrR_C_albicans_SC5314,Ca21chrR_C_albicans_SC5314,Ca21chrR_C_albicans_SC5314,Ca21chrR_C_albicans_SC5314,Ca21chrR_C_albicans_SC5314,Ca21chrR_C_albicans_SC5314,Ca21chrR_C_albicans_SC5314,Ca21chrR_C_albicans_SC5314,Ca21chrR_C_albicans_SC5314,Ca21chrR_C_albicans_SC5314,Ca21chrR_C_albicans_SC5314,Ca21chrR_C_albicans_SC5314,Ca21chrR_C_albicans_SC5314,Ca21chrR_C_albicans_SC5314,Ca21chrR_C_albicans_SC5314,Ca21chrR_C_albicans_SC5314,Ca21chrR_C_albicans_SC5314,Ca21chrR_C_albicans_SC5314,Ca21chrR_C_albicans_SC5314,Ca21chrR_C_albicans_SC5314,Ca21chrR_C_albicans_SC5314,Ca21chrR_C_albicans_SC5314,Ca21chrR_C_albicans_SC5314,Ca21chrR_C_albicans_SC5314,Ca21chrR_C_albicans_SC5314,Ca21chrR_C_albicans_SC5314,Ca21chrR_C_albicans_SC5314,Ca21chrR_C_albicans_SC5314,Ca21chrR_C_albicans_SC5314,Ca21chrR_C_albicans_SC5314,Ca21chrR_C_albicans_SC5314,Ca21chrR_C_albicans_SC5314,Ca21chrR_C_albicans_SC5314,Ca21chrR_C_albicans_SC5314,Ca21chrR_C_albicans_SC5314,Ca21chrR_C_albicans_SC5314,Ca21chrR_C_albicans_SC5314,Ca21chrR_C_albicans_SC5314,Ca21chrR_C_albicans_SC5314,Ca21chrR_C_albicans_SC5314,Ca21chrR_C_albicans_SC5314,Ca21chrR_C_albicans_SC5314,Ca21chrR_C_albicans_SC5314,Ca21chrR_C_albicans_SC5314,Ca21chrR_C_albicans_SC5314,Ca21chrR_C_albicans_SC5314,Ca21chrR_C_albicans_SC5314,Ca21chrR_C_albicans_SC5314,Ca21chrR_C_albicans_SC5314,Ca21chrR_C_albicans_SC5314,Ca21chrR_C_albicans_SC5314,Ca21chrR_C_albicans_SC5314,Ca21chrR_C_albicans_SC5314,Ca21chrR_C_albicans_SC5314,Ca21chrR_C_albicans_SC5314,Ca21chrR_C_albicans_SC5314,Ca21chrR_C_albicans_SC5314,Ca21chrR_C_albicans_SC5314,Ca21chrR_C_albicans_SC5314,Ca21chrR_C_albicans_SC5314,Ca21chrR_C_albicans_SC5314,Ca21chrR_C_albicans_SC5314,Ca21chrR_C_albicans_SC5314,Ca21chrR_C_albicans_SC5314,Ca21chrR_C_albicans_SC5314,Ca21chrR_C_albicans_SC5314,Ca21chrR_C_albicans_SC5314,Ca21chrR_C_albicans_SC5314,Ca21chrR_C_albicans_SC5314,Ca21chrR_C_albicans_SC5314,Ca21chrR_C_albicans_SC5314,Ca21chrR_C_albicans_SC5314,Ca21chrR_C_albicans_SC5314,Ca21chrR_C_albicans_SC5314,Ca21chrR_C_albicans_SC5314,Ca21chrR_C_albicans_SC5314,Ca21chrR_C_albicans_SC5314,Ca21chrR_C_albicans_SC5314,Ca21chrR_C_albicans_SC5314,Ca21chrR_C_albicans_SC5314,Ca21chrR_C_albicans_SC5314,Ca21chrR_C_albicans_SC5314,Ca21chrR_C_albicans_SC5314,Ca21chrR_C_albicans_SC5314,Ca21chrR_C_albicans_SC5314,Ca21chrR_C_albicans_SC5314,Ca21chrR_C_albicans_SC5314,Ca21chrR_C_albicans_SC5314,Ca21chrR_C_albicans_SC5314,Ca21chrR_C_albicans_SC5314,Ca21chrR_C_albicans_SC5314,Ca21chrR_C_albicans_SC5314,Ca21chrR_C_albicans_SC5314,Ca21chrR_C_albicans_SC5314,Ca21chrR_C_albicans_SC5314,Ca21chrR_C_albicans_SC5314,Ca21chrR_C_albicans_SC5314,Ca21chrR_C_albicans_SC5314,Ca21chrR_C_albicans_SC5314,Ca21chrR_C_albicans_SC5314,Ca21chrR_C_albicans_SC5314,Ca21chrR_C_albicans_SC5314,Ca21chrR_C_albicans_SC5314,Ca21chrR_C_albicans_SC5314,Ca21chrR_C_albicans_SC5314,Ca21chrR_C_albicans_SC5314,Ca21chrR_C_albicans_SC5314,Ca21chrR_C_albicans_SC5314,Ca21chrR_C_albicans_SC5314,Ca21chrR_C_albicans_SC5314,Ca21chrR_C_albicans_SC5314,Ca21chrR_C_albicans_SC5314,Ca21chrR_C_albicans_SC5314,Ca21chrR_C_albicans_SC5314,Ca21chrR_C_albicans_SC5314,Ca21chrR_C_albicans_SC5314,Ca21chrR_C_albicans_SC5314,Ca21chrR_C_albicans_SC5314,Ca21chrR_C_albicans_SC5314,Ca21chrR_C_albicans_SC5314,Ca21chrR_C_albicans_SC5314,Ca21chrR_C_albicans_SC5314,Ca21chrR_C_albicans_SC5314,Ca21chrR_C_albicans_SC5314,Ca21chrR_C_albicans_SC5314,Ca21chrR_C_albicans_SC5314,Ca21chrR_C_albicans_SC5314,Ca21chrR_C_albicans_SC5314,Ca21chrR_C_albicans_SC5314,Ca21chrR_C_albicans_SC5314,Ca21chrR_C_albicans_SC5314,Ca21chrR_C_albicans_SC5314,Ca21chrR_C_albicans_SC5314,Ca21chrR_C_albicans_SC5314,Ca21chrR_C_albicans_SC5314,Ca21chrR_C_albicans_SC5314,Ca21chrR_C_albicans_SC5314,Ca21chrR_C_albicans_SC5314,Ca21chrR_C_albicans_SC5314,Ca21chrR_C_albicans_SC5314,Ca21chrR_C_albicans_SC5314,Ca21chrR_C_albicans_SC5314,Ca21chrR_C_albicans_SC5314,Ca21chrR_C_albicans_SC5314,Ca21chrR_C_albicans_SC5314,Ca21chrR_C_albicans_SC5314,Ca21chrR_C_albicans_SC5314,Ca21chrR_C_albicans_SC5314,Ca21chrR_C_albicans_SC5314,Ca21chrR_C_albicans_SC5314,Ca21chrR_C_albicans_SC5314,Ca21chrR_C_albicans_SC5314,Ca21chrR_C_albicans_SC5314,Ca21chrR_C_albicans_SC5314,Ca21chrR_C_albicans_SC5314,Ca21chrR_C_albicans_SC5314,Ca21chrR_C_albicans_SC5314,Ca21chrR_C_albicans_SC5314,Ca21chrR_C_albicans_SC5314,Ca21chrR_C_albicans_SC5314,Ca21chrR_C_albicans_SC5314,Ca21chrR_C_albicans_SC5314,Ca21chrR_C_albicans_SC5314,Ca21chrR_C_albicans_SC5314,Ca21chrR_C_albicans_SC5314,Ca21chrR_C_albicans_SC5314,Ca21chrR_C_albicans_SC5314,Ca21chrR_C_albicans_SC5314,Ca21chrR_C_albicans_SC5314,Ca21chrR_C_albicans_SC5314,Ca21chrR_C_albicans_SC5314,Ca21chrR_C_albicans_SC5314,Ca21chrR_C_albicans_SC5314,Ca21chrR_C_albicans_SC5314,Ca21chrR_C_albicans_SC5314,Ca21chrR_C_albicans_SC5314,Ca21chrR_C_albicans_SC5314,Ca21chrR_C_albicans_SC5314,Ca21chrR_C_albicans_SC5314,Ca21chrR_C_albicans_SC5314,Ca21chrR_C_albicans_SC5314,Ca21chrR_C_albicans_SC5314,Ca21chrR_C_albicans_SC5314,Ca21chrR_C_albicans_SC5314,Ca21chrR_C_albicans_SC5314,Ca21chrR_C_albicans_SC5314,Ca21chrR_C_albicans_SC5314,Ca21chrR_C_albicans_SC5314,Ca21chrR_C_albicans_SC5314,Ca21chrR_C_albicans_SC5314,Ca21chrR_C_albicans_SC5314,Ca21chrR_C_albicans_SC5314,Ca21chrR_C_albicans_SC5314,Ca21chrR_C_albicans_SC5314,Ca21chrR_C_albicans_SC5314,Ca21chrR_C_albicans_SC5314,Ca21chrR_C_albicans_SC5314,Ca21chrR_C_albicans_SC5314,Ca21chrR_C_albicans_SC5314,Ca21chrR_C_albicans_SC5314,Ca21chrR_C_albicans_SC5314,Ca21chrR_C_albicans_SC5314,Ca21chrR_C_albicans_SC5314,Ca21chrR_C_albicans_SC5314,Ca21chrR_C_albicans_SC5314,Ca21chrR_C_albicans_SC5314,Ca21chrR_C_albicans_SC5314,Ca21chrR_C_albicans_SC5314,Ca21chrR_C_albicans_SC5314,Ca21chrR_C_albicans_SC5314,Ca21chrR_C_albicans_SC5314,Ca21chrR_C_albicans_SC5314,Ca21chrR_C_albicans_SC5314,Ca21chrR_C_albicans_SC5314,Ca21chrR_C_albicans_SC5314,Ca21chrR_C_albicans_SC5314,Ca21chrR_C_albicans_SC5314,Ca21chrR_C_albicans_SC5314,Ca21chrR_C_albicans_SC5314,Ca21chrR_C_albicans_SC5314,Ca21chrR_C_albicans_SC5314,Ca21chrR_C_albicans_SC5314,Ca21chrR_C_albicans_SC5314,Ca21chrR_C_albicans_SC5314,Ca21chrR_C_albicans_SC5314,Ca21chrR_C_albicans_SC5314,Ca21chrR_C_albicans_SC5314,Ca21chrR_C_albicans_SC5314,Ca21chrR_C_albicans_SC5314,Ca21chrR_C_albicans_SC5314,Ca21chrR_C_albicans_SC5314,Ca21chrR_C_albicans_SC5314,Ca21chrR_C_albicans_SC5314,Ca21chrR_C_albicans_SC5314,Ca21chrR_C_albicans_SC5314,Ca21chrR_C_albicans_SC5314,Ca21chrR_C_albicans_SC5314,Ca21chrR_C_albicans_SC5314,Ca21chrR_C_albicans_SC5314,Ca21chrR_C_albicans_SC5314,Ca21chrR_C_albicans_SC5314,Ca21chrR_C_albicans_SC5314,Ca21chrR_C_albicans_SC5314,Ca21chrR_C_albicans_SC5314,Ca21chrR_C_albicans_SC5314,Ca21chrR_C_albicans_SC5314,Ca21chrR_C_albicans_SC5314,Ca21chrR_C_albicans_SC5314,Ca21chrR_C_albicans_SC5314,Ca21chrR_C_albicans_SC5314,Ca21chrR_C_albicans_SC5314,Ca21chrR_C_albicans_SC5314,Ca21chrR_C_albicans_SC5314,Ca21chrR_C_albicans_SC5314,Ca21chrR_C_albicans_SC5314,Ca21chrR_C_albicans_SC5314,Ca21chrR_C_albicans_SC5314,Ca21chrR_C_albicans_SC5314,Ca21chrR_C_albicans_SC5314,Ca21chrR_C_albicans_SC5314,Ca21chrR_C_albicans_SC5314,Ca21chrR_C_albicans_SC5314,Ca21chrR_C_albicans_SC5314,Ca21chrR_C_albicans_SC5314,Ca21chrR_C_albicans_SC5314,Ca21chrR_C_albicans_SC5314,Ca21chrR_C_albicans_SC5314,Ca21chrR_C_albicans_SC5314,Ca21chrR_C_albicans_SC5314,Ca21chrR_C_albicans_SC5314,Ca21chrR_C_albicans_SC5314,Ca21chrR_C_albicans_SC5314,Ca21chrR_C_albicans_SC5314,Ca21chrR_C_albicans_SC5314,Ca21chrR_C_albicans_SC5314,Ca21chrR_C_albicans_SC5314,Ca21chrR_C_albicans_SC5314,Ca21chrR_C_albicans_SC5314,Ca21chrR_C_albicans_SC5314,Ca21chrR_C_albicans_SC5314,Ca21chrR_C_albicans_SC5314,Ca21chrR_C_albicans_SC5314,Ca21chrR_C_albicans_SC5314,Ca21chrR_C_albicans_SC5314,Ca21chrR_C_albicans_SC5314,Ca21chrR_C_albicans_SC5314,Ca21chrR_C_albicans_SC5314,Ca21chrR_C_albicans_SC5314,Ca21chrR_C_albicans_SC5314,Ca21chrR_C_albicans_SC5314,Ca21chrR_C_albicans_SC5314,Ca21chrR_C_albicans_SC5314,Ca21chrR_C_albicans_SC5314,Ca21chrR_C_albicans_SC5314,Ca21chrR_C_albicans_SC5314,Ca21chrR_C_albicans_SC5314,Ca21chrR_C_albicans_SC5314,Ca21chrR_C_albicans_SC5314,Ca21chrR_C_albicans_SC5314,Ca21chrR_C_albicans_SC5314,Ca21chrR_C_albicans_SC5314,Ca21chrR_C_albicans_SC5314,Ca21chrR_C_albicans_SC5314,Ca21chrR_C_albicans_SC5314,Ca21chrR_C_albicans_SC5314,Ca21chrR_C_albicans_SC5314,Ca21chrR_C_albicans_SC5314,Ca21chrR_C_albicans_SC5314,Ca21chrR_C_albicans_SC5314,Ca21chrR_C_albicans_SC5314,Ca21chrR_C_albicans_SC5314,Ca21chrR_C_albicans_SC5314,Ca21chrR_C_albicans_SC5314,Ca21chrR_C_albicans_SC5314,Ca21chrR_C_albicans_SC5314,Ca21chrR_C_albicans_SC5314,Ca21chrR_C_albicans_SC5314,Ca21chrR_C_albicans_SC5314,Ca21chrR_C_albicans_SC5314,Ca21chrR_C_albicans_SC5314,Ca21chrR_C_albicans_SC5314,Ca21chrR_C_albicans_SC5314,Ca21chrR_C_albicans_SC5314,Ca21chrR_C_albicans_SC5314,Ca21chrR_C_albicans_SC5314,Ca21chrR_C_albicans_SC5314,Ca21chrR_C_albicans_SC5314,Ca21chrR_C_albicans_SC5314,Ca21chrR_C_albicans_SC5314,Ca21chrR_C_albicans_SC5314,Ca21chrR_C_albicans_SC5314,Ca21chrR_C_albicans_SC5314,Ca21chrR_C_albicans_SC5314,Ca21chrR_C_albicans_SC5314,Ca21chrR_C_albicans_SC5314,Ca21chrR_C_albicans_SC5314,Ca21chrR_C_albicans_SC5314,Ca21chrR_C_albicans_SC5314,Ca21chrR_C_albicans_SC5314,Ca21chrR_C_albicans_SC5314,Ca21chrR_C_albicans_SC5314,Ca21chrR_C_albicans_SC5314,Ca21chrR_C_albicans_SC5314,Ca21chrR_C_albicans_SC5314,Ca21chrR_C_albicans_SC5314,Ca21chrR_C_albicans_SC5314,Ca21chrR_C_albicans_SC5314,Ca21chrR_C_albicans_SC5314,Ca21chrR_C_albicans_SC5314,Ca21chrR_C_albicans_SC5314,Ca21chrR_C_albicans_SC5314,Ca21chrR_C_albicans_SC5314,Ca21chrR_C_albicans_SC5314,Ca21chrR_C_albicans_SC5314,Ca21chrR_C_albicans_SC5314,Ca21chrR_C_albicans_SC5314,Ca21chrR_C_albicans_SC5314,Ca21chrR_C_albicans_SC5314,Ca21chrR_C_albicans_SC5314,Ca21chrR_C_albicans_SC5314,Ca21chrR_C_albicans_SC5314,Ca21chrR_C_albicans_SC5314,Ca21chrR_C_albicans_SC5314,Ca21chrR_C_albicans_SC5314,Ca21chrR_C_albicans_SC5314,Ca21chrR_C_albicans_SC5314,Ca21chrR_C_albicans_SC5314,Ca21chrR_C_albicans_SC5314,Ca21chrR_C_albicans_SC5314,Ca21chrR_C_albicans_SC5314,Ca21chrR_C_albicans_SC5314,Ca21chrR_C_albicans_SC5314,Ca21chrR_C_albicans_SC5314,Ca21chrR_C_albicans_SC5314,Ca21chrR_C_albicans_SC5314,Ca21chrR_C_albicans_SC5314,Ca21chrR_C_albicans_SC5314,Ca21chrR_C_albicans_SC5314,Ca21chrR_C_albicans_SC5314,Ca21chrR_C_albicans_SC5314,Ca21chrR_C_albicans_SC5314,Ca21chrR_C_albicans_SC5314,Ca21chrR_C_albicans_SC5314,Ca21chrR_C_albicans_SC5314,Ca21chrR_C_albicans_SC5314,Ca21chrR_C_albicans_SC5314,Ca21chrR_C_albicans_SC5314,Ca21chrR_C_albicans_SC5314,Ca21chrR_C_albicans_SC5314,Ca21chrR_C_albicans_SC5314,Ca21chrR_C_albicans_SC5314,Ca21chrR_C_albicans_SC5314,Ca21chrR_C_albicans_SC5314,Ca21chrR_C_albicans_SC5314,Ca21chrR_C_albicans_SC5314,Ca21chrR_C_albicans_SC5314,Ca21chrR_C_albicans_SC5314,Ca21chrR_C_albicans_SC5314,Ca21chrR_C_albicans_SC5314,Ca21chrR_C_albicans_SC5314,Ca21chrR_C_albicans_SC5314,Ca21chrR_C_albicans_SC5314,Ca21chrR_C_albicans_SC5314,Ca21chrR_C_albicans_SC5314,Ca21chrR_C_albicans_SC5314,Ca21chrR_C_albicans_SC5314,Ca21chrR_C_albicans_SC5314,Ca21chrR_C_albicans_SC5314,Ca21chrR_C_albicans_SC5314,Ca21chrR_C_albicans_SC5314,Ca21chrR_C_albicans_SC5314,Ca21chrR_C_albicans_SC5314,Ca21chrR_C_albicans_SC5314,Ca21chrR_C_albicans_SC5314,Ca21chrR_C_albicans_SC5314,Ca21chrR_C_albicans_SC5314,Ca21chrR_C_albicans_SC5314,Ca21chrR_C_albicans_SC5314,Ca21chrR_C_albicans_SC5314,Ca21chrR_C_albicans_SC5314,Ca21chrR_C_albicans_SC5314,Ca21chrR_C_albicans_SC5314,Ca21chrR_C_albicans_SC5314,Ca21chrR_C_albicans_SC5314,Ca21chrR_C_albicans_SC5314,Ca21chrR_C_albicans_SC5314,Ca21chrR_C_albicans_SC5314,Ca21chrR_C_albicans_SC5314,Ca21chrR_C_albicans_SC5314,Ca21chrR_C_albicans_SC5314,Ca21chrR_C_albicans_SC5314,Ca21chrR_C_albicans_SC5314,Ca21chrR_C_albicans_SC5314,Ca21chrR_C_albicans_SC5314,Ca21chrR_C_albicans_SC5314,Ca21chrR_C_albicans_SC5314,Ca21chrR_C_albicans_SC5314,Ca21chrR_C_albicans_SC5314,Ca21chrR_C_albicans_SC5314,Ca21chrR_C_albicans_SC5314,Ca21chrR_C_albicans_SC5314,Ca21chrR_C_albicans_SC5314,Ca21chrR_C_albicans_SC5314,Ca21chrR_C_albicans_SC5314,Ca21chrR_C_albicans_SC5314,Ca21chrR_C_albicans_SC5314,Ca21chrR_C_albicans_SC5314,Ca21chrR_C_albicans_SC5314,Ca21chrR_C_albicans_SC5314,Ca21chrR_C_albicans_SC5314,Ca21chrR_C_albicans_SC5314,Ca21chrR_C_albicans_SC5314,Ca21chrR_C_albicans_SC5314,Ca21chrR_C_albicans_SC5314,Ca21chrR_C_albicans_SC5314,Ca21chrR_C_albicans_SC5314,Ca21chrR_C_albicans_SC5314,Ca21chrR_C_albicans_SC5314,Ca21chrR_C_albicans_SC5314,Ca21chrR_C_albicans_SC5314,Ca21chrR_C_albicans_SC5314,Ca21chrR_C_albicans_SC5314,Ca21chrR_C_albicans_SC5314,Ca21chrR_C_albicans_SC5314,Ca21chrR_C_albicans_SC5314,Ca21chrR_C_albicans_SC5314,Ca21chrR_C_albicans_SC5314,Ca21chrR_C_albicans_SC5314,Ca21chrR_C_albicans_SC5314,Ca21chrR_C_albicans_SC5314,Ca21chrR_C_albicans_SC5314,Ca21chrR_C_albicans_SC5314,Ca21chrR_C_albicans_SC5314,Ca21chrR_C_albicans_SC5314,Ca21chrR_C_albicans_SC5314,Ca21chrR_C_albicans_SC5314,Ca21chrR_C_albicans_SC5314,Ca21chrR_C_albicans_SC5314,Ca21chrR_C_albicans_SC5314,Ca21chrR_C_albicans_SC5314,Ca21chrR_C_albicans_SC5314,Ca21chrR_C_albicans_SC5314,Ca21chrR_C_albicans_SC5314,Ca21chrR_C_albicans_SC5314,Ca21chrR_C_albicans_SC5314,Ca21chrR_C_albicans_SC5314,Ca21chrR_C_albicans_SC5314,Ca21chrR_C_albicans_SC5314,Ca21chrR_C_albicans_SC5314,Ca21chrR_C_albicans_SC5314,Ca21chrR_C_albicans_SC5314,Ca21chrR_C_albicans_SC5314,Ca21chrR_C_albicans_SC5314,Ca21chrR_C_albicans_SC5314,Ca21chrR_C_albicans_SC5314,Ca21chrR_C_albicans_SC5314,Ca21chrR_C_albicans_SC5314,Ca21chrR_C_albicans_SC5314,Ca21chrR_C_albicans_SC5314,Ca21chrR_C_albicans_SC5314,Ca21chrR_C_albicans_SC5314,Ca21chrR_C_albicans_SC5314,Ca21chrR_C_albicans_SC5314,Ca21chrR_C_albicans_SC5314,Ca21chrR_C_albicans_SC5314,Ca21chrR_C_albicans_SC5314,Ca21chrR_C_albicans_SC5314,Ca21chrR_C_albicans_SC5314,Ca21chrR_C_albicans_SC5314,Ca21chrR_C_albicans_SC5314,Ca21chrR_C_albicans_SC5314,Ca21chrR_C_albicans_SC5314,Ca21chrR_C_albicans_SC5314,Ca21chrR_C_albicans_SC5314,Ca21chrR_C_albicans_SC5314,Ca21chrR_C_albicans_SC5314,Ca21chrR_C_albicans_SC5314,Ca21chrR_C_albicans_SC5314,Ca21chrR_C_albicans_SC5314,Ca21chrR_C_albicans_SC5314,Ca21chrR_C_albicans_SC5314,Ca21chrR_C_albicans_SC5314,Ca21chrR_C_albicans_SC5314,Ca21chrR_C_albicans_SC5314,Ca21chrR_C_albicans_SC5314,Ca21chrR_C_albicans_SC5314,Ca21chrR_C_albicans_SC5314,Ca21chrR_C_albicans_SC5314,Ca21chrR_C_albicans_SC5314,Ca21chrR_C_albicans_SC5314,Ca21chrR_C_albicans_SC5314,Ca21chrR_C_albicans_SC5314,Ca21chrR_C_albicans_SC5314,Ca21chrR_C_albicans_SC5314,Ca21chrR_C_albicans_SC5314,Ca21chrR_C_albicans_SC5314,Ca21chrR_C_albicans_SC5314,Ca21chrR_C_albicans_SC5314,Ca21chrR_C_albicans_SC5314,Ca21chrR_C_albicans_SC5314,Ca21chrR_C_albicans_SC5314,Ca21chrR_C_albicans_SC5314,Ca21chrR_C_albicans_SC5314,Ca21chrR_C_albicans_SC5314,Ca21chrR_C_albicans_SC5314,Ca21chrR_C_albicans_SC5314,Ca21chrR_C_albicans_SC5314,Ca21chrR_C_albicans_SC5314,Ca21chrR_C_albicans_SC5314,Ca21chrR_C_albicans_SC5314,Ca21chrR_C_albicans_SC5314,Ca21chrR_C_albicans_SC5314,Ca21chrR_C_albicans_SC5314,Ca21chrR_C_albicans_SC5314,Ca21chrR_C_albicans_SC5314,Ca21chrR_C_albicans_SC5314,Ca21chrR_C_albicans_SC5314,Ca21chrR_C_albicans_SC5314,Ca21chrR_C_albicans_SC5314,Ca21chrR_C_albicans_SC5314,Ca21chrR_C_albicans_SC5314,Ca21chrR_C_albicans_SC5314,Ca21chrR_C_albicans_SC5314,Ca21chrR_C_albicans_SC5314,Ca21chrR_C_albicans_SC5314,Ca21chrR_C_albicans_SC5314,Ca21chrR_C_albicans_SC5314,Ca21chrR_C_albicans_SC5314,Ca21chrR_C_albicans_SC5314,Ca21chrR_C_albicans_SC5314,Ca21chrR_C_albicans_SC5314,Ca21chrR_C_albicans_SC5314,Ca21chrR_C_albicans_SC5314,Ca21chrR_C_albicans_SC5314,Ca21chrR_C_albicans_SC5314,Ca21chrR_C_albicans_SC5314,Ca21chrR_C_albicans_SC5314,Ca21chrR_C_albicans_SC5314,Ca21chrR_C_albicans_SC5314,Ca21chrR_C_albicans_SC5314,Ca21chrR_C_albicans_SC5314,Ca21chrR_C_albicans_SC5314,Ca21chrR_C_albicans_SC5314,Ca21chrR_C_albicans_SC5314,Ca21chrR_C_albicans_SC5314,Ca21chrR_C_albicans_SC5314,Ca21chrR_C_albicans_SC5314,Ca21chrR_C_albicans_SC5314,Ca21chrR_C_albicans_SC5314,Ca21chrR_C_albicans_SC5314,Ca21chrR_C_albicans_SC5314,Ca21chrR_C_albicans_SC5314,Ca21chrR_C_albicans_SC5314,Ca21chrR_C_albicans_SC5314,Ca21chrR_C_albicans_SC5314,Ca21chrR_C_albicans_SC5314,Ca21chrR_C_albicans_SC5314,Ca21chrR_C_albicans_SC5314,Ca21chrR_C_albicans_SC5314,Ca21chrR_C_albicans_SC5314,Ca21chrR_C_albicans_SC5314,Ca21chrR_C_albicans_SC5314,Ca21chrR_C_albicans_SC5314,Ca21chrR_C_albicans_SC5314,Ca21chrR_C_albicans_SC5314,Ca21chrR_C_albicans_SC5314,Ca21chrR_C_albicans_SC5314,Ca21chrR_C_albicans_SC5314,Ca21chrR_C_albicans_SC5314,Ca21chrR_C_albicans_SC5314,Ca21chrR_C_albicans_SC5314,Ca21chrR_C_albicans_SC5314,Ca21chrR_C_albicans_SC5314,Ca21chrR_C_albicans_SC5314,Ca21chrR_C_albicans_SC5314,Ca21chrR_C_albicans_SC5314,Ca21chrR_C_albicans_SC5314,Ca21chrR_C_albicans_SC5314,Ca21chrR_C_albicans_SC5314,Ca21chrR_C_albicans_SC5314,Ca21chrR_C_albicans_SC5314,Ca21chrR_C_albicans_SC5314,Ca21chrR_C_albicans_SC5314,Ca21chrR_C_albicans_SC5314,Ca21chrR_C_albicans_SC5314,Ca21chrR_C_albicans_SC5314,Ca21chrR_C_albicans_SC5314,Ca21chrR_C_albicans_SC5314,Ca21chrR_C_albicans_SC5314,Ca21chrR_C_albicans_SC5314,Ca21chrR_C_albicans_SC5314,Ca21chrR_C_albicans_SC5314,Ca21chrR_C_albicans_SC5314,Ca21chrR_C_albicans_SC5314,Ca21chrR_C_albicans_SC5314,Ca21chrR_C_albicans_SC5314,Ca21chrR_C_albicans_SC5314,Ca21chrR_C_albicans_SC5314,Ca21chrR_C_albicans_SC5314,Ca21chrR_C_albicans_SC5314,Ca21chrR_C_albicans_SC5314,Ca21chrR_C_albicans_SC5314,Ca21chrR_C_albicans_SC5314,Ca21chrR_C_albicans_SC5314,Ca21chrR_C_albicans_SC5314,Ca21chrR_C_albicans_SC5314,Ca21chrR_C_albicans_SC5314,Ca21chrR_C_albicans_SC5314,Ca21chrR_C_albicans_SC5314,Ca21chrR_C_albicans_SC5314,Ca21chrR_C_albicans_SC5314,Ca21chrR_C_albicans_SC5314,Ca21chrR_C_albicans_SC5314,Ca21chrR_C_albicans_SC5314,Ca21chrR_C_albicans_SC5314,Ca21chrR_C_albicans_SC5314,Ca21chrR_C_albicans_SC5314,Ca21chrR_C_albicans_SC5314,Ca21chrR_C_albicans_SC5314,Ca21chrR_C_albicans_SC5314,Ca21chrR_C_albicans_SC5314,Ca21chrR_C_albicans_SC5314,Ca21chrR_C_albicans_SC5314,Ca21chrR_C_albicans_SC5314,Ca21chrR_C_albicans_SC5314,Ca21chrR_C_albicans_SC5314,Ca21chrR_C_albicans_SC5314,Ca21chrR_C_albicans_SC5314,Ca21chrR_C_albicans_SC5314,Ca21chrR_C_albicans_SC5314,Ca21chrR_C_albicans_SC5314,Ca21chrR_C_albicans_SC5314,Ca21chrR_C_albicans_SC5314,Ca21chrR_C_albicans_SC5314,Ca21chrR_C_albicans_SC5314,Ca21chrR_C_albicans_SC5314,Ca21chrR_C_albicans_SC5314,Ca21chrR_C_albicans_SC5314,Ca21chrR_C_albicans_SC5314,Ca21chrR_C_albicans_SC5314,Ca21chrR_C_albicans_SC5314,Ca21chrR_C_albicans_SC5314,Ca21chrR_C_albicans_SC5314,Ca21chrR_C_albicans_SC5314,Ca21chrR_C_albicans_SC5314,Ca21chrR_C_albicans_SC5314,Ca21chrR_C_albicans_SC5314,Ca21chrR_C_albicans_SC5314,Ca21chrR_C_albicans_SC5314,Ca21chrR_C_albicans_SC5314,Ca21chrR_C_albicans_SC5314,Ca21chrR_C_albicans_SC5314,Ca21chrR_C_albicans_SC5314,Ca21chrR_C_albicans_SC5314,Ca21chrR_C_albicans_SC5314,Ca21chrR_C_albicans_SC5314,Ca21chrR_C_albicans_SC5314,Ca21chrR_C_albicans_SC5314,Ca21chrR_C_albicans_SC5314,Ca21chrR_C_albicans_SC5314,Ca21chrR_C_albicans_SC5314,Ca21chrR_C_albicans_SC5314,Ca21chrR_C_albicans_SC5314,Ca21chrR_C_albicans_SC5314,Ca21chrR_C_albicans_SC5314,Ca21chrR_C_albicans_SC5314,Ca21chrR_C_albicans_SC5314,Ca21chrR_C_albicans_SC5314,Ca21chrR_C_albicans_SC5314,Ca21chrR_C_albicans_SC5314,Ca21chrR_C_albicans_SC5314,Ca21chrR_C_albicans_SC5314,Ca21chrR_C_albicans_SC5314,Ca21chrR_C_albicans_SC5314,Ca21chrR_C_albicans_SC5314,Ca21chrR_C_albicans_SC5314,Ca21chrR_C_albicans_SC5314,Ca21chrR_C_albicans_SC5314,Ca21chrR_C_albicans_SC5314,Ca21chrR_C_albicans_SC5314,Ca21chrR_C_albicans_SC5314,Ca21chrR_C_albicans_SC5314,Ca21chrR_C_albicans_SC5314,Ca21chrR_C_albicans_SC5314,Ca21chrR_C_albicans_SC5314,Ca21chrR_C_albicans_SC5314,Ca21chrR_C_albicans_SC5314,Ca21chrR_C_albicans_SC5314,Ca21chrR_C_albicans_SC5314,Ca21chrR_C_albicans_SC5314,Ca21chrR_C_albicans_SC5314,Ca21chrR_C_albicans_SC5314,Ca21chrR_C_albicans_SC5314,Ca21chrR_C_albicans_SC5314,Ca21chrR_C_albicans_SC5314,Ca21chrR_C_albicans_SC5314,Ca21chrR_C_albicans_SC5314,Ca21chrR_C_albicans_SC5314,Ca21chrR_C_albicans_SC5314,Ca21chrR_C_albicans_SC5314,Ca21chrR_C_albicans_SC5314,Ca21chrR_C_albicans_SC5314,Ca21chrR_C_albicans_SC5314,Ca21chrR_C_albicans_SC5314,Ca21chrR_C_albicans_SC5314,Ca21chrR_C_albicans_SC5314,Ca21chrR_C_albicans_SC5314,Ca21chrR_C_albicans_SC5314,Ca21chrR_C_albicans_SC5314,Ca21chrR_C_albicans_SC5314,Ca21chrR_C_albicans_SC5314,Ca21chrR_C_albicans_SC5314,Ca21chrR_C_albicans_SC5314,Ca21chrR_C_albicans_SC5314,Ca21chrR_C_albicans_SC5314,Ca21chrR_C_albicans_SC5314,Ca21chrR_C_albicans_SC5314,Ca21chrR_C_albicans_SC5314,Ca21chrR_C_albicans_SC5314,Ca21chrR_C_albicans_SC5314,Ca21chrR_C_albicans_SC5314,Ca21chrR_C_albicans_SC5314,Ca21chrR_C_albicans_SC5314,Ca21chrR_C_albicans_SC5314,Ca21chrR_C_albicans_SC5314,Ca21chrR_C_albicans_SC5314,Ca21chrR_C_albicans_SC5314,Ca21chrR_C_albicans_SC5314,Ca21chrR_C_albicans_SC5314,Ca21chrR_C_albicans_SC5314,Ca21chrR_C_albicans_SC5314,Ca21chrR_C_albicans_SC5314,Ca21chrR_C_albicans_SC5314,Ca21chrR_C_albicans_SC5314,Ca21chrR_C_albicans_SC5314,Ca21chrR_C_albicans_SC5314,Ca21chrR_C_albicans_SC5314,Ca21chrR_C_albicans_SC5314,Ca21chrR_C_albicans_SC5314,Ca21chrR_C_albicans_SC5314,Ca21chrR_C_albicans_SC5314,Ca21chrR_C_albicans_SC5314,Ca21chrR_C_albicans_SC5314,Ca21chrR_C_albicans_SC5314,Ca21chrR_C_albicans_SC5314,Ca21chrR_C_albicans_SC5314,Ca21chrR_C_albicans_SC5314,Ca21chrR_C_albicans_SC5314,Ca21chrR_C_albicans_SC5314,Ca21chrR_C_albicans_SC5314,Ca21chrR_C_albicans_SC5314,Ca21chrR_C_albicans_SC5314,Ca21chrR_C_albicans_SC5314,Ca21chrR_C_albicans_SC5314,Ca21chrR_C_albicans_SC5314,Ca21chrR_C_albicans_SC5314,Ca21chrR_C_albicans_SC5314,Ca21chrR_C_albicans_SC5314,Ca21chrR_C_albicans_SC5314,Ca21chrR_C_albicans_SC5314,Ca21chrR_C_albicans_SC5314,Ca21chrR_C_albicans_SC5314,Ca21chrR_C_albicans_SC5314,Ca21chrR_C_albicans_SC5314,Ca21chrR_C_albicans_SC5314,Ca21chrR_C_albicans_SC5314,Ca21chrR_C_albicans_SC5314,Ca21chrR_C_albicans_SC5314,Ca21chrR_C_albicans_SC5314,Ca21chrR_C_albicans_SC5314,Ca21chrR_C_albicans_SC5314,Ca21chrR_C_albicans_SC5314,Ca21chrR_C_albicans_SC5314,Ca21chrR_C_albicans_SC5314,Ca21chrR_C_albicans_SC5314,Ca21chrR_C_albicans_SC5314,Ca21chrR_C_albicans_SC5314,Ca21chrR_C_albicans_SC5314,Ca21chrR_C_albicans_SC5314,Ca21chrR_C_albicans_SC5314,Ca21chrR_C_albicans_SC5314,Ca21chrR_C_albicans_SC5314,Ca21chrR_C_albicans_SC5314,Ca21chrR_C_albicans_SC5314,Ca21chrR_C_albicans_SC5314,Ca21chrR_C_albicans_SC5314,Ca21chrR_C_albicans_SC5314,Ca21chrR_C_albicans_SC5314,Ca21chrR_C_albicans_SC5314,Ca21chrR_C_albicans_SC5314,Ca21chrR_C_albicans_SC5314,Ca21chrR_C_albicans_SC5314,Ca21chrR_C_albicans_SC5314,Ca21chrR_C_albicans_SC5314,Ca21chrR_C_albicans_SC5314,Ca21chrR_C_albicans_SC5314,Ca21chrR_C_albicans_SC5314,Ca21chrR_C_albicans_SC5314,Ca21chrR_C_albicans_SC5314,Ca21chrR_C_albicans_SC5314,Ca21chrR_C_albicans_SC5314,Ca21chrR_C_albicans_SC5314,Ca21chrR_C_albicans_SC5314,Ca21chrR_C_albicans_SC5314,Ca21chrR_C_albicans_SC5314,Ca21chrR_C_albicans_SC5314,Ca21chrR_C_albicans_SC5314,Ca21chrR_C_albicans_SC5314,Ca21chrR_C_albicans_SC5314,Ca21chrR_C_albicans_SC5314,Ca21chrR_C_albicans_SC5314,Ca21chrR_C_albicans_SC5314,Ca21chrR_C_albicans_SC5314,Ca21chrR_C_albicans_SC5314,Ca21chrR_C_albicans_SC5314,Ca21chrR_C_albicans_SC5314,Ca21chrR_C_albicans_SC5314,Ca21chrR_C_albicans_SC5314,Ca21chrR_C_albicans_SC5314,Ca21chrR_C_albicans_SC5314,Ca21chrR_C_albicans_SC5314,Ca21chrR_C_albicans_SC5314,Ca21chrR_C_albicans_SC5314,Ca21chrR_C_albicans_SC5314,Ca21chrR_C_albicans_SC5314,Ca21chrR_C_albicans_SC5314,Ca21chrR_C_albicans_SC5314,Ca21chrR_C_albicans_SC5314,Ca21chrR_C_albicans_SC5314,Ca21chrR_C_albicans_SC5314,Ca21chrR_C_albicans_SC5314,Ca21chrR_C_albicans_SC5314,Ca21chrR_C_albicans_SC5314,Ca21chrR_C_albicans_SC5314,Ca21chrR_C_albicans_SC5314,Ca21chrR_C_albicans_SC5314,Ca21chrR_C_albicans_SC5314,Ca21chrR_C_albicans_SC5314,Ca21chrR_C_albicans_SC5314,Ca21chrR_C_albicans_SC5314,Ca21chrR_C_albicans_SC5314,Ca21chrR_C_albicans_SC5314,Ca21chrR_C_albicans_SC5314,Ca21chrR_C_albicans_SC5314,Ca21chrR_C_albicans_SC5314,Ca21chrR_C_albicans_SC5314,Ca21chrR_C_albicans_SC5314,Ca21chrR_C_albicans_SC5314,Ca21chrR_C_albicans_SC5314,Ca21chrR_C_albicans_SC5314,Ca21chrR_C_albicans_SC5314,Ca21chrR_C_albicans_SC5314,Ca21chrR_C_albicans_SC5314,Ca21chrR_C_albicans_SC5314,Ca21chrR_C_albicans_SC5314,Ca21chrR_C_albicans_SC5314,Ca21chrR_C_albicans_SC5314,Ca21chrR_C_albicans_SC5314,Ca21chrR_C_albicans_SC5314,Ca21chrR_C_albicans_SC5314,Ca21chrR_C_albicans_SC5314,Ca21chrR_C_albicans_SC5314,Ca21chrR_C_albicans_SC5314,Ca21chrR_C_albicans_SC5314,Ca21chrR_C_albicans_SC5314,Ca21chrR_C_albicans_SC5314,Ca21chrR_C_albicans_SC5314,Ca21chrR_C_albicans_SC5314,Ca21chrR_C_albicans_SC5314,Ca21chrR_C_albicans_SC5314,Ca21chrR_C_albicans_SC5314,Ca21chrR_C_albicans_SC5314,Ca21chrR_C_albicans_SC5314,Ca21chrR_C_albicans_SC5314,Ca21chrR_C_albicans_SC5314,Ca21chrR_C_albicans_SC5314,Ca21chrR_C_albicans_SC5314,Ca21chrR_C_albicans_SC5314,Ca21chrR_C_albicans_SC5314,Ca21chrR_C_albicans_SC5314,Ca21chrR_C_albicans_SC5314,Ca21chrR_C_albicans_SC5314,Ca21chrR_C_albicans_SC5314,Ca21chrR_C_albicans_SC5314,Ca21chrR_C_albicans_SC5314,Ca21chrR_C_albicans_SC5314,Ca21chrR_C_albicans_SC5314,Ca21chrR_C_albicans_SC5314,Ca21chrR_C_albicans_SC5314,Ca21chrR_C_albicans_SC5314,Ca21chrR_C_albicans_SC5314,Ca21chrR_C_albicans_SC5314,Ca21chrR_C_albicans_SC5314,Ca21chrR_C_albicans_SC5314,Ca21chrR_C_albicans_SC5314,Ca21chrR_C_albicans_SC5314,Ca21chrR_C_albicans_SC5314,Ca21chrR_C_albicans_SC5314,Ca21chrR_C_albicans_SC5314,Ca21chrR_C_albicans_SC5314,Ca21chrR_C_albicans_SC5314,Ca21chrR_C_albicans_SC5314,Ca21chrR_C_albicans_SC5314,Ca21chrR_C_albicans_SC5314,Ca21chrR_C_albicans_SC5314,Ca21chrR_C_albicans_SC5314,Ca21chrR_C_albicans_SC5314,Ca21chrR_C_albicans_SC5314,Ca21chrR_C_albicans_SC5314,Ca21chrR_C_albicans_SC5314,Ca21chrR_C_albicans_SC5314,Ca21chrR_C_albicans_SC5314,Ca21chrR_C_albicans_SC5314,Ca21chrR_C_albicans_SC5314,Ca21chrR_C_albicans_SC5314,Ca21chrR_C_albicans_SC5314,Ca21chrR_C_albicans_SC5314,Ca21chrR_C_albicans_SC5314,Ca21chrR_C_albicans_SC5314,Ca21chrR_C_albicans_SC5314,Ca21chrR_C_albicans_SC5314,Ca21chrR_C_albicans_SC5314,Ca21chrR_C_albicans_SC5314,Ca21chrR_C_albicans_SC5314,Ca21chrR_C_albicans_SC5314,Ca21chrR_C_albicans_SC5314,Ca21chrR_C_albicans_SC5314,Ca21chrR_C_albicans_SC5314,Ca21chrR_C_albicans_SC5314,Ca21chrR_C_albicans_SC5314,Ca21chrR_C_albicans_SC5314,Ca21chrR_C_albicans_SC5314,Ca21chrR_C_albicans_SC5314,Ca21chrR_C_albicans_SC5314,Ca21chrR_C_albicans_SC5314,Ca21chrR_C_albicans_SC5314,Ca21chrR_C_albicans_SC5314,Ca21chrR_C_albicans_SC5314,Ca21chrR_C_albicans_SC5314,Ca21chrR_C_albicans_SC5314,Ca21chrR_C_albicans_SC5314,Ca21chrR_C_albicans_SC5314,Ca21chrR_C_albicans_SC5314,Ca21chrR_C_albicans_SC5314,Ca21chrR_C_albicans_SC5314,Ca21chrR_C_albicans_SC5314,Ca21chrR_C_albicans_SC5314,Ca21chrR_C_albicans_SC5314,Ca21chrR_C_albicans_SC5314,Ca21chrR_C_albicans_SC5314,Ca21chrR_C_albicans_SC5314,Ca21chrR_C_albicans_SC5314,Ca21chrR_C_albicans_SC5314,Ca21chrR_C_albicans_SC5314,Ca21chrR_C_albicans_SC5314,Ca21chrR_C_albicans_SC5314,Ca21chrR_C_albicans_SC5314,Ca21chrR_C_albicans_SC5314,Ca21chrR_C_albicans_SC5314,Ca21chrR_C_albicans_SC5314,Ca21chrR_C_albicans_SC5314,Ca21chrR_C_albicans_SC5314,Ca21chrR_C_albicans_SC5314,Ca21chrR_C_albicans_SC5314,Ca21chrR_C_albicans_SC5314,Ca21chrR_C_albicans_SC5314,Ca21chrR_C_albicans_SC5314,Ca21chrR_C_albicans_SC5314,Ca21chrR_C_albicans_SC5314,Ca21chrR_C_albicans_SC5314,Ca21chrR_C_albicans_SC5314,Ca21chrR_C_albicans_SC5314,Ca21chrR_C_albicans_SC5314,Ca21chrR_C_albicans_SC5314,Ca21chrR_C_albicans_SC5314,Ca21chrR_C_albicans_SC5314,Ca21chrR_C_albicans_SC5314,Ca21chrR_C_albicans_SC5314,Ca21chrR_C_albicans_SC5314,Ca21chrR_C_albicans_SC5314,Ca21chrR_C_albicans_SC5314,Ca21chrR_C_albicans_SC5314,Ca21chrR_C_albicans_SC5314,Ca21chrR_C_albicans_SC5314,Ca21chrR_C_albicans_SC5314,Ca21chrR_C_albicans_SC5314,Ca21chrR_C_albicans_SC5314,Ca21chrR_C_albicans_SC5314,Ca21chrR_C_albicans_SC5314,Ca21chrR_C_albicans_SC5314,Ca21chrR_C_albicans_SC5314,Ca21chrR_C_albicans_SC5314,Ca21chrR_C_albicans_SC5314,Ca21chrR_C_albicans_SC5314,Ca21chrR_C_albicans_SC5314,Ca21chrR_C_albicans_SC5314,Ca21chrR_C_albicans_SC5314,Ca21chrR_C_albicans_SC5314,Ca21chrR_C_albicans_SC5314,Ca21chrR_C_albicans_SC5314,Ca21chrR_C_albicans_SC5314,Ca21chrR_C_albicans_SC5314,Ca21chrR_C_albicans_SC5314,Ca21chrR_C_albicans_SC5314,Ca21chrR_C_albicans_SC5314,Ca21chrR_C_albicans_SC5314,Ca21chrR_C_albicans_SC5314,Ca21chrR_C_albicans_SC5314,Ca21chrR_C_albicans_SC5314,Ca21chrR_C_albicans_SC5314,Ca21chrR_C_albicans_SC5314,Ca21chrR_C_albicans_SC5314,Ca21chrR_C_albicans_SC5314,Ca21chrR_C_albicans_SC5314,Ca21chrR_C_albicans_SC5314,Ca21chrR_C_albicans_SC5314,Ca21chrR_C_albicans_SC5314,Ca21chrR_C_albicans_SC5314,Ca21chrR_C_albicans_SC5314,Ca21chrR_C_albicans_SC5314,Ca21chrR_C_albicans_SC5314,Ca21chrR_C_albicans_SC5314,Ca21chrR_C_albicans_SC5314,Ca21chrR_C_albicans_SC5314,Ca21chrR_C_albicans_SC5314,Ca21chrR_C_albicans_SC5314,Ca21chrR_C_albicans_SC5314,Ca21chrR_C_albicans_SC5314,Ca21chrR_C_albicans_SC5314,Ca21chrR_C_albicans_SC5314,Ca21chrR_C_albicans_SC5314,Ca21chrR_C_albicans_SC5314,Ca21chrR_C_albicans_SC5314,Ca21chrR_C_albicans_SC5314,Ca21chrR_C_albicans_SC5314,Ca21chrR_C_albicans_SC5314,Ca21chrR_C_albicans_SC5314,Ca21chrR_C_albicans_SC5314,Ca21chrR_C_albicans_SC5314,Ca21chrR_C_albicans_SC5314,Ca21chrR_C_albicans_SC5314,Ca21chrR_C_albicans_SC5314,Ca21chrR_C_albicans_SC5314,Ca21chrR_C_albicans_SC5314,Ca21chrR_C_albicans_SC5314,Ca21chrR_C_albicans_SC5314,Ca21chrR_C_albicans_SC5314,Ca21chrR_C_albicans_SC5314,Ca21chrR_C_albicans_SC5314,Ca21chrR_C_albicans_SC5314,Ca21chrR_C_albicans_SC5314,Ca21chrR_C_albicans_SC5314,Ca21chrR_C_albicans_SC5314,Ca21chrR_C_albicans_SC5314,Ca21chrR_C_albicans_SC5314,Ca21chrR_C_albicans_SC5314,Ca21chrR_C_albicans_SC5314,Ca21chrR_C_albicans_SC5314,Ca21chrR_C_albicans_SC5314,Ca21chrR_C_albicans_SC5314,Ca21chrR_C_albicans_SC5314,Ca21chrR_C_albicans_SC5314,Ca21chrR_C_albicans_SC5314,Ca21chrR_C_albicans_SC5314,Ca21chrR_C_albicans_SC5314,Ca21chrR_C_albicans_SC5314,Ca21chrR_C_albicans_SC5314,Ca21chrR_C_albicans_SC5314,Ca21chrR_C_albicans_SC5314,Ca21chrR_C_albicans_SC5314,Ca21chrR_C_albicans_SC5314,Ca21chrR_C_albicans_SC5314,Ca21chrR_C_albicans_SC5314,Ca21chrR_C_albicans_SC5314,Ca21chrR_C_albicans_SC5314,Ca21chrR_C_albicans_SC5314,Ca21chrR_C_albicans_SC5314,Ca21chrR_C_albicans_SC5314,Ca21chrR_C_albicans_SC5314,Ca21chrR_C_albicans_SC5314,Ca21chrR_C_albicans_SC5314,Ca21chrR_C_albicans_SC5314,Ca21chrR_C_albicans_SC5314,Ca21chrR_C_albicans_SC5314,Ca21chrR_C_albicans_SC5314,Ca21chrR_C_albicans_SC5314,Ca21chrR_C_albicans_SC5314,Ca21chrR_C_albicans_SC5314,Ca21chrR_C_albicans_SC5314,Ca21chrR_C_albicans_SC5314,Ca21chrR_C_albicans_SC5314,Ca21chrR_C_albicans_SC5314,Ca21chrR_C_albicans_SC5314,Ca21chrR_C_albicans_SC5314,Ca21chrR_C_albicans_SC5314,Ca21chrR_C_albicans_SC5314,Ca21chrR_C_albicans_SC5314,Ca21chrR_C_albicans_SC5314,Ca21chrR_C_albicans_SC5314,Ca21chrR_C_albicans_SC5314,Ca21chrR_C_albicans_SC5314,Ca21chrR_C_albicans_SC5314,Ca21chrR_C_albicans_SC5314,Ca21chrR_C_albicans_SC5314,Ca21chrR_C_albicans_SC5314,Ca21chrR_C_albicans_SC5314,Ca21chrR_C_albicans_SC5314,Ca21chrR_C_albicans_SC5314,Ca21chrR_C_albicans_SC5314,Ca21chrR_C_albicans_SC5314,Ca21chrR_C_albicans_SC5314,Ca21chrR_C_albicans_SC5314,Ca21chrR_C_albicans_SC5314,Ca21chrR_C_albicans_SC5314,Ca21chrR_C_albicans_SC5314,Ca21chrR_C_albicans_SC5314,Ca21chrR_C_albicans_SC5314,Ca21chrR_C_albicans_SC5314,Ca21chrR_C_albicans_SC5314,Ca21chrR_C_albicans_SC5314,Ca21chrR_C_albicans_SC5314,Ca21chrR_C_albicans_SC5314,Ca21chrR_C_albicans_SC5314,Ca21chrR_C_albicans_SC5314,Ca21chrR_C_albicans_SC5314,Ca21chrR_C_albicans_SC5314,Ca21chrR_C_albicans_SC5314,Ca21chrR_C_albicans_SC5314,Ca21chrR_C_albicans_SC5314,Ca21chrR_C_albicans_SC5314,Ca21chrR_C_albicans_SC5314,Ca21chrR_C_albicans_SC5314,Ca21chrR_C_albicans_SC5314,Ca21chrR_C_albicans_SC5314,Ca21chrR_C_albicans_SC5314,Ca21chrR_C_albicans_SC5314,Ca21chrR_C_albicans_SC5314,Ca21chrR_C_albicans_SC5314,Ca21chrR_C_albicans_SC5314,Ca21chrR_C_albicans_SC5314,Ca21chrR_C_albicans_SC5314,Ca21chrR_C_albicans_SC5314,Ca21chrR_C_albicans_SC5314,Ca21chrR_C_albicans_SC5314,Ca21chrR_C_albicans_SC5314,Ca21chrR_C_albicans_SC5314,Ca21chrR_C_albicans_SC5314,Ca21chrR_C_albicans_SC5314,Ca21chrR_C_albicans_SC5314,Ca21chrR_C_albicans_SC5314,Ca21chrR_C_albicans_SC5314,Ca21chrR_C_albicans_SC5314,Ca21chrR_C_albicans_SC5314,Ca21chrR_C_albicans_SC5314,Ca21chrR_C_albicans_SC5314,Ca21chrR_C_albicans_SC5314,Ca21chrR_C_albicans_SC5314,Ca21chrR_C_albicans_SC5314,Ca21chrR_C_albicans_SC5314,Ca21chrR_C_albicans_SC5314,Ca21chrR_C_albicans_SC5314,Ca21chrR_C_albicans_SC5314,Ca21chrR_C_albicans_SC5314,Ca21chrR_C_albicans_SC5314,Ca21chrR_C_albicans_SC5314,Ca21chrR_C_albicans_SC5314,Ca21chrR_C_albicans_SC5314,Ca21chrR_C_albicans_SC5314,Ca21chrR_C_albicans_SC5314,Ca21chrR_C_albicans_SC5314,Ca21chrR_C_albicans_SC5314,Ca21chrR_C_albicans_SC5314,Ca21chrR_C_albicans_SC5314,Ca21chrR_C_albicans_SC5314,Ca21chrR_C_albicans_SC5314,Ca21chrR_C_albicans_SC5314,Ca21chrR_C_albicans_SC5314,Ca21chrR_C_albicans_SC5314,Ca21chrR_C_albicans_SC5314,Ca21chrR_C_albicans_SC5314,Ca21chrR_C_albicans_SC5314,Ca21chrR_C_albicans_SC5314,Ca21chrR_C_albicans_SC5314,Ca21chrR_C_albicans_SC5314,Ca21chrR_C_albicans_SC5314,Ca21chrR_C_albicans_SC5314,Ca21chrR_C_albicans_SC5314,Ca21chrR_C_albicans_SC5314,Ca21chrR_C_albicans_SC5314,Ca21chrR_C_albicans_SC5314,Ca21chrR_C_albicans_SC5314,Ca21chrR_C_albicans_SC5314,Ca21chrR_C_albicans_SC5314,Ca21chrR_C_albicans_SC5314,Ca21chrR_C_albicans_SC5314,Ca21chrR_C_albicans_SC5314,Ca21chrR_C_albicans_SC5314,Ca21chrR_C_albicans_SC5314,Ca21chrR_C_albicans_SC5314,Ca21chrR_C_albicans_SC5314,Ca21chrR_C_albicans_SC5314,Ca21chrR_C_albicans_SC5314,Ca21chrR_C_albicans_SC5314,Ca21chrR_C_albicans_SC5314,Ca21chrR_C_albicans_SC5314,Ca21chrR_C_albicans_SC5314,Ca21chrR_C_albicans_SC5314,Ca21chrR_C_albicans_SC5314,Ca21chrR_C_albicans_SC5314,Ca21chrR_C_albicans_SC5314,Ca21chrR_C_albicans_SC5314,Ca21chrR_C_albicans_SC5314,Ca21chrR_C_albicans_SC5314,Ca21chrR_C_albicans_SC5314,Ca21chrR_C_albicans_SC5314,Ca21chrR_C_albicans_SC5314,Ca21chrR_C_albicans_SC5314,Ca21chrR_C_albicans_SC5314,Ca21chrR_C_albicans_SC5314,Ca21chrR_C_albicans_SC5314,Ca21chrR_C_albicans_SC5314,Ca21chrR_C_albicans_SC5314,Ca21chrR_C_albicans_SC5314,Ca21chrR_C_albicans_SC5314,Ca21chrR_C_albicans_SC5314,Ca21chrR_C_albicans_SC5314,Ca21chrR_C_albicans_SC5314,Ca21chrR_C_albicans_SC5314,Ca21chrR_C_albicans_SC5314,Ca21chrR_C_albicans_SC5314,Ca21chrR_C_albicans_SC5314,Ca21chrR_C_albicans_SC5314,Ca21chrR_C_albicans_SC5314,Ca21chrR_C_albicans_SC5314,Ca21chrR_C_albicans_SC5314,Ca21chrR_C_albicans_SC5314,Ca21chrR_C_albicans_SC5314,Ca21chrR_C_albicans_SC5314,Ca21chrR_C_albicans_SC5314,Ca21chrR_C_albicans_SC5314,Ca21chrR_C_albicans_SC5314,Ca21chrR_C_albicans_SC5314,Ca21chrR_C_albicans_SC5314,Ca21chrR_C_albicans_SC5314,Ca21chrR_C_albicans_SC5314,Ca21chrR_C_albicans_SC5314,Ca21chrR_C_albicans_SC5314,Ca21chrR_C_albicans_SC5314,Ca21chrR_C_albicans_SC5314,Ca21chrR_C_albicans_SC5314,Ca21chrR_C_albicans_SC5314,Ca21chrR_C_albicans_SC5314,Ca21chrR_C_albicans_SC5314,Ca21chrR_C_albicans_SC5314,Ca21chrR_C_albicans_SC5314,Ca21chrR_C_albicans_SC5314,Ca21chrR_C_albicans_SC5314,Ca21chrR_C_albicans_SC5314,Ca21chrR_C_albicans_SC5314,Ca21chrR_C_albicans_SC5314,Ca21chrR_C_albicans_SC5314,Ca21chrR_C_albicans_SC5314,Ca21chrR_C_albicans_SC5314,Ca21chrR_C_albicans_SC5314,Ca21chrR_C_albicans_SC5314,Ca21chrR_C_albicans_SC5314,Ca21chrR_C_albicans_SC5314,Ca21chrR_C_albicans_SC5314,Ca21chrR_C_albicans_SC5314,Ca21chrR_C_albicans_SC5314,Ca21chrR_C_albicans_SC5314,Ca21chrR_C_albicans_SC5314,Ca21chrR_C_albicans_SC5314,Ca21chrR_C_albicans_SC5314,Ca21chrR_C_albicans_SC5314,Ca21chrR_C_albicans_SC5314,Ca21chrR_C_albicans_SC5314,Ca21chrR_C_albicans_SC5314,Ca21chrR_C_albicans_SC5314,Ca21chrR_C_albicans_SC5314,Ca21chrR_C_albicans_SC5314,Ca21chrR_C_albicans_SC5314,Ca21chrR_C_albicans_SC5314,Ca21chrR_C_albicans_SC5314,Ca21chrR_C_albicans_SC5314,Ca21chrR_C_albicans_SC5314,Ca21chrR_C_albicans_SC5314,Ca21chrR_C_albicans_SC5314,Ca21chrR_C_albicans_SC5314,Ca21chrR_C_albicans_SC5314,Ca21chrR_C_albicans_SC5314,Ca21chrR_C_albicans_SC5314,Ca21chrR_C_albicans_SC5314,Ca21chrR_C_albicans_SC5314,Ca21chrR_C_albicans_SC5314,Ca21chrR_C_albicans_SC5314,Ca21chrR_C_albicans_SC5314,Ca21chrR_C_albicans_SC5314,Ca21chrR_C_albicans_SC5314,Ca21chrR_C_albicans_SC5314,Ca21chrR_C_albicans_SC5314,Ca21chrR_C_albicans_SC5314,Ca21chrR_C_albicans_SC5314,Ca21chrR_C_albicans_SC5314,Ca21chrR_C_albicans_SC5314,Ca21chrR_C_albicans_SC5314,Ca21chrR_C_albicans_SC5314,Ca21chrR_C_albicans_SC5314,Ca21chrR_C_albicans_SC5314,Ca21chrR_C_albicans_SC5314,Ca21chrR_C_albicans_SC5314,Ca21chrR_C_albicans_SC5314,Ca21chrR_C_albicans_SC5314,Ca21chrR_C_albicans_SC5314,Ca21chrR_C_albicans_SC5314,Ca21chrR_C_albicans_SC5314,Ca21chrR_C_albicans_SC5314,Ca21chrR_C_albicans_SC5314,Ca21chrR_C_albicans_SC5314,Ca21chrR_C_albicans_SC5314,Ca21chrR_C_albicans_SC5314,Ca21chrR_C_albicans_SC5314,Ca21chrR_C_albicans_SC5314,Ca21chrR_C_albicans_SC5314,Ca21chrR_C_albicans_SC5314,Ca21chrR_C_albicans_SC5314,Ca21chrR_C_albicans_SC5314,Ca21chrR_C_albicans_SC5314,Ca21chrR_C_albicans_SC5314,Ca21chrR_C_albicans_SC5314,Ca21chrR_C_albicans_SC5314,Ca21chrR_C_albicans_SC5314,Ca21chrR_C_albicans_SC5314,Ca21chrR_C_albicans_SC5314,Ca21chrR_C_albicans_SC5314,Ca21chrR_C_albicans_SC5314,Ca21chrR_C_albicans_SC5314,Ca21chrR_C_albicans_SC5314,Ca21chrR_C_albicans_SC5314,Ca21chrR_C_albicans_SC5314,Ca21chrR_C_albicans_SC5314,Ca21chrR_C_albicans_SC5314,Ca21chrR_C_albicans_SC5314,Ca21chrR_C_albicans_SC5314,Ca21chrR_C_albicans_SC5314,Ca21chrR_C_albicans_SC5314,Ca21chrR_C_albicans_SC5314,Ca21chrR_C_albicans_SC5314,Ca21chrR_C_albicans_SC5314,Ca21chrR_C_albicans_SC5314,Ca21chrR_C_albicans_SC5314,Ca21chrR_C_albicans_SC5314,Ca21chrR_C_albicans_SC5314,Ca21chrR_C_albicans_SC5314,Ca21chrR_C_albicans_SC5314,Ca21chrR_C_albicans_SC5314,Ca21chrR_C_albicans_SC5314,Ca21chrR_C_albicans_SC5314,Ca21chrR_C_albicans_SC5314,Ca21chrR_C_albicans_SC5314,Ca21chrR_C_albicans_SC5314,Ca21chrR_C_albicans_SC5314,Ca21chrR_C_albicans_SC5314,Ca21chrR_C_albicans_SC5314,Ca21chrR_C_albicans_SC5314,Ca21chrR_C_albicans_SC5314,Ca21chrR_C_albicans_SC5314,Ca21chrR_C_albicans_SC5314,Ca21chrR_C_albicans_SC5314,Ca21chrR_C_albicans_SC5314,Ca21chrR_C_albicans_SC5314,Ca21chrR_C_albicans_SC5314,Ca21chrR_C_albicans_SC5314,Ca21chrR_C_albicans_SC5314,Ca21chrR_C_albicans_SC5314,Ca21chrR_C_albicans_SC5314,Ca21chrR_C_albicans_SC5314,Ca21chrR_C_albicans_SC5314,Ca21chrR_C_albicans_SC5314,Ca21chrR_C_albicans_SC5314,Ca21chrR_C_albicans_SC5314,Ca21chrR_C_albicans_SC5314,Ca21chrR_C_albicans_SC5314,Ca21chrR_C_albicans_SC5314,Ca21chrR_C_albicans_SC5314,Ca21chrR_C_albicans_SC5314,Ca21chrR_C_albicans_SC5314,Ca21chrR_C_albicans_SC5314,Ca21chrR_C_albicans_SC5314,Ca21chrR_C_albicans_SC5314,Ca21chrR_C_albicans_SC5314,Ca21chrR_C_albicans_SC5314,Ca21chrR_C_albicans_SC5314,Ca21chrR_C_albicans_SC5314,Ca21chrR_C_albicans_SC5314,Ca21chrR_C_albicans_SC5314,Ca21chrR_C_albicans_SC5314,Ca21chrR_C_albicans_SC5314,Ca21chrR_C_albicans_SC5314,Ca21chrR_C_albicans_SC5314,Ca21chrR_C_albicans_SC5314,Ca21chrR_C_albicans_SC5314,Ca21chrR_C_albicans_SC5314,Ca21chrR_C_albicans_SC5314,Ca21chrR_C_albicans_SC5314,Ca21chrR_C_albicans_SC5314,Ca21chrR_C_albicans_SC5314,Ca21chrR_C_albicans_SC5314,Ca21chrR_C_albicans_SC5314,Ca21chrR_C_albicans_SC5314,Ca21chrR_C_albicans_SC5314,Ca21chrR_C_albicans_SC5314,Ca21chrR_C_albicans_SC5314,Ca21chrR_C_albicans_SC5314,Ca21chrR_C_albicans_SC5314,Ca21chrR_C_albicans_SC5314,Ca21chrR_C_albicans_SC5314,Ca21chrR_C_albicans_SC5314,Ca21chrR_C_albicans_SC5314,Ca21chrR_C_albicans_SC5314,Ca21chrR_C_albicans_SC5314,Ca21chrR_C_albicans_SC5314,Ca21chrR_C_albicans_SC5314,Ca21chrR_C_albicans_SC5314,Ca21chrR_C_albicans_SC5314,Ca21chrR_C_albicans_SC5314,Ca21chrR_C_albicans_SC5314,Ca21chrR_C_albicans_SC5314,Ca21chrR_C_albicans_SC5314,Ca21chrR_C_albicans_SC5314,Ca21chrR_C_albicans_SC5314,Ca21chrR_C_albicans_SC5314,Ca21chrR_C_albicans_SC5314,Ca21chrR_C_albicans_SC5314,Ca21chrR_C_albicans_SC5314,Ca21chrR_C_albicans_SC5314,Ca21chrR_C_albicans_SC5314,Ca21chrR_C_albicans_SC5314,Ca21chrR_C_albicans_SC5314,Ca21chrR_C_albicans_SC5314,Ca21chrR_C_albicans_SC5314,Ca21chrR_C_albicans_SC5314,Ca21chrR_C_albicans_SC5314,Ca21chrR_C_albicans_SC5314,Ca21chrR_C_albicans_SC5314,Ca21chrR_C_albicans_SC5314,Ca21chrR_C_albicans_SC5314,Ca21chrR_C_albicans_SC5314,Ca21chrR_C_albicans_SC5314,Ca21chrR_C_albicans_SC5314,Ca21chrR_C_albicans_SC5314,Ca21chrR_C_albicans_SC5314,Ca21chrR_C_albicans_SC5314,Ca21chrR_C_albicans_SC5314,Ca21chrR_C_albicans_SC5314,Ca21chrR_C_albicans_SC5314,Ca21chrR_C_albicans_SC5314,Ca21chrR_C_albicans_SC5314,Ca21chrR_C_albicans_SC5314,Ca21chrR_C_albicans_SC5314,Ca21chrR_C_albicans_SC5314,Ca21chrR_C_albicans_SC5314,Ca21chrR_C_albicans_SC5314,Ca21chrR_C_albicans_SC5314,Ca21chrR_C_albicans_SC5314,Ca21chrR_C_albicans_SC5314,Ca21chrR_C_albicans_SC5314,Ca21chrR_C_albicans_SC5314,Ca21chrR_C_albicans_SC5314,Ca21chrR_C_albicans_SC5314,Ca21chrR_C_albicans_SC5314,Ca21chrR_C_albicans_SC5314,Ca21chrR_C_albicans_SC5314,Ca21chrR_C_albicans_SC5314,Ca21chrR_C_albicans_SC5314,Ca21chrR_C_albicans_SC5314,Ca21chrR_C_albicans_SC5314,Ca21chrR_C_albicans_SC5314,Ca21chrR_C_albicans_SC5314,Ca21chrR_C_albicans_SC5314,Ca21chrR_C_albicans_SC5314,Ca21chrR_C_albicans_SC5314,Ca21chrR_C_albicans_SC5314,Ca21chrR_C_albicans_SC5314,Ca21chrR_C_albicans_SC5314,Ca21chrR_C_albicans_SC5314,Ca21chrR_C_albicans_SC5314,Ca21chrR_C_albicans_SC5314,Ca21chrR_C_albicans_SC5314,Ca21chrR_C_albicans_SC5314,Ca21chrR_C_albicans_SC5314,Ca21chrR_C_albicans_SC5314,Ca21chrR_C_albicans_SC5314,Ca21chrR_C_albicans_SC5314,Ca21chrR_C_albicans_SC5314,Ca21chrR_C_albicans_SC5314,Ca21chrR_C_albicans_SC5314,Ca21chrR_C_albicans_SC5314,Ca21chrR_C_albicans_SC5314,Ca21chrR_C_albicans_SC5314,Ca21chrR_C_albicans_SC5314,Ca21chrR_C_albicans_SC5314,Ca21chrR_C_albicans_SC5314,Ca21chrR_C_albicans_SC5314,Ca21chrR_C_albicans_SC5314,Ca21chrR_C_albicans_SC5314,Ca21chrR_C_albicans_SC5314,Ca21chrR_C_albicans_SC5314,Ca21chrR_C_albicans_SC5314,Ca21chrR_C_albicans_SC5314,Ca21chrR_C_albicans_SC5314,Ca21chrR_C_albicans_SC5314,Ca21chrR_C_albicans_SC5314,Ca21chrR_C_albicans_SC5314,Ca21chrR_C_albicans_SC5314,Ca21chrR_C_albicans_SC5314,Ca21chrR_C_albicans_SC5314,Ca21chrR_C_albicans_SC5314,Ca21chrR_C_albicans_SC5314,Ca21chrR_C_albicans_SC5314,Ca21chrR_C_albicans_SC5314,Ca21chrR_C_albicans_SC5314,Ca21chrR_C_albicans_SC5314,Ca21chrR_C_albicans_SC5314,Ca21chrR_C_albicans_SC5314,Ca21chrR_C_albicans_SC5314,Ca21chrR_C_albicans_SC5314,Ca21chrR_C_albicans_SC5314,Ca21chrR_C_albicans_SC5314,Ca21chrR_C_albicans_SC5314,Ca21chrR_C_albicans_SC5314,Ca21chrR_C_albicans_SC5314,Ca21chrR_C_albicans_SC5314,Ca21chrR_C_albicans_SC5314,Ca21chrR_C_albicans_SC5314,Ca21chrR_C_albicans_SC5314,Ca21chrR_C_albicans_SC5314,Ca21chrR_C_albicans_SC5314,Ca21chrR_C_albicans_SC5314,Ca21chrR_C_albicans_SC5314,Ca21chrR_C_albicans_SC5314,Ca21chrR_C_albicans_SC5314,Ca21chrR_C_albicans_SC5314,Ca21chrR_C_albicans_SC5314,Ca21chrR_C_albicans_SC5314,Ca21chrR_C_albicans_SC5314,Ca21chrR_C_albicans_SC5314,Ca21chrR_C_albicans_SC5314,Ca21chrR_C_albicans_SC5314,Ca21chrR_C_albicans_SC5314,Ca21chrR_C_albicans_SC5314,Ca21chrR_C_albicans_SC5314,Ca21chrR_C_albicans_SC5314,Ca21chrR_C_albicans_SC5314,Ca21chrR_C_albicans_SC5314,Ca21chrR_C_albicans_SC5314,Ca21chrR_C_albicans_SC5314,Ca21chrR_C_albicans_SC5314,Ca21chrR_C_albicans_SC5314,Ca21chrR_C_albicans_SC5314,Ca21chrR_C_albicans_SC5314,Ca21chrR_C_albicans_SC5314,Ca21chrR_C_albicans_SC5314,Ca21chrR_C_albicans_SC5314,Ca21chrR_C_albicans_SC5314,Ca21chrR_C_albicans_SC5314,Ca21chrR_C_albicans_SC5314,Ca21chrR_C_albicans_SC5314,Ca21chrR_C_albicans_SC5314,Ca21chrR_C_albicans_SC5314,Ca21chrR_C_albicans_SC5314,Ca21chrR_C_albicans_SC5314,Ca21chrR_C_albicans_SC5314,Ca21chrR_C_albicans_SC5314,Ca21chrR_C_albicans_SC5314,Ca21chrR_C_albicans_SC5314,Ca21chrR_C_albicans_SC5314,Ca21chrR_C_albicans_SC5314,Ca21chrR_C_albicans_SC5314,Ca21chrR_C_albicans_SC5314,Ca21chrR_C_albicans_SC5314,Ca21chrR_C_albicans_SC5314,Ca21chrR_C_albicans_SC5314,Ca21chrR_C_albicans_SC5314,Ca21chrR_C_albicans_SC5314,Ca21chrR_C_albicans_SC5314,Ca21chrR_C_albicans_SC5314,Ca21chrR_C_albicans_SC5314,Ca21chrR_C_albicans_SC5314,Ca21chrR_C_albicans_SC5314,Ca21chrR_C_albicans_SC5314,Ca21chrR_C_albicans_SC5314,Ca21chrR_C_albicans_SC5314,Ca21chrR_C_albicans_SC5314,Ca21chrR_C_albicans_SC5314,Ca21chrR_C_albicans_SC5314,Ca21chrR_C_albicans_SC5314,Ca21chrR_C_albicans_SC5314,Ca21chrR_C_albicans_SC5314,Ca21chrR_C_albicans_SC5314,Ca21chrR_C_albicans_SC5314,Ca21chrR_C_albicans_SC5314,Ca21chrR_C_albicans_SC5314,Ca21chrR_C_albicans_SC5314,Ca21chrR_C_albicans_SC5314,Ca21chrR_C_albicans_SC5314,Ca21chrR_C_albicans_SC5314,Ca21chrR_C_albicans_SC5314,Ca21chrR_C_albicans_SC5314,Ca21chrR_C_albicans_SC5314,Ca21chrR_C_albicans_SC5314,Ca21chrR_C_albicans_SC5314,Ca21chrR_C_albicans_SC5314,Ca21chrR_C_albicans_SC5314,Ca21chrR_C_albicans_SC5314,Ca21chrR_C_albicans_SC5314,Ca21chrR_C_albicans_SC5314,Ca21chrR_C_albicans_SC5314,Ca21chrR_C_albicans_SC5314,Ca21chrR_C_albicans_SC5314,Ca21chrR_C_albicans_SC5314,Ca21chrR_C_albicans_SC5314,Ca21chrR_C_albicans_SC5314,Ca21chrR_C_albicans_SC5314,Ca21chrR_C_albicans_SC5314,Ca21chrR_C_albicans_SC5314,Ca21chrR_C_albicans_SC5314,Ca21chrR_C_albicans_SC5314,Ca21chrR_C_albicans_SC5314,Ca21chrR_C_albicans_SC5314,Ca21chrR_C_albicans_SC5314,Ca21chrR_C_albicans_SC5314,Ca21chrR_C_albicans_SC5314,Ca21chrR_C_albicans_SC5314,Ca21chrR_C_albicans_SC5314,Ca21chrR_C_albicans_SC5314,Ca21chrR_C_albicans_SC5314,Ca21chrR_C_albicans_SC5314,Ca21chrR_C_albicans_SC5314,Ca21chrR_C_albicans_SC5314,Ca21chrR_C_albicans_SC5314,Ca21chrR_C_albicans_SC5314,Ca21chrR_C_albicans_SC5314,Ca21chrR_C_albicans_SC5314,Ca21chrR_C_albicans_SC5314,Ca21chrR_C_albicans_SC5314,Ca21chrR_C_albicans_SC5314,Ca21chrR_C_albicans_SC5314,Ca21chrR_C_albicans_SC5314,Ca21chrR_C_albicans_SC5314,Ca21chrR_C_albicans_SC5314,Ca21chrR_C_albicans_SC5314,Ca21chrR_C_albicans_SC5314,Ca21chrR_C_albicans_SC5314,Ca21chrR_C_albicans_SC5314,Ca21chrR_C_albicans_SC5314,Ca21chrR_C_albicans_SC5314,Ca21chrR_C_albicans_SC5314,Ca21chrR_C_albicans_SC5314,Ca21chrR_C_albicans_SC5314,Ca21chrR_C_albicans_SC5314,Ca21chrR_C_albicans_SC5314,Ca21chrR_C_albicans_SC5314,Ca21chrR_C_albicans_SC5314,Ca21chrR_C_albicans_SC5314,Ca21chrR_C_albicans_SC5314,Ca21chrR_C_albicans_SC5314,Ca21chrR_C_albicans_SC5314,Ca21chrR_C_albicans_SC5314,Ca21chrR_C_albicans_SC5314,Ca21chrR_C_albicans_SC5314,Ca21chrR_C_albicans_SC5314,Ca21chrR_C_albicans_SC5314,Ca21chrR_C_albicans_SC5314,Ca21chrR_C_albicans_SC5314,Ca21chrR_C_albicans_SC5314,Ca21chrR_C_albicans_SC5314,Ca21chrR_C_albicans_SC5314,Ca21chrR_C_albicans_SC5314,Ca21chrR_C_albicans_SC5314,Ca21chrR_C_albicans_SC5314,Ca21chrR_C_albicans_SC5314,Ca21chrR_C_albicans_SC5314,Ca21chrR_C_albicans_SC5314,Ca21chrR_C_albicans_SC5314,Ca21chrR_C_albicans_SC5314,Ca21chrR_C_albicans_SC5314,Ca21chrR_C_albicans_SC5314,Ca21chrR_C_albicans_SC5314,Ca21chrR_C_albicans_SC5314,Ca21chrR_C_albicans_SC5314,Ca21chrR_C_albicans_SC5314,Ca21chrR_C_albicans_SC5314,Ca21chrR_C_albicans_SC5314,Ca21chrR_C_albicans_SC5314,Ca21chrR_C_albicans_SC5314,Ca21chrR_C_albicans_SC5314,Ca21chrR_C_albicans_SC5314,Ca21chrR_C_albicans_SC5314,Ca21chrR_C_albicans_SC5314,Ca21chrR_C_albicans_SC5314,Ca21chrR_C_albicans_SC5314,Ca21chrR_C_albicans_SC5314,Ca21chrR_C_albicans_SC5314,Ca21chrR_C_albicans_SC5314,Ca21chrR_C_albicans_SC5314,Ca21chrR_C_albicans_SC5314,Ca21chrR_C_albicans_SC5314,Ca21chrR_C_albicans_SC5314,Ca21chrR_C_albicans_SC5314,Ca21chrR_C_albicans_SC5314,Ca21chrR_C_albicans_SC5314,Ca21chrR_C_albicans_SC5314,Ca21chrR_C_albicans_SC5314,Ca21chrR_C_albicans_SC5314,Ca21chrR_C_albicans_SC5314,Ca21chrR_C_albicans_SC5314,Ca21chrR_C_albicans_SC5314,Ca21chrR_C_albicans_SC5314,Ca21chrR_C_albicans_SC5314,Ca21chrR_C_albicans_SC5314,Ca21chrR_C_albicans_SC5314,Ca21chrR_C_albicans_SC5314,Ca21chrR_C_albicans_SC5314,Ca21chrR_C_albicans_SC5314,Ca21chrR_C_albicans_SC5314,Ca21chrR_C_albicans_SC5314,Ca21chrR_C_albicans_SC5314,Ca21chrR_C_albicans_SC5314,Ca21chrR_C_albicans_SC5314,Ca21chrR_C_albicans_SC5314,Ca21chrR_C_albicans_SC5314,Ca21chrR_C_albicans_SC5314,Ca21chrR_C_albicans_SC5314,Ca21chrR_C_albicans_SC5314,Ca21chrR_C_albicans_SC5314,Ca21chrR_C_albicans_SC5314,Ca21chrR_C_albicans_SC5314,Ca21chrR_C_albicans_SC5314,Ca21chrR_C_albicans_SC5314,Ca21chrR_C_albicans_SC5314,Ca21chrR_C_albicans_SC5314,Ca21chrR_C_albicans_SC5314,Ca21chrR_C_albicans_SC5314,Ca21chrR_C_albicans_SC5314,Ca21chrR_C_albicans_SC5314,Ca21chrR_C_albicans_SC5314,Ca21chrR_C_albicans_SC5314,Ca21chrR_C_albicans_SC5314,Ca21chrR_C_albicans_SC5314,Ca21chrR_C_albicans_SC5314,Ca21chrR_C_albicans_SC5314,Ca21chrR_C_albicans_SC5314,Ca21chrR_C_albicans_SC5314,Ca21chrR_C_albicans_SC5314,Ca21chrR_C_albicans_SC5314,Ca21chrR_C_albicans_SC5314,Ca21chrR_C_albicans_SC5314,Ca21chrR_C_albicans_SC5314,Ca21chrR_C_albicans_SC5314,Ca21chrR_C_albicans_SC5314,Ca21chrR_C_albicans_SC5314,Ca21chrR_C_albicans_SC5314,Ca21chrR_C_albicans_SC5314,Ca21chrR_C_albicans_SC5314,Ca21chrR_C_albicans_SC5314,Ca21chrR_C_albicans_SC5314,Ca21chrR_C_albicans_SC5314,Ca21chrR_C_albicans_SC5314,Ca21chrR_C_albicans_SC5314,Ca21chrR_C_albicans_SC5314,Ca21chrR_C_albicans_SC5314,Ca21chrR_C_albicans_SC5314,Ca21chrR_C_albicans_SC5314,Ca21chrR_C_albicans_SC5314,Ca21chrR_C_albicans_SC5314,Ca21chrR_C_albicans_SC5314,Ca21chrR_C_albicans_SC5314,Ca21chrR_C_albicans_SC5314,Ca21chrR_C_albicans_SC5314,Ca21chrR_C_albicans_SC5314,Ca21chrR_C_albicans_SC5314,Ca21chrR_C_albicans_SC5314,Ca21chrR_C_albicans_SC5314,Ca21chrR_C_albicans_SC5314,Ca21chrR_C_albicans_SC5314,Ca21chrR_C_albicans_SC5314,Ca21chrR_C_albicans_SC5314,Ca21chrR_C_albicans_SC5314,Ca21chrR_C_albicans_SC5314,Ca21chrR_C_albicans_SC5314,Ca21chrR_C_albicans_SC5314,Ca21chrR_C_albicans_SC5314,Ca21chrR_C_albicans_SC5314,Ca21chrR_C_albicans_SC5314,Ca21chrR_C_albicans_SC5314,Ca21chrR_C_albicans_SC5314,Ca21chrR_C_albicans_SC5314,Ca21chrR_C_albicans_SC5314,Ca21chrR_C_albicans_SC5314,Ca21chrR_C_albicans_SC5314,Ca21chrR_C_albicans_SC5314,Ca21chrR_C_albicans_SC5314,Ca21chrR_C_albicans_SC5314,Ca21chrR_C_albicans_SC5314,Ca21chrR_C_albicans_SC5314,Ca21chrR_C_albicans_SC5314,Ca21chrR_C_albicans_SC5314,Ca21chrR_C_albicans_SC5314,Ca21chrR_C_albicans_SC5314,Ca21chrR_C_albicans_SC5314,Ca21chrR_C_albicans_SC5314,Ca21chrR_C_albicans_SC5314,Ca21chrR_C_albicans_SC5314,Ca21chrR_C_albicans_SC5314,Ca21chrR_C_albicans_SC5314,Ca21chrR_C_albicans_SC5314,Ca21chrR_C_albicans_SC5314,Ca21chrR_C_albicans_SC5314,Ca21chrR_C_albicans_SC5314,Ca21chrR_C_albicans_SC5314,Ca21chrR_C_albicans_SC5314,Ca21chrR_C_albicans_SC5314,Ca21chrR_C_albicans_SC5314,Ca21chrR_C_albicans_SC5314,Ca21chrR_C_albicans_SC5314,Ca21chrR_C_albicans_SC5314,Ca21chrR_C_albicans_SC5314,Ca21chrR_C_albicans_SC5314,Ca21chrR_C_albicans_SC5314,Ca21chrR_C_albicans_SC5314,Ca21chrR_C_albicans_SC5314,Ca21chrR_C_albicans_SC5314,Ca21chrR_C_albicans_SC5314,Ca21chrR_C_albicans_SC5314,Ca21chrR_C_albicans_SC5314,Ca21chrR_C_albicans_SC5314,Ca21chrR_C_albicans_SC5314,Ca21chrR_C_albicans_SC5314,Ca21chrR_C_albicans_SC5314,Ca21chrR_C_albicans_SC5314,Ca21chrR_C_albicans_SC5314,Ca21chrR_C_albicans_SC5314,Ca21chrR_C_albicans_SC5314,Ca21chrR_C_albicans_SC5314,Ca21chrR_C_albicans_SC5314,Ca21chrR_C_albicans_SC5314,Ca21chrR_C_albicans_SC5314,Ca21chrR_C_albicans_SC5314,Ca21chrR_C_albicans_SC5314,Ca21chrR_C_albicans_SC5314,Ca21chrR_C_albicans_SC5314,Ca21chrR_C_albicans_SC5314,Ca21chrR_C_albicans_SC5314,Ca21chrR_C_albicans_SC5314,Ca21chrR_C_albicans_SC5314,Ca21chrR_C_albicans_SC5314,Ca21chrR_C_albicans_SC5314,Ca21chrR_C_albicans_SC5314,Ca21chrR_C_albicans_SC5314,Ca21chrR_C_albicans_SC5314,Ca21chrR_C_albicans_SC5314,Ca21chrR_C_albicans_SC5314,Ca21chrR_C_albicans_SC5314,Ca21chrR_C_albicans_SC5314,Ca21chrR_C_albicans_SC5314,Ca21chrR_C_albicans_SC5314,Ca21chrR_C_albicans_SC5314,Ca21chrR_C_albicans_SC5314,Ca21chrR_C_albicans_SC5314,Ca21chrR_C_albicans_SC5314,Ca21chrR_C_albicans_SC5314,Ca21chrR_C_albicans_SC5314,Ca21chrR_C_albicans_SC5314,Ca21chrR_C_albicans_SC5314,Ca21chrR_C_albicans_SC5314,Ca21chrR_C_albicans_SC5314,Ca21chrR_C_albicans_SC5314,Ca21chrR_C_albicans_SC5314,Ca21chrR_C_albicans_SC5314,Ca21chrR_C_albicans_SC5314,Ca21chrR_C_albicans_SC5314,Ca21chrR_C_albicans_SC5314,Ca21chrR_C_albicans_SC5314,Ca21chrR_C_albicans_SC5314,Ca21chrR_C_albicans_SC5314,Ca21chrR_C_albicans_SC5314,Ca21chrR_C_albicans_SC5314,Ca21chrR_C_albicans_SC5314,Ca21chrR_C_albicans_SC5314,Ca21chrR_C_albicans_SC5314,Ca21chrR_C_albicans_SC5314,Ca21chrR_C_albicans_SC5314,Ca21chrR_C_albicans_SC5314,Ca21chrR_C_albicans_SC5314,Ca21chrR_C_albicans_SC5314,Ca21chrR_C_albicans_SC5314,Ca21chrR_C_albicans_SC5314,Ca21chrR_C_albicans_SC5314,Ca21chrR_C_albicans_SC5314,Ca21chrR_C_albicans_SC5314,Ca21chrR_C_albicans_SC5314,Ca21chrR_C_albicans_SC5314,Ca21chrR_C_albicans_SC5314,Ca21chrR_C_albicans_SC5314,Ca21chrR_C_albicans_SC5314,Ca21chrR_C_albicans_SC5314,Ca21chrR_C_albicans_SC5314,Ca21chrR_C_albicans_SC5314,Ca21chrR_C_albicans_SC5314,Ca21chrR_C_albicans_SC5314,Ca21chrR_C_albicans_SC5314,Ca21chrR_C_albicans_SC5314,Ca21chrR_C_albicans_SC5314,Ca21chrR_C_albicans_SC5314,Ca21chrR_C_albicans_SC5314,Ca21chrR_C_albicans_SC5314,Ca21chrR_C_albicans_SC5314,Ca21chrR_C_albicans_SC5314,Ca21chrR_C_albicans_SC5314,Ca21chrR_C_albicans_SC5314,Ca21chrR_C_albicans_SC5314,Ca21chrR_C_albicans_SC5314,Ca21chrR_C_albicans_SC5314,Ca21chrR_C_albicans_SC5314,Ca21chrR_C_albicans_SC5314,Ca21chrR_C_albicans_SC5314,Ca21chrR_C_albicans_SC5314,Ca21chrR_C_albicans_SC5314,Ca21chrR_C_albicans_SC5314,Ca21chrR_C_albicans_SC5314,Ca21chrR_C_albicans_SC5314,Ca21chrR_C_albicans_SC5314,Ca21chrR_C_albicans_SC5314,Ca21chrR_C_albicans_SC5314,Ca21chrR_C_albicans_SC5314,Ca21chrR_C_albicans_SC5314,Ca21chrR_C_albicans_SC5314,Ca21chrR_C_albicans_SC5314,Ca21chrR_C_albicans_SC5314,Ca21chrR_C_albicans_SC5314,Ca21chrR_C_albicans_SC5314,Ca21chrR_C_albicans_SC5314,Ca21chrR_C_albicans_SC5314,Ca21chrR_C_albicans_SC5314,Ca21chrR_C_albicans_SC5314,Ca21chrR_C_albicans_SC5314,Ca21chrR_C_albicans_SC5314,Ca21chrR_C_albicans_SC5314,Ca21chrR_C_albicans_SC5314,Ca21chrR_C_albicans_SC5314,Ca21chrR_C_albicans_SC5314,Ca21chrR_C_albicans_SC5314,Ca21chrR_C_albicans_SC5314,Ca21chrR_C_albicans_SC5314,Ca21chrR_C_albicans_SC5314,Ca21chrR_C_albicans_SC5314,Ca21chrR_C_albicans_SC5314,Ca21chrR_C_albicans_SC5314,Ca21chrR_C_albicans_SC5314,Ca21chrR_C_albicans_SC5314,Ca21chrR_C_albicans_SC5314,Ca21chrR_C_albicans_SC5314,Ca21chrR_C_albicans_SC5314,Ca21chrR_C_albicans_SC5314,Ca21chrR_C_albicans_SC5314,Ca21chrR_C_albicans_SC5314,Ca21chrR_C_albicans_SC5314,Ca21chrR_C_albicans_SC5314,Ca21chrR_C_albicans_SC5314,Ca21chrR_C_albicans_SC5314,Ca21chrR_C_albicans_SC5314,Ca21chrR_C_albicans_SC5314,Ca21chrR_C_albicans_SC5314,Ca21chrR_C_albicans_SC5314,Ca21chrR_C_albicans_SC5314,Ca21chrR_C_albicans_SC5314,Ca21chrR_C_albicans_SC5314,Ca21chrR_C_albicans_SC5314,Ca21chrR_C_albicans_SC5314,Ca21chrR_C_albicans_SC5314,Ca21chrR_C_albicans_SC5314,Ca21chrR_C_albicans_SC5314,Ca21chrR_C_albicans_SC5314,Ca21chrR_C_albicans_SC5314,Ca21chrR_C_albicans_SC5314,Ca21chrR_C_albicans_SC5314,Ca21chrR_C_albicans_SC5314,Ca21chrR_C_albicans_SC5314,Ca21chrR_C_albicans_SC5314,Ca21chrR_C_albicans_SC5314,Ca21chrR_C_albicans_SC5314,Ca21chrR_C_albicans_SC5314,Ca21chrR_C_albicans_SC5314,Ca21chrR_C_albicans_SC5314,Ca21chrR_C_albicans_SC5314,Ca21chrR_C_albicans_SC5314,Ca21chrR_C_albicans_SC5314,Ca21chrR_C_albicans_SC5314,Ca21chrR_C_albicans_SC5314,Ca21chrR_C_albicans_SC5314,Ca21chrR_C_albicans_SC5314,Ca21chrR_C_albicans_SC5314,Ca21chrR_C_albicans_SC5314,Ca21chrR_C_albicans_SC5314,Ca21chrR_C_albicans_SC5314,Ca21chrR_C_albicans_SC5314,Ca21chrR_C_albicans_SC5314,Ca21chrR_C_albicans_SC5314,Ca21chrR_C_albicans_SC5314,Ca21chrR_C_albicans_SC5314,Ca21chrR_C_albicans_SC5314,Ca21chrR_C_albicans_SC5314,Ca21chrR_C_albicans_SC5314,Ca21chrR_C_albicans_SC5314,Ca21chrR_C_albicans_SC5314,Ca21chrR_C_albicans_SC5314,Ca21chrR_C_albicans_SC5314,Ca21chrR_C_albicans_SC5314,Ca21chrR_C_albicans_SC5314,Ca21chrR_C_albicans_SC5314,Ca21chrR_C_albicans_SC5314,Ca21chrR_C_albicans_SC5314,Ca21chrR_C_albicans_SC5314,Ca21chrR_C_albicans_SC5314,Ca21chrR_C_albicans_SC5314,Ca21chrR_C_albicans_SC5314,Ca21chrR_C_albicans_SC5314,Ca21chrR_C_albicans_SC5314,Ca21chrR_C_albicans_SC5314,Ca21chrR_C_albicans_SC5314,Ca21chrR_C_albicans_SC5314,Ca21chrR_C_albicans_SC5314,Ca21chrR_C_albicans_SC5314,Ca21chrR_C_albicans_SC5314,Ca21chrR_C_albicans_SC5314,Ca21chrR_C_albicans_SC5314,Ca21chrR_C_albicans_SC5314,Ca21chrR_C_albicans_SC5314,Ca21chrR_C_albicans_SC5314,Ca21chrR_C_albicans_SC5314,Ca21chrR_C_albicans_SC5314,Ca21chrR_C_albicans_SC5314,Ca21chrR_C_albicans_SC5314,Ca21chrR_C_albicans_SC5314,Ca21chrR_C_albicans_SC5314,Ca21chrR_C_albicans_SC5314,Ca21chrR_C_albicans_SC5314,Ca21chrR_C_albicans_SC5314,Ca21chrR_C_albicans_SC5314,Ca21chrR_C_albicans_SC5314,Ca21chrR_C_albicans_SC5314,Ca21chrR_C_albicans_SC5314,Ca21chrR_C_albicans_SC5314,Ca21chrR_C_albicans_SC5314,Ca21chrR_C_albicans_SC5314,Ca21chrR_C_albicans_SC5314,Ca21chrR_C_albicans_SC5314,Ca21chrR_C_albicans_SC5314,Ca21chrR_C_albicans_SC5314,Ca21chrR_C_albicans_SC5314,Ca21chrR_C_albicans_SC5314,Ca21chrR_C_albicans_SC5314,Ca21chrR_C_albicans_SC5314,Ca21chrR_C_albicans_SC5314,Ca21chrR_C_albicans_SC5314,Ca21chrR_C_albicans_SC5314,Ca21chrR_C_albicans_SC5314,Ca21chrR_C_albicans_SC5314,Ca21chrR_C_albicans_SC5314,Ca21chrR_C_albicans_SC5314,Ca21chrR_C_albicans_SC5314,Ca21chrR_C_albicans_SC5314,Ca21chrR_C_albicans_SC5314,Ca21chrR_C_albicans_SC5314,Ca21chrR_C_albicans_SC5314,Ca21chrR_C_albicans_SC5314,Ca21chrR_C_albicans_SC5314,Ca21chrR_C_albicans_SC5314,Ca21chrR_C_albicans_SC5314,Ca21chrR_C_albicans_SC5314,Ca21chrR_C_albicans_SC5314,Ca21chrR_C_albicans_SC5314,Ca21chrR_C_albicans_SC5314,Ca21chrR_C_albicans_SC5314,Ca21chrR_C_albicans_SC5314,Ca21chrR_C_albicans_SC5314,Ca21chrR_C_albicans_SC5314,Ca21chrR_C_albicans_SC5314,Ca21chrR_C_albicans_SC5314,Ca21chrR_C_albicans_SC5314,Ca21chrR_C_albicans_SC5314,Ca21chrR_C_albicans_SC5314,Ca21chrR_C_albicans_SC5314,Ca21chrR_C_albicans_SC5314,Ca21chrR_C_albicans_SC5314,Ca21chrR_C_albicans_SC5314,Ca21chrR_C_albicans_SC5314,Ca21chrR_C_albicans_SC5314,Ca21chrR_C_albicans_SC5314,Ca21chrR_C_albicans_SC5314,Ca21chrR_C_albicans_SC5314,Ca21chrR_C_albicans_SC5314,Ca21chrR_C_albicans_SC5314,Ca21chrR_C_albicans_SC5314,Ca21chrR_C_albicans_SC5314,Ca21chrR_C_albicans_SC5314,Ca21chrR_C_albicans_SC5314,Ca21chrR_C_albicans_SC5314,Ca21chrR_C_albicans_SC5314,Ca21chrR_C_albicans_SC5314,Ca21chrR_C_albicans_SC5314,Ca21chrR_C_albicans_SC5314,Ca21chrR_C_albicans_SC5314,Ca21chrR_C_albicans_SC5314,Ca21chrR_C_albicans_SC5314,Ca21chrR_C_albicans_SC5314,Ca21chrR_C_albicans_SC5314,Ca21chrR_C_albicans_SC5314,Ca21chrR_C_albicans_SC5314,Ca21chrR_C_albicans_SC5314,Ca21chrR_C_albicans_SC5314,Ca21chrR_C_albicans_SC5314,Ca21chrR_C_albicans_SC5314,Ca21chrR_C_albicans_SC5314,Ca21chrR_C_albicans_SC5314,Ca21chrR_C_albicans_SC5314,Ca21chrR_C_albicans_SC5314,Ca21chrR_C_albicans_SC5314,Ca21chrR_C_albicans_SC5314,Ca21chrR_C_albicans_SC5314,Ca21chrR_C_albicans_SC5314,Ca21chrR_C_albicans_SC5314,Ca21chrR_C_albicans_SC5314,Ca21chrR_C_albicans_SC5314,Ca21chrR_C_albicans_SC5314,Ca21chrR_C_albicans_SC5314,Ca21chrR_C_albicans_SC5314,Ca21chrR_C_albicans_SC5314,Ca21chrR_C_albicans_SC5314,Ca21chrR_C_albicans_SC5314,Ca21chrR_C_albicans_SC5314,Ca21chrR_C_albicans_SC5314,Ca21chrR_C_albicans_SC5314,Ca21chrR_C_albicans_SC5314,Ca21chrR_C_albicans_SC5314,Ca21chrR_C_albicans_SC5314,Ca21chrR_C_albicans_SC5314,Ca21chrR_C_albicans_SC5314,Ca21chrR_C_albicans_SC5314,Ca21chrR_C_albicans_SC5314,Ca21chrR_C_albicans_SC5314,Ca21chrR_C_albicans_SC5314,Ca21chrR_C_albicans_SC5314,Ca21chrR_C_albicans_SC5314,Ca21chrR_C_albicans_SC5314,Ca21chrR_C_albicans_SC5314,Ca21chrR_C_albicans_SC5314,Ca21chrR_C_albicans_SC5314,Ca21chrR_C_albicans_SC5314,Ca21chrR_C_albicans_SC5314,Ca21chrR_C_albicans_SC5314,Ca21chrR_C_albicans_SC5314,Ca21chrR_C_albicans_SC5314,Ca21chrR_C_albicans_SC5314,Ca21chrR_C_albicans_SC5314,Ca21chrR_C_albicans_SC5314,Ca21chrR_C_albicans_SC5314,Ca21chrR_C_albicans_SC5314,Ca21chrR_C_albicans_SC5314,Ca21chrR_C_albicans_SC5314,Ca21chrR_C_albicans_SC5314,Ca21chrR_C_albicans_SC5314,Ca21chrR_C_albicans_SC5314,Ca21chrR_C_albicans_SC5314,Ca21chrR_C_albicans_SC5314,Ca21chrR_C_albicans_SC5314,Ca21chrR_C_albicans_SC5314,Ca21chrR_C_albicans_SC5314,Ca21chrR_C_albicans_SC5314,Ca21chrR_C_albicans_SC5314,Ca21chrR_C_albicans_SC5314,Ca21chrR_C_albicans_SC5314,Ca21chrR_C_albicans_SC5314,Ca21chrR_C_albicans_SC5314,Ca21chrR_C_albicans_SC5314,Ca21chrR_C_albicans_SC5314,Ca21chrR_C_albicans_SC5314,Ca21chrR_C_albicans_SC5314,Ca21chrR_C_albicans_SC5314,Ca21chrR_C_albicans_SC5314,Ca21chrR_C_albicans_SC5314,Ca21chrR_C_albicans_SC5314,Ca21chrR_C_albicans_SC5314,Ca21chrR_C_albicans_SC5314,Ca21chrR_C_albicans_SC5314,Ca21chrR_C_albicans_SC5314,Ca21chrR_C_albicans_SC5314,Ca21chrR_C_albicans_SC5314,Ca21chrR_C_albicans_SC5314,Ca21chrR_C_albicans_SC5314,Ca21chrR_C_albicans_SC5314,Ca21chrR_C_albicans_SC5314,Ca21chrR_C_albicans_SC5314,Ca21chrR_C_albicans_SC5314,Ca21chrR_C_albicans_SC5314,Ca21chrR_C_albicans_SC5314,Ca21chrR_C_albicans_SC5314,Ca21chrR_C_albicans_SC5314,Ca21chrR_C_albicans_SC5314,Ca21chrR_C_albicans_SC5314,Ca21chrR_C_albicans_SC5314,Ca21chrR_C_albicans_SC5314,Ca21chrR_C_albicans_SC5314,Ca21chrR_C_albicans_SC5314,Ca21chrR_C_albicans_SC5314,Ca21chrR_C_albicans_SC5314,Ca21chrR_C_albicans_SC5314
Chr_Position,61,12735,14368,14476,15515,15522,15567,15933,15939,16158,16182,16250,16343,16376,16403,16514,16517,16888,17128,17433,18186,18489,19358,22527,22629,22672,22677,22791,22974,23439,23544,23784,23790,24068,25594,27567,28284,28727,29045,29492,29836,30184,30238,30604,30670,30715,30850,30871,31309,31417,32676,33121,33175,33289,35709,36611,36792,36887,36988,37219,37222,37451,37486,37510,38622,40494,40563,40564,41161,41256,47928,48437,48488,48723,48864,48993,49107,49473,49485,49647,49999,50618,50696,50738,50860,51784,51998,52149,52269,52491,53333,53338,53640,56831,56836,57264,57609,58476,58846,59317,60613,62747,62899,64607,65987,66035,66215,66522,67815,68278,72926,73820,76414,77212,79479,79708,81213,82102,82154,82256,84264,84268,84305,84672,84777,85891,86036,88850,88894,89640,93468,93609,93658,93977,94576,95028,95229,95700,95829,96192,96249,100859,101376,101817,102219,102298,102885,102921,104975,105046,105159,106379,107492,110387,112855,113386,113832,114764,115359,115923,115975,116578,116659,117069,118126,120631,121176,121288,121669,121897,122254,122817,122859,123116,123141,124256,124376,129657,130015,130191,130397,132759,133389,133461,133617,143563,148710,148782,150719,151769,151843,152268,155846,156044,156380,156384,156743,156788,156875,157263,157332,157381,157965,158400,159133,163497,163680,163810,163959,164050,165659,166798,167784,174023,174152,181358,181360,181568,182069,185501,185741,185899,188019,188080,188394,188418,189416,189965,191304,192128,192182,192257,192347,193464,193521,194549,194559,195927,196347,196772,198253,198287,199508,199725,200522,200941,202194,203573,210128,210178,210487,210987,211054,211112,211911,211962,212191,212826,213041,213781,214687,214708,215767,215770,215848,215857,216325,217615,217627,220541,221121,221169,221469,221523,221999,223192,223410,223424,223828,223901,224033,224082,224386,224867,224883,225056,227195,227612,229039,229228,230918,231428,231747,231755,232515,233003,233366,233786,233789,237237,237459,237840,238868,239127,239487,241078,241080,241210,242292,242311,242325,242767,242917,242947,242996,243103,243385,243460,244747,245050,245460,245713,245778,245799,245847,245934,245958,246029,246045,246130,246173,246282,246331,246432,246465,246529,246657,246729,247229,247279,247283,247634,247649,248009,248090,248142,248476,249013,249145,249640,249850,250463,250567,250672,253011,253201,253310,254828,256539,257813,260585,261952,262198,262216,262288,262310,262557,262673,263725,263797,263956,264031,264388,265017,266130,269673,270995,271526,271607,271752,272382,272526,273672,273958,273973,274000,274258,274282,274309,274405,275164,275271,275408,275986,276061,276826,277538,277756,277771,277918,278316,278551,279276,279282,279504,279731,280827,281447,281455,282465,284031,285231,285390,286104,286403,286406,286832,287018,287735,287913,288177,288303,288729,288759,288803,289063,289173,290951,291026,291081,291344,291359,291452,292584,292650,292665,292974,293389,293446,293563,293602,294044,294061,294093,294511,294533,295532,298148,298518,300476,302675,303943,304133,307041,307224,307485,307605,308824,308857,309735,311947,311954,313821,313882,314760,322579,322582,322867,322879,325022,325024,326212,326428,326532,326535,330579,330905,334280,334437,334622,340121,345057,345576,347729,348632,348635,349597,349914,353226,357401,357422,359295,360460,363380,363933,363981,369699,370597,371035,375466,375483,376443,378409,378410,379392,379400,379479,379515,380286,380934,382298,385901,385943,386299,388807,388973,389216,390305,397318,398950,399460,399528,400133,402290,402466,402536,402659,402740,402889,403031,403033,403172,403264,403276,403320,404481,404913,405730,405806,406061,406398,407209,417576,419575,420261,422509,422587,422650,422665,424415,425810,425892,426940,426960,429142,429156,432398,438619,439979,440109,440478,441377,441708,442967,443000,443439,443672,443835,444679,444980,445022,445026,445707,445918,446219,446666,446938,448453,449043,449081,449082,454837,455018,455037,455096,455167,455207,455223,455549,455557,455741,455807,456629,456655,456997,461802,463740,463853,464573,466003,467539,467751,469185,469602,471111,471133,471156,471438,471468,471503,471534,471576,472023,472344,472466,475625,475937,477883,482684,488572,488673,488910,488929,489205,489209,489444,489664,490286,492754,493931,494079,494299,494692,496133,497176,497452,497510,497535,497574,499467,500725,500835,509772,514389,517078,519506,523067,523437,525359,526568,526680,526827,527794,528885,529293,529483,529486,529632,530007,530500,530819,531767,532125,532343,532360,532943,533150,533479,533495,533566,533570,534280,534721,536527,538270,539540,539716,540943,542710,542964,545274,545276,545319,545559,546134,546218,546515,546671,546717,547164,547181,547186,547418,547691,548525,548867,549140,550208,550680,550976,551019,551333,551834,551972,552336,552797,553173,555451,555758,555794,556260,556341,556455,556473,556614,556794,557328,557388,557456,557475,557503,557722,558876,560389,560461,560520,560734,560735,560971,561435,562805,562936,564994,565001,565002,566894,568220,568674,568937,569143,569171,569177,571107,573414,573424,573569,573940,574183,574870,575083,575913,576469,576751,576796,577696,577717,577741,579587,579683,579836,579845,580001,583210,584044,596467,596603,596902,599340,603387,604785,605091,608172,609193,609614,609629,610285,618232,618328,618966,619062,620200,620732,620788,620974,626909,627779,627841,629143,630475,630930,631795,632216,632937,635315,636003,637898,638966,639243,644219,646380,649254,656213,658692,659218,659593,661884,664058,664718,664857,664889,665130,665475,665557,665666,665724,665831,666195,666323,666339,667267,674030,676275,676339,676350,676435,676480,676506,676547,680181,684189,693848,693865,693884,698911,699664,699745,700901,700983,702815,711295,715102,737072,740907,740983,742326,747157,747241,759502,771017,771085,778300,778683,778755,781117,786967,789989,790848,790854,793047,795967,797556,801126,801182,801230,803352,807791,807941,808034,808168,808738,810063,810151,810598,810643,813932,815401,816847,819661,819681,819757,823544,825515,825848,833112,833144,833887,834004,834901,835089,836043,836238,836398,844815,850337,850483,850910,855904,855928,859143,859488,860071,862979,864181,864902,866635,868721,870347,870654,871875,878984,882782,885146,887113,887404,887551,888712,893241,894078,895139,895590,896096,896568,898843,902729,905181,906170,909673,909679,909805,909814,912548,912893,920258,920327,920504,920681,920848,922388,922772,923033,923471,923603,923936,924050,928425,930059,930449,930587,930622,930861,931306,934080,934385,934394,934433,935270,935866,936415,937987,939802,940275,940328,940496,940529,940752,940834,941018,941225,941285,941504,942009,942377,942379,942448,942478,942583,942751,943197,944270,944512,945195,945274,945381,947092,947305,949206,952931,952932,953362,953440,954034,954052,955278,957159,958833,962388,962489,964690,966468,969710,970692,970706,970758,972420,976067,976291,980455,980506,980576,981471,983185,983209,984853,985267,985297,989400,992471,993001,993437,993535,995342,995447,995864,996575,997655,997673,1001029,1001649,1002681,1008070,1008520,1014286,1014885,1018692,1018719,1018722,1019331,1019613,1021229,1021267,1021869,1022064,1022076,1022257,1024108,1024524,1025835,1026401,1026402,1033978,1033994,1034691,1035231,1036523,1036963,1037362,1039653,1039726,1041275,1044811,1045524,1046389,1046458,1046488,1048843,1049791,1051508,1051718,1053192,1056292,1056322,1056706,1056708,1056775,1056822,1057390,1059853,1062284,1062303,1064223,1065264,1067740,1067779,1074123,1075108,1075109,1076508,1076533,1076812,1076847,1076898,1077151,1077176,1077230,1078472,1078513,1078785,1078815,1079147,1079194,1079461,1079886,1079939,1080385,1080432,1080937,1081883,1083211,1083343,1084700,1084702,1084785,1085494,1085924,1086073,1086097,1086537,1086663,1087001,1087399,1087845,1087915,1087989,1088061,1088097,1088676,1088840,1088923,1089261,1089717,1089758,1089821,1089854,1089928,1091377,1094573,1095928,1097608,1102023,1102591,1102957,1103099,1103401,1106411,1112581,1112610,1126496,1136367,1138857,1143797,1144208,1144244,1144247,1144925,1144935,1144988,1145249,1147709,1147712,1148081,1148708,1149870,1150573,1150574,1150658,1150793,1150841,1151120,1151142,1152487,1152491,1152876,1153342,1153580,1154191,1154305,1154826,1154961,1155179,1155392,1155575,1155768,1156053,1156148,1158393,1158753,1159408,1161873,1161996,1164449,1164464,1165235,1165270,1165284,1165795,1167151,1168458,1168514,1168540,1169426,1171003,1171789,1171813,1171825,1171909,1171924,1171945,1173289,1173352,1174034,1176099,1176310,1176704,1176853,1176952,1177287,1177361,1177447,1177837,1178773,1182035,1182262,1182581,1186354,1186381,1186393,1186474,1186504,1186510,1186801,1186804,1186825,1187261,1190020,1190679,1191625,1193560,1193805,1195257,1195320,1195478,1195812,1196374,1199314,1199396,1199435,1199441,1200273,1200783,1200820,1200962,1203020,1203064,1204810,1204812,1204829,1204979,1204995,1208100,1208133,1209953,1210127,1211413,1211592,1212009,1212048,1212150,1212195,1212421,1212457,1213363,1214168,1214194,1214332,1216120,1217067,1217148,1217183,1217192,1217576,1217579,1217915,1217929,1218043,1218190,1218603,1219373,1219418,1222057,1222249,1222255,1222743,1223863,1225459,1225688,1225725,1226485,1226918,1226919,1227071,1227278,1227308,1227314,1227440,1227449,1228196,1228307,1228469,1228767,1228794,1229042,1229940,1230436,1230439,1230632,1231553,1231578,1233236,1233915,1235707,1235716,1246861,1248706,1249428,1250964,1251091,1251548,1251719,1253780,1256260,1257732,1258263,1258307,1258440,1259006,1259668,1259693,1259983,1259995,1260141,1260216,1261372,1261430,1261583,1261828,1262035,1262068,1262218,1263272,1264360,1264531,1267189,1271836,1274106,1274451,1275237,1275348,1275666,1275783,1276161,1276193,1276857,1276916,1279029,1280328,1284753,1284804,1285757,1285761,1289540,1289643,1289900,1290200,1295917,1308444,1308635,1310955,1311147,1311267,1311387,1311552,1311612,1311690,1311789,1311871,1311900,1312116,1312374,1312524,1313132,1313136,1313246,1323443,1323444,1324136,1324169,1326963,1328468,1328919,1329057,1333393,1340586,1342164,1343217,1343820,1344381,1346559,1349281,1351149,1351992,1352429,1353690,1354001,1354056,1354294,1354624,1355506,1355680,1356413,1356476,1357108,1357420,1357503,1357868,1357982,1358099,1358152,1359074,1359317,1362172,1362998,1363207,1364779,1364803,1364933,1373501,1375170,1375411,1376027,1376054,1386524,1391072,1391555,1392244,1392399,1393094,1393214,1393280,1393292,1395154,1395939,1400268,1400288,1400388,1400439,1400592,1402380,1402389,1402711,1403082,1409276,1411329,1411417,1411421,1415273,1419774,1420581,1420984,1421148,1421272,1421433,1421504,1421843,1421850,1421949,1422828,1428360,1428735,1430583,1431340,1433192,1433955,1436800,1436803,1438349,1439742,1440981,1441007,1441389,1441459,1441484,1443068,1443071,1443501,1448916,1449150,1449294,1449420,1450183,1450273,1450303,1450711,1450878,1450906,1450958,1451062,1451187,1451189,1453438,1455818,1456533,1457758,1457857,1459843,1459857,1461052,1461059,1462633,1463180,1463189,1463244,1464304,1464581,1464735,1464840,1465206,1465432,1465490,1465536,1465850,1466338,1466346,1466427,1466474,1466682,1483824,1484004,1494423,1495341,1505196,1505350,1505401,1506510,1506841,1506910,1508428,1508661,1508761,1509880,1509931,1510639,1512094,1518526,1523274,1523695,1529542,1530310,1530794,1530910,1530994,1531225,1531992,1532091,1532108,1535523,1537097,1538170,1538221,1538258,1538535,1538788,1539127,1539697,1539873,1540008,1540013,1540354,1540369,1540374,1540461,1540489,1540880,1541405,1541774,1541918,1542811,1545587,1546037,1546065,1546999,1547015,1547666,1547879,1547981,1548143,1548221,1548325,1548576,1548618,1549092,1549572,1549756,1551229,1556454,1557073,1557322,1557466,1557618,1558598,1559651,1560049,1560070,1561268,1561558,1561667,1561994,1562002,1562126,1563043,1563529,1564798,1565663,1566952,1568123,1568714,1568905,1569321,1569656,1569692,1570496,1570929,1570939,1571043,1571852,1572029,1572030,1572364,1572484,1572845,1572880,1573123,1573169,1573407,1573482,1573759,1573995,1574862,1575670,1575821,1576167,1576650,1576990,1578151,1579408,1582063,1582294,1582324,1583995,1587024,1587153,1587874,1588374,1588482,1588602,1588758,1589109,1589349,1589365,1589382,1603171,1607109,1607220,1607366,1607705,1613981,1616478,1617932,1618016,1618073,1618115,1618265,1618310,1618481,1618514,1618547,1618618,1618871,1618949,1618997,1619192,1619628,1619835,1620699,1622749,1624575,1626060,1626745,1628295,1639156,1640254,1640296,1642889,1643114,1646840,1647958,1648080,1648082,1648733,1649512,1649586,1651248,1653448,1653458,1657586,1658199,1658484,1661509,1661785,1661805,1661843,1662101,1663056,1663251,1663399,1663446,1664929,1665917,1667014,1670976,1672039,1676136,1680005,1700749,1702053,1702447,1702456,1702567,1703154,1703436,1705322,1705325,1705385,1705427,1705598,1706449,1707094,1708564,1715738,1716399,1716414,1716876,1718710,1718785,1722418,1722632,1723924,1723969,1726646,1726767,1726860,1741908,1742451,1753686,1753716,1754333,1754344,1754523,1754820,1754827,1754931,1756381,1756399,1756585,1757232,1757249,1757620,1758243,1773094,1777772,1777964,1785355,1785637,1787605,1802168,1802381,1809371,1817045,1817210,1828194,1828200,1835776,1836279,1836489,1836745,1836790,1837120,1837167,1837182,1842170,1844954,1846104,1850743,1850818,1850845,1854528,1855026,1857655,1859629,1860100,1860142,1861195,1861207,1861390,1861603,1861789,1865312,1866030,1867910,1868427,1869490,1872525,1873448,1874077,1874195,1874588,1874669,1874695,1874787,1874809,1874969,1875236,1875816,1876101,1876520,1889791,1892849,1897740,1899856,1905792,1905793,1905865,1907582,1912560,1915940,1916084,1922590,1923015,1923999,1924156,1924179,1924927,1925044,1926270,1926480,1936561,1939370,1939685,1940017,1940280,1943228,1945795,1945854,1946866,1953936,1953942,1954461,1954506,1954521,1955397,1955974,1956316,1956396,1956398,1956710,1957040,1957203,1957214,1957502,1957837,1957843,1957952,1961812,1969350,1970937,1971150,1972240,1972710,1973874,1974862,1975222,1981735,1982284,1982467,1983223,1986676,1989826,1991090,1991097,1992750,1995464,1995479,2003549,2004025,2006507,2006517,2006536,2006537,2007642,2008137,2008467,2016724,2017459,2017692,2017842,2017905,2018235,2018259,2019478,2019628,2019666,2019779,2019850,2019862,2020202,2022470,2029235,2032589,2036674,2036692,2038711,2039235,2039620,2040094,2040179,2040183,2040643,2040767,2041043,2041873,2043289,2043297,2045058,2045232,2045241,2045659,2045766,2045783,2045788,2045789,2048039,2050954,2053318,2060495,2061948,2062062,2062263,2063295,2065824,2065859,2065903,2068269,2069116,2069215,2069253,2069312,2069512,2069649,2069834,2070327,2070504,2070581,2070593,2070626,2075186,2080608,2081290,2081345,2081423,2081461,2085529,2085535,2085971,2086110,2086507,2086582,2091184,2092479,2094119,2094152,2097060,2097178,2097520,2098267,2104211,2106135,2106300,2106622,2108619,2110181,2110232,2110550,2111024,2113298,2113342,2113419,2113491,2114460,2116368,2119582,2119815,2120165,2120491,2120634,2120675,2121110,2121383,2122941,2126715,2126791,2126868,2126943,2127059,2127107,2127174,2128710,2129201,2129224,2129348,2129669,2129827,2130015,2130222,2131785,2131798,2132651,2132951,2133176,2134468,2134492,2134882,2135248,2135300,2135804,2136149,2136518,2138441,2139483,2139579,2139686,2140237,2140278,2140590,2140827,2140975,2141626,2141874,2142332,2143414,2144015,2144109,2145645,2146912,2147992,2149587,2150425,2150858,2153534,2153866,2154252,2154883,2155767,2155804,2155812,2155897,2156396,2156432,2156501,2156567,2157623,2158602,2158631,2158727,2158747,2158947,2159034,2159038,2159753,2160146,2160512,2161240,2161722,2162025,2162349,2162567,2163160,2163273,2163908,2163930,2164287,2165729,2165738,2165925,2165950,2166199,2166243,2166259,2166321,2166407,2166464,2166563,2166772,2166783,2169433,2169451,2169984,2170033,2170488,2170624,2170907,2173033,2173063,2175073,2176989,2178593,2180064,2185313,2188177,2190249,2190576,2190592,2191305,2191452,2191521,2191551,2191889,2191890,2193889,2197067,2197435,2197771,2197858,2197861,2200262,2202212,2202855,2204054,2205071,2205495,2206826,2208318,2208712,2208766,2209776,2210270,2210300,2212367,2216113,2217439,2218601,2218616,2219717,2219747,2220767,2220900,2221505,2221736,2221818,2224613,2224995,2227236,2227676,2227721,2229030,2230241,2230773,2231966,2233315,2233323,2233611,2234392,2234407,2234757,2234759,2234760,2234763,2235420,2236317,2236319,2237461,2237629,2238445,2238868,2239259,2239694,2240592,2244986,2245135,2245424,2245904,2245924,2246202,2246741,2250308,2251754,2252868,2253170,2253239,2253349,2253366,2253662,2253794,2253798,2253861,2253912,2253998,2254085,2254222,2254257,2254514,2254721,2254782,2255024,2255037,2255120,2255133,2255152,2256823,2257322,2257562,2257642,2258481,2258767,2259069,2259071,2260672,2260678,2260690,2262349,2263528,2264175,2264186,2264290,2264788,2265111,2265303,2265443,2265582,2266386,2266450,2266797,2267111,2269220,2269302,2269310,2275981,2276065,2277475,2277548,2278462,2278615,2279563,2279628,2282954,2283961,2284017,2284065,2284582,2286612,2286789,2286794,2289825,2289867,2289895,2290023,2290896,2292988,2300624,2302254,2302261,2302294,2302725,2302730,2302985,2302996,2303049,2304142,2304216,2309088,2309116,2310851,2311115,2311207,2313643,2314511,2317553,2317833,2318163,2320987,2321816,2323049,2323216,2323247,2323626,2324428,2324807,2324889,2325534,2325595,2325618,2328788,2328871,2328873,2329030,2329702,2329922,2331555,2332157,2332766,2337605,2337617,2343992,2344265,2344840,2344841,2345142,2345572,2345789,2348808,2349224,2349563,2350233,2350365,2350458,2351139,2351181,2351841,2351888,2351945,2351972,2353849,2354718,2354751,2354838,2358778,2359979,2359983,2363120,2365608,2365671,2367798,2368686,2370121,2370223,2371327,2373312,2374111,2374116,2375049,2375214,2375901,2377156,2377630,2378209,2381302,2382704,2383667,2384755,2387475,2387819,2387841,2388795,2391620,2395234,2395536,2395579,2395964,2397137,2401918,2402996,2409107,2413176,2415417,2416274,2416325,2416489,2416797,2416901,2417118,2417384,2417447,2417697,2418765,2419298,2419327,2419438,2419470,2420673,2420796,2421415,2421603,2424734,2424752,2424904,2426342,2427194,2428734,2428977,2429034,2430064,2431205,2431379,2431515,2434796,2435059,2435069,2435416,2435732,2436556,2436681,2436862,2439573,2439741,2440909,2440936,2441092,2441103,2441165,2443045,2448890,2449648,2449649,2449719,2449915,2449921,2453568,2453584,2454096,2454162,2457552,2463107,2463151,2463267,2466415,2469273,2475254,2476510,2479045,2479151,2479162,2479284,2484749,2486393,2486804,2486873,2490019,2490688,2490691,2490838,2491264,2491293,2493899,2496743,2497495,2500894,2503880,2503891,2507903,2508350,2509375,2510376,2512610,2513902,2514974,2518706,2519032,2521184,2521533,2522123,2524709,2525637,2525874,2526372,2527327,2528235,2528295,2529063,2529093,2529401,2531627,2532800,2533977,2540199,2540290,2546246,2547014,2547326,2548905,2549028,2550977,2550980,2551080,2551132,2551213,2551282,2551494,2551619,2551621,2551697,2552299,2552482,2554111,2555163,2555584,2558805,2559027,2559063,2559343,2559394,2559418,2560557,2561054,2561064,2561162,2562564,2562813,2562901,2562940,2563153,2563868,2563872,2564005,2564016,2564115,2564117,2569820,2569893,2570564,2573944,2575639,2580442,2583341,2586525,2588993,2589350,2589854,2591439,2591881,2592345,2593328,2593512,2596440,2597856,2597994,2598229,2598231,2600884,2600989,2601322,2601394,2601460,2602258,2603383,2604830,2604924,2604931,2605569,2605598,2605761,2606001,2606139,2606199,2607364,2607452,2607660,2607740,2607918,2607924,2607990,2608407,2608506,2609073,2609074,2609164,2609632,2609824,2610407,2610647,2611539,2611545,2613902,2614612,2615060,2615296,2615467,2615574,2615602,2615709,2615769,2615829,2616042,2616277,2616453,2616460,2616650,2616982,2617356,2617434,2617673,2618450,2618462,2618501,2619232,2620159,2620279,2620639,2622191,2622727,2622953,2622994,2623066,2623372,2624043,2624070,2624377,2624795,2624862,2625759,2626000,2626210,2626311,2626349,2626604,2627473,2627492,2627639,2627777,2628137,2628722,2628836,2628848,2628923,2629085,2630096,2631197,2631542,2631679,2631757,2631850,2632059,2632473,2632842,2634311,2634581,2635038,2635046,2635746,2636167,2636493,2636853,2636994,2637054,2637282,2637336,2637402,2637663,2637843,2637900,2637940,2638125,2638789,2640449,2640929,2640998,2641399,2641698,2641989,2642286,2642571,2642838,2643099,2643100,2643441,2643567,2643971,2644095,2644098,2645073,2645088,2645153,2645842,2646010,2646131,2649290,2649860,2650091,2650301,2650647,2651346,2651520,2651892,2652117,2652144,2652279,2653218,2653693,2654479,2654965,2655799,2655805,2656932,2657259,2657665,2657761,2657936,2658376,2658415,2658635,2659055,2659660,2659831,2660005,2660050,2660233,2661142,2661166,2661265,2661301,2661929,2662025,2662268,2662898,2663060,2663465,2663859,2665286,2668903,2668910,2670054,2672688,2672717,2672775,2673399,2673484,2676704,2678458,2681654,2689926,2708843,2710172,2711351,2712116,2712161,2713067,2716613,2718469,2721738,2721978,2722091,2723905,2724710,2725714,2725858,2728533,2728549,2732236,2732566,2733759,2733838,2738848,2741594,2743295,2744574,2745028,2749884,2753392,2755142,2757881,2758068,2760453,2760648,2760957,2761191,2761233,2761286,2761972,2761999,2762291,2762318,2762404,2768461,2768876,2771065,2771881,2785647,2789448,2789743,2789840,2798447,2798474,2798505,2800848,2803898,2803912,2804000,2804087,2804789,2811390,2812630,2813518,2813624,2813836,2815077,2815380,2815495,2815567,2815681,2815690,2815944,2816164,2816848,2817634,2817735,2818411,2818466,2818544,2818752,2818831,2819255,2819753,2820208,2820426,2821668,2821707,2821716,2821860,2822175,2822217,2822427,2822558,2825058,2825247,2825572,2826036,2826371,2826757,2826995,2827871,2827876,2828272,2829139,2830548,2830598,2836298,2836363,2836465,2837609,2837618,2841324,2841528,2841819,2842866,2843310,2846032,2847575,2848800,2850525,2852776,2852968,2852970,2860040,2860566,2861175,2864929,2865013,2869909,2871713,2871776,2871853,2873218,2873221,2873360,2873474,2873568,2873681,2873685,2873837,2873921,2876573,2876597,2877848,2878567,2879000,2885480,2885796,2885955,2886342,2887933,2891487,2892967,2893285,2898691,2898707,2901837,2903313,2903354,2904328,2904393,2909317,2910610,2921345,2923335,2923340,2924176,2925061,2925095,2925240,2925269,2925329,2925359,2929753,2929993,2931344,2931460,2931466,2933657,2933714,2933741,2935575,2936770,2937107,2942304,2943732,2945001,2945085,2945178,2945318,2945354,2945477,2945525,2945594,2946374,2949484,2955316,2958228,2959194,2959218,2965229,2965400,2966314,2966788,2969112,2969123,2969668,2969811,2969961,2970201,2970439,2970489,2972436,2972642,2972938,2973724,2974061,2974138,2974928,2974971,2975525,2975903,2977874,2980607,2980665,2980730,2980943,2981135,2985106,2985353,2986883,2987627,2990440,2991281,2991982,2992230,2992455,2994957,2995913,2998325,2998400,2998403,2998472,2998538,2998638,2998780,2999016,2999096,2999144,2999603,2999880,3001039,3001827,3002049,3002127,3002129,3002695,3002964,3003286,3003417,3004211,3004784,3005192,3006814,3007174,3007177,3007277,3007420,3008015,3008911,3009336,3009597,3009846,3009966,3010066,3010582,3014216,3014321,3014441,3014468,3016175,3016727,3017477,3017629,3017877,3018098,3018364,3018446,3018782,3018800,3020006,3020303,3020430,3020502,3020666,3021065,3021586,3021943,3022318,3022970,3023012,3023132,3024133,3024300,3024756,3024775,3024915,3025144,3025534,3027552,3027776,3027828,3029431,3029791,3031157,3031354,3031602,3031707,3031827,3031968,3032121,3032145,3032322,3032520,3034090,3034122,3035215,3035227,3035421,3036171,3037961,3037967,3038014,3038244,3038447,3039059,3039662,3039793,3039963,3040071,3040125,3040224,3041077,3041984,3042084,3042630,3042774,3043620,3043623,3043965,3044081,3044084,3044858,3045127,3045407,3045408,3046193,3047605,3048593,3048819,3049564,3049781,3049840,3049842,3049920,3051288,3051731,3051932,3052059,3052217,3052403,3052655,3053990,3054597,3055034,3055043,3055181,3055547,3055775,3056519,3056545,3057584,3058533,3058537,3058872,3058884,3059295,3059984,3060617,3060822,3060824,3061551,3061725,3062031,3062164,3062313,3062355,3064114,3064278,3064684,3064747,3064784,3065092,3065133,3065194,3065613,3065841,3066308,3066512,3066613,3066658,3066728,3066781,3067504,3068312,3068819,3068931,3069038,3069039,3069093,3069716,3069869,3070120,3070894,3070896,3071036,3071245,3071293,3071380,3074212,3074697,3074698,3074923,3074983,3075376,3075770,3075786,3075829,3075904,3076142,3076175,3077399,3077768,3077830,3077918,3077954,3078070,3079391,3079632,3081008,3083362,3083482,3083638,3086214,3086216,3086263,3086408,3086480,3086829,3087142,3087448,3087528,3087804,3087805,3088139,3088298,3088491,3089208,3089307,3089404,3089650,3089999,3090310,3090960,3091065,3091189,3091402,3091756,3091759,3093484,3093913,3096195,3100180,3100488,3100838,3101559,3102028,3102042,3102245,3102996,3103095,3104379,3104496,3104563,3105009,3105398,3105528,3105975,3106029,3106125,3108345,3111545,3114432,3114999,3115196,3117282,3117322,3117459,3117492,3117507,3118436,3119008,3120998,3123335,3126159,3126372,3126943,3127107,3127193,3127201,3127464,3133718,3134066,3134260,3134586,3134874,3134962,3135191,3136434,3138747,3139327,3139933,3140130,3140438,3141375,3141543,3142403,3142640,3142956,3143406,3143466,3143888,3144055,3144073,3144696,3145935,3146124,3146464,3149904,3150684,3150783,3150849,3152255,3152730,3152754,3153033,3153129,3153207,3153378,3153558,3153963,3154423,3154434,3154457,3154530,3155833,3156902,3157391,3157961,3158009,3158054,3158120,3158141,3158411,3159083,3159155,3159158,3159220,3159491,3159617,3161314,3162596,3162628,3163375,3164206,3164395,3164555,3165394,3166181,3166233,3166420,3166513,3167910,3168235,3168425,3169737,3169986,3170499,3171188,3171191,3171283,3172152,3172242,3172305,3172351,3172368,3172458,3172509,3172741,3173362,3173911,3175198,3175204,3175489,3176258,3176414,3177189,3177204,3177230,3177991,3178017,3178162,3178310,3179056,3179138,3179504,3180624,3181798,3183553,3184198,3184538,3184697,3184935,442170,902425,1304803,1858030,145,392,442,446,581,608,725,2393,2942,3066,13242,296130,500511,500517,588651,767565,888663,1075194,1075248,1497616,8842,8862,9148,9631,9877,10626,10791,10833,11078,11544,12082,12151,12289,12382,12388,12535,12894,13299,13933,14623,14638,14707,14744,14830,14842,14977,15925,16306,16623,18242,18247,18466,20037,20307,20774,22287,24629,26651,30166,35728,35881,36357,36358,37260,37368,37427,37736,37759,37925,38031,40237,42739,43242,43507,43607,46752,47260,48883,48907,49432,49779,49883,49887,50067,51206,53426,53432,53535,54957,58402,58663,58750,59947,68249,68732,69379,69467,69475,69510,70621,70631,70721,71168,71459,71702,73388,73454,74019,74469,74530,77253,78901,79374,79497,80051,82907,84790,85337,86231,86251,86922,87539,94211,96786,101648,102224,103742,105345,105837,106043,106119,106184,107129,107170,110176,110218,110673,112086,112088,115344,115531,116856,127068,127218,128375,129179,129184,134239,134245,134312,134925,135829,136086,136688,139682,140563,141164,141242,141828,141891,143487,144401,144546,145218,145728,146915,147901,148088,148102,148187,148743,148765,148809,149769,150349,150538,152322,154183,155013,156204,156235,158179,158444,158588,158870,159199,159242,159296,159341,159504,160114,160360,160926,161281,161361,161397,162512,163397,163495,163875,164340,164341,164475,165909,166022,166059,166153,166164,166189,166284,166291,166571,166737,168586,168650,170158,170161,170616,170634,171009,171539,172596,172740,172749,174479,174812,175929,178811,178892,180526,180672,181129,181428,181545,183065,183092,183927,186895,187549,188146,188332,188521,189474,193958,193961,194292,194414,205250,205327,205801,206335,206399,207249,214685,215159,215726,216077,219149,219335,220062,224943,225179,225878,226274,229377,231027,232093,234442,234454,234528,234819,235466,236619,236626,238023,239198,239255,239354,240264,245590,245721,245826,246057,246669,247489,247524,247698,247984,247987,249456,250237,250854,252279,259037,261520,263114,265877,266166,266962,267139,267599,267752,267924,268281,268881,270928,271812,274849,274852,276272,284611,285344,285758,287345,288091,292367,292554,293645,293838,293903,294258,294277,294448,294815,296641,296819,297666,298402,298432,299062,299133,299999,300142,300208,300947,300949,301056,301690,301878,301954,304134,304178,304600,308081,308954,309228,309721,310086,310229,310241,310429,311398,311416,314890,315657,316221,316912,316993,317335,317345,323813,324528,325060,327460,327851,328892,329333,332351,333848,334413,336702,342589,348009,353402,356054,356443,358632,358642,358981,359974,364165,364204,366921,366948,367872,374882,375503,375640,375760,375774,376397,376837,377179,379379,379647,379797,379977,380024,380198,380943,381022,381242,381249,381751,382685,382710,382736,382874,382970,383351,383546,384158,384306,384363,384581,385060,386630,386978,386993,387419,387519,387662,390415,390655,390721,392378,392390,392417,397796,403295,405241,407678,409299,409727,409805,413570,414418,414677,417180,417384,417765,417860,417863,418181,418793,418799,418898,418946,419101,419314,419318,419359,419710,419853,420127,420394,420591,420852,420853,420903,422467,422655,423073,423601,424383,424450,425694,425988,426023,427725,428610,435468,435996,436154,436212,440379,448221,450846,450857,451055,451098,451112,452882,453643,453858,453958,454850,455309,455507,456030,456264,457697,462285,462485,462542,462546,462806,463030,463032,463238,463493,463586,463733,463931,464950,465002,465140,465148,465774,465849,466296,466343,469411,469576,471868,473153,475184,478078,478126,478135,478288,478383,479156,480024,480136,480565,484978,487129,487551,488721,488923,488953,489588,490900,493154,493269,493278,493483,493485,493776,495115,495160,495328,500101,500399,500592,501922,503330,508127,509474,509561,511641,513021,516126,516315,516865,517237,519907,520015,520119,520148,520267,520318,520352,520676,520842,521911,523768,524810,527776,528144,528249,532786,533377,533578,534513,534606,535492,537697,538866,539172,540385,540716,540723,542031,543679,547393,547905,548407,549201,550349,555387,555390,564815,564830,564890,565403,565421,566479,567651,567826,567961,568048,568276,568294,568318,568378,568396,568483,568612,568645,568795,568801,568977,569044,569112,569237,570427,570697,570748,570757,570898,570922,570973,571027,571564,571672,571750,571897,571987,572290,572320,572373,572590,574077,574389,574853,575057,575547,576501,576819,577247,577497,577560,578601,578845,578944,579329,580461,580572,580841,581340,581780,581834,582139,582339,582745,582871,583593,583720,583774,584254,584320,584323,584369,584992,585328,586126,586189,586605,586620,587160,587166,587664,587694,588206,588240,589894,590115,599120,600951,603153,603859,606320,607183,607273,607288,608445,611509,615828,618138,620397,621326,621613,621640,621748,621763,627034,627046,627152,627670,630176,630341,634925,635068,635077,635749,635806,636023,637013,637210,637402,637471,637744,637919,637963,638169,638683,639736,639741,640077,640776,640830,641199,643646,643701,643795,643798,644074,644220,644566,645442,645445,645874,645993,646000,646129,646217,646328,646860,646986,647304,647380,648375,649135,649444,649523,650784,652074,652176,652184,652493,652562,652613,652823,652839,653309,654676,655540,655549,655650,655668,655706,656231,656282,656696,656843,656978,657224,657567,657625,658392,660543,660966,660971,661098,661209,661359,661419,661434,661644,661857,662064,662090,662524,664534,664578,664603,665936,666037,666155,666414,667058,668225,668482,669269,669414,669575,669614,670370,670385,670571,670664,670677,671012,671018,671396,671435,671549,671635,671687,671690,671791,671804,671876,671958,672086,672125,672134,672182,672224,672787,674450,674453,674609,674798,674918,674921,676030,676105,676129,676180,676339,676409,676444,676450,676762,676884,676982,677251,677263,677488,677607,677631,677756,677778,677872,678135,678363,678399,679089,679162,679604,679631,680102,680903,680904,681170,681421,681431,681492,681532,681650,681732,682549,682595,683426,683573,684039,684103,684923,685021,685102,685856,686857,688358,689132,689526,689527,689832,690438,690541,690977,691292,691396,691587,692006,692119,693075,693783,694849,695111,695270,695321,695339,695420,695583,695600,695617,695887,695922,695992,697261,698325,698585,698832,699508,700036,700264,700934,700944,700989,701172,701508,707055,707914,709082,709864,711767,713731,713898,715530,718655,723212,724626,724683,724713,724764,725310,725678,725701,725750,725897,725976,726013,726285,726297,726528,726537,727295,727569,727666,727668,728182,730226,730382,730391,732044,733057,733518,733671,733737,733885,752168,752219,752354,752932,753514,753745,753751,753844,758700,758866,765321,766163,767610,768980,769225,769380,769682,769686,770144,770168,770657,771745,777241,777465,777520,777556,777769,777898,777943,778036,778048,778087,778425,780145,787724,790131,803115,803123,803183,803222,803230,804702,804728,805286,805331,806000,806936,807176,807366,807613,807826,807856,809380,811661,812003,814232,814286,814433,817062,819698,820436,820438,822678,823125,823350,823443,823665,824091,824143,824908,825812,826595,826650,826673,827021,827401,828680,830563,830651,830678,833171,833528,833735,835478,835820,836270,836282,836465,836573,837696,838702,839188,841129,842237,842841,843483,843484,843589,843591,846956,847736,848025,848745,850008,851152,852036,852119,852122,852254,852309,852802,853533,853740,854443,854452,854485,854929,855287,855697,855908,855962,856102,856268,856279,856291,856364,856495,857544,857894,858003,858086,858101,858254,858627,858629,858749,859016,859061,860394,875935,877539,877557,879234,880067,882547,884210,884232,891021,891071,891815,893153,893637,894054,896353,896743,897019,897310,897757,897877,898116,904761,905165,905361,905768,905775,905808,905901,906754,911196,912788,914593,925605,938980,951420,951821,951831,952031,957616,957811,958741,961982,962382,964810,980471,983248,983918,986247,986253,986292,990302,991089,991546,991636,991783,992266,992312,992647,993438,993921,994461,994467,994635,995055,995289,996040,996349,996511,996602,997298,997617,997852,998768,1002074,1003385,1003550,1006124,1006297,1007632,1008484,1011041,1012655,1012696,1013580,1014527,1014984,1015200,1015227,1016564,1016663,1016936,1017391,1017475,1017652,1017700,1018306,1019038,1019047,1019299,1019631,1020927,1020977,1021533,1022012,1022552,1022972,1023029,1024412,1024436,1024547,1024772,1024775,1024961,1025725,1025800,1026196,1026202,1026304,1026838,1027075,1027599,1028170,1028218,1028231,1029558,1029741,1029816,1012,2914,3169,4376,4556,4625,4958,5630,5633,5695,6078,6125,6760,6802,6871,7108,7120,7277,7291,7351,7368,7432,8859,9414,9594,10042,10516,13114,13188,13301,13994,14571,14988,15303,15573,15582,15753,15893,16133,16167,16182,16367,17329,18009,18018,18166,19007,19262,19454,19652,20624,20637,20681,21494,21593,21695,22580,23213,23407,23600,23688,23694,23724,24626,24984,25146,25827,26014,26049,26481,26554,31648,32036,33224,33833,34109,34412,35416,35933,36106,38088,40633,41002,41389,41401,41415,41489,41570,41619,42270,43574,43990,44125,44164,44290,44431,44476,44809,45121,45141,46164,46247,50757,50819,50843,52237,52310,52334,52610,53218,53317,53506,53626,53725,53774,53931,54201,54563,54607,54697,55310,55611,56358,57111,57222,58091,58093,58147,58368,58478,58607,58771,59337,59473,60566,60567,60761,60797,61364,61672,61690,61838,61988,62237,62267,62522,63164,63773,64445,64508,65454,66177,66299,66302,66803,66861,67811,68982,69267,70085,70181,70900,71167,71447,71527,71676,71858,72337,72709,73374,73971,74099,74239,74394,74458,74475,74995,75772,75885,75949,75998,76043,76064,76398,76422,76425,77487,77595,78117,78157,79059,79224,79543,79751,80612,80639,80744,80774,82080,83063,83135,83152,83222,84053,85418,86228,86745,86957,87184,87546,87605,87791,87992,88073,88662,90061,90214,90453,90846,90948,91051,91291,91346,91354,91455,91483,91641,91644,91947,92611,92811,93046,96309,96499,97955,97996,98702,99222,99272,99275,99987,100137,101196,101497,101925,102015,103519,104535,106992,108264,108879,109351,111324,111900,112351,112538,112581,112894,113135,113277,113314,113666,113750,113824,114038,114295,114914,115302,115377,115383,115482,116842,117450,117807,119182,119198,119380,119931,120509,120542,120761,120868,121455,121491,121585,122417,122545,124604,125316,125522,125880,126210,126451,126676,126777,126787,126958,127188,127699,127703,127897,130031,131879,132247,133173,133460,133650,134139,134308,134519,135159,135482,135503,135741,136995,137260,138358,138361,139233,139236,139819,140740,140758,141301,141481,141517,143173,143188,143297,143480,143481,143934,143997,144053,144820,144860,146006,146111,146861,146894,146945,147149,147177,147348,147504,148277,149321,149918,150574,151529,151591,151592,152169,152397,153411,153721,153765,156527,156926,157118,158069,158310,158490,158678,160189,160190,160680,161420,162012,162172,162455,162900,164329,164940,165703,165725,166493,166502,166569,166759,167130,167953,168023,168105,170188,170377,170385,171416,172040,172445,172915,172918,173261,173294,173663,175926,176776,177910,179229,179274,179834,180617,180714,181190,181252,181903,181923,183212,183423,183461,183618,183770,183890,184172,184291,184616,184893,185049,185350,185562,185811,186087,187000,187017,187320,187714,188943,189018,189104,189550,189634,189979,190436,190685,191710,191966,192025,192050,192422,192458,192623,193050,193539,193974,194581,196472,196554,196683,196851,198543,198858,198969,200538,200542,200633,200646,200815,200944,200967,202483,202494,203357,203394,203687,203782,203832,204034,204141,204459,204778,204859,205163,206145,206382,206568,207709,207928,208791,210019,211935,211977,215479,215489,216994,217280,217316,217541,217568,218496,219697,221585,221691,222117,222335,222472,222633,222986,223141,223174,223305,223368,223556,223576,224299,224775,227137,243910,244859,244976,245371,246054,246215,246286,246466,246571,246996,247174,247795,247852,247871,248054,249697,250038,250646,250923,251052,251238,252351,252571,252657,253080,253171,253718,255308,255828,256542,257909,258949,259093,259414,259473,259774,260079,260565,260710,260898,260929,261095,261139,261528,261838,262012,262447,263239,263678,266364,266658,267726,267947,268017,268429,269515,270108,270109,270847,270899,270992,271211,272056,272507,272552,273665,273995,275836,275938,276229,276548,276773,277728,277897,278111,278562,278907,279917,279990,280195,280291,280334,280525,281301,282786,283800,285015,285525,286720,286742,286749,288452,292374,293955,294743,295178,295254,296093,296526,296858,296859,297845,298062,299469,299897,303859,304071,304268,305416,306069,306565,306778,307667,307834,308011,309753,309789,311229,311339,311406,311419,312688,313281,313285,315231,315256,315315,315540,315759,317556,318991,319005,319212,319219,319580,320305,320856,322773,323307,323521,324124,324901,325813,326697,327140,327427,327504,327650,328425,328894,330244,330548,331006,331025,333322,334064,334297,335041,336335,338834,339304,341092,341104,341227,341245,341326,342460,343030,343183,343554,344113,344246,345133,345594,345615,346123,346623,346716,348676,349096,349191,349741,349804,350163,350215,350902,350999,351153,351426,355413,359699,359701,360084,360121,361352,362022,362025,362097,362246,362439,362458,362535,363100,363136,363178,363204,363791,364397,364781,364808,364976,365194,365252,365810,365883,366411,366970,368300,370060,370066,370159,370691,372025,372039,372272,374466,375276,375327,375904,376447,376859,378445,378559,378638,378889,379012,379508,380492,380527,380599,381276,381548,381553,381636,381654,381743,382502,382520,384534,384705,384915,384960,386122,386125,387109,387457,387469,387496,388051,388554,388593,389038,389452,389911,392166,392244,392743,392757,393322,394950,396780,396846,397878,398535,398883,399590,399676,400084,400175,400197,400394,401078,401564,401944,402256,402269,402494,402495,402604,403876,404370,404470,405045,405243,406254,406364,407531,407621,407810,408263,408805,410199,411351,411447,411552,412834,412939,416274,417210,417216,417688,417756,417803,421931,422113,423503,425077,425140,425212,425222,425797,425826,425882,426202,426572,426958,426973,427305,427345,427534,427692,427752,428165,429084,429338,429698,430235,430967,431641,432994,434038,434782,435897,435904,436053,438005,438009,438085,438130,438145,438796,439259,441606,441685,441897,446157,446210,447375,447568,447619,448364,449155,449400,450177,450383,450764,452135,452477,452552,453571,454283,454722,454944,455079,456083,456194,457670,458505,458921,459026,459140,459276,459746,459890,460248,460605,463238,463336,463425,464602,464644,464896,465135,465151,465348,465391,465629,465642,465906,466387,466612,466647,466941,467034,467097,467163,472339,473818,473840,473914,473923,474694,475656,476103,476254,476842,476962,477313,477604,477854,477910,478045,478061,480429,482344,482475,482640,483078,486872,490714,492078,492269,492581,492620,493017,493121,494791,494945,495681,496735,497225,498014,498016,498206,498265,499959,500177,500482,500514,501117,501934,502317,502733,502738,503124,503138,503318,504840,504843,506261,507173,507311,507410,508319,508688,511162,511168,511426,511511,512187,512600,512664,516092,516171,516298,516467,516502,516550,517160,517698,517794,520547,520957,521074,533487,533703,534454,534473,534669,534862,535174,535226,535270,535468,537719,537829,538848,539816,539953,546427,546805,552427,554364,555585,560966,561566,561870,562262,563059,563074,563351,563750,563930,565689,566470,566763,566941,566990,566993,567120,567135,567800,568594,569192,572337,573666,573731,573805,574269,574275,605716,608816,609508,609711,610942,611318,611694,614194,614208,614718,614729,614806,614897,615417,616095,635350,635743,635777,636737,636954,637090,637386,637425,637695,637917,637968,637998,638988,639290,641150,641153,641241,641397,641445,642792,644955,645415,647710,648095,648583,649403,651424,652569,652669,653576,653648,654620,656376,656770,659274,659811,660167,660194,662306,663257,664193,664274,664322,664360,665276,665297,669175,669184,669245,670877,671111,671369,675476,675895,675905,676485,676525,678692,678772,678825,678853,678927,678986,679363,680421,680519,680701,680740,680764,681001,681130,682182,683061,683243,683375,684092,684270,684534,684575,684732,684844,686132,686231,686397,686507,686858,686918,687437,688171,688309,688584,688683,688850,688880,690399,690470,690621,690724,690863,692827,692843,693018,693359,695420,696222,696241,697343,697361,701237,701421,701909,702151,702193,704560,705774,706548,706659,708952,708997,709516,710090,710348,711417,712142,713344,713407,715027,715135,715147,715439,716358,716634,717095,717896,717996,718344,719282,719333,719924,721335,722901,723049,723123,723785,725847,725874,726036,726099,729053,729098,729735,729878,729922,730031,730298,730892,732027,732102,736250,736826,737051,737186,737209,737381,737664,737665,737689,737707,737755,743195,745151,746619,753093,754626,754897,754958,755039,755057,755233,756729,756965,757107,757316,757412,757478,757499,757580,757616,758602,761405,761987,762026,767850,767871,768626,769277,769283,769806,771688,772011,772470,772492,772624,772770,774657,774849,775502,775928,776965,777450,777464,777895,778298,779118,779122,779124,779730,779842,780130,780144,781087,781247,781302,781745,781822,782045,782123,782761,782864,785990,786496,786545,786635,786732,786861,786930,788116,788767,789473,789789,790328,790329,790529,791100,791721,791834,792211,792281,792349,792973,794778,794985,795784,795933,796026,796680,796722,796888,796897,798214,798232,798436,798556,798562,799109,799366,799463,799557,800838,802233,802272,802273,802883,802996,803064,805358,805374,805878,805944,806158,806551,807002,807130,807525,807701,807998,808151,809381,809985,809994,810174,810714,811032,811260,811453,811657,812364,812375,812461,812637,812805,813153,813351,813537,813684,813747,813765,813795,813888,813909,813981,814008,814954,817197,817356,817418,821269,822472,822514,822525,822606,823195,823849,824642,824688,826254,826275,826286,826825,827648,828900,828910,829188,829308,829829,831005,831065,832496,834402,834765,834775,837334,837865,839032,839203,839212,839584,839977,840229,840250,841642,843049,843087,844107,844284,844809,846013,846252,847976,848011,849448,850468,851254,851260,851886,852430,852743,853285,854084,857383,860140,860443,860470,860500,860697,860739,860820,860829,860864,860937,860976,861295,861424,861608,861734,862070,862076,862157,862261,862285,862297,862708,862753,863290,863377,863779,863872,864235,864253,864397,864514,864613,864693,864769,865086,865124,865167,865222,865364,865396,865407,866104,866105,866294,866362,866774,866869,867007,867207,867326,867376,867469,867531,867968,868220,868394,868399,868904,869033,869454,869942,869982,870295,870328,870599,870680,870742,870809,870814,871372,871379,871770,872082,872287,872353,872603,872911,873100,873144,873403,873568,873673,873751,873901,874116,874198,874849,875181,875308,875429,875659,876004,876037,876058,876193,876346,876394,876634,876747,876769,877687,877785,878433,878736,879237,879395,879840,879889,880194,880651,880696,880997,882234,882276,882364,882372,882566,882937,883029,883051,883131,883254,883582,883655,883686,883713,883746,883860,883896,883897,884026,884042,884280,884452,884485,884506,884737,884922,884971,885000,885545,886096,886133,886144,886260,886353,886370,887095,887109,887383,887539,887758,888226,888478,888644,889310,889330,889515,889644,890237,890361,890404,890572,890671,890791,891668,891687,892339,892447,892633,892714,892867,892909,893164,893180,893186,893322,893466,893508,893534,893634,893966,894031,894100,894112,895267,895569,895597,895955,896134,896299,896539,896701,896781,896839,896924,897099,897204,897221,897482,897494,897725,898197,898206,898538,898766,898769,898980,898984,899037,899084,899334,899813,900017,900088,900111,900209,900233,900663,900753,900828,901372,901508,901622,901676,902575,902815,903043,903106,903253,904090,904241,906307,906410,906784,907734,907759,907936,907960,908068,908719,908939,908942,909242,909243,910053,910169,910563,910918,910938,911240,911507,912292,912805,913229,913897,915390,915531,915554,915696,915738,915761,915807,915834,916002,916005,916165,916403,916628,916646,917006,917182,917189,917714,917782,917910,918150,918478,918669,919054,919267,919294,919381,919399,919485,919528,919561,919870,920267,920924,921807,922264,923425,923448,923564,923591,923637,924054,924100,924110,924330,925391,925655,925676,925689,925767,925865,925876,926156,926162,926182,926324,926329,926528,929345,929543,929553,930252,930296,930443,930623,930667,930846,931205,931218,931228,931305,931368,931548,931701,931833,932103,932124,932196,932208,932238,932418,932541,933021,933028,933154,933193,933503,933767,934571,934699,934816,935190,935222,935372,935477,935543,935789,935837,936005,936008,936459,936464,936806,936958,937019,937405,937598,937601,938033,938060,938066,938165,938291,938312,938336,938484,938927,938948,939515,940073,940098,940103,940208,940632,940649,940733,941005,7075,7506,8130,8182,8231,8551,12332,14211,14526,14637,14640,16378,16381,16429,16559,16747,16923,17002,17058,17286,17340,17410,17472,17637,17892,17971,19008,19647,19707,20856,20991,22878,23062,23259,23487,24070,24280,24336,24502,25003,25297,25484,25522,25663,25681,25735,26275,26767,27406,27439,28146,28338,28620,28846,30423,30697,31674,32417,32548,32619,32715,32912,32948,33064,33083,33280,34060,35153,35493,35606,38692,39583,39610,39919,40490,40572,40858,40954,41999,42161,42236,42356,42482,42536,42989,43979,45132,45618,46116,47336,49396,49695,50674,51862,52410,53024,54326,56372,56422,58181,59696,59735,60259,61027,61361,61483,61507,61525,61636,61666,61816,61909,62324,62844,63242,63936,64519,65335,65338,67799,68013,68016,68618,69163,69420,69491,69637,70694,71266,71334,71783,71969,72548,72920,73614,74054,74312,74388,74712,75112,75350,76564,76990,77132,77281,77525,77663,77818,77859,78246,79128,81044,81382,81452,81802,82738,83083,83434,83806,83883,84272,84368,85316,87370,88373,88392,88869,90164,90873,90942,91458,92543,92678,93059,94715,95267,98906,99295,100419,100698,101162,101427,101610,101723,102108,102370,102472,102571,102604,102748,102847,102936,102958,103036,105456,105990,106470,106656,106691,106785,106913,108493,108499,109066,109159,109437,110071,110617,111905,111931,112159,112282,112728,113405,114029,115595,115596,115627,115903,116613,118145,118339,118458,118461,118527,118593,120278,120434,120817,120819,120956,121145,121325,121514,121547,121660,121671,121712,121820,121823,121954,122049,122479,122497,122569,123139,123223,123337,123724,123928,124270,124510,124533,124951,125080,126205,126578,126829,127172,127302,127687,128136,128175,128395,128627,128935,129502,129867,132690,134094,134226,134374,134391,134811,134868,135087,135129,135330,135417,135429,135504,135525,135794,135818,135821,136025,136333,136336,136438,136555,137630,137876,137879,137996,138347,138554,138899,138917,138971,138989,139061,139064,139238,139397,139436,139622,139832,139997,140420,140456,140495,140579,140588,140810,140821,141838,142081,142306,142403,143065,143365,143680,143790,143879,144453,144474,145528,145579,145663,145729,145780,145803,145816,145984,146197,146205,146574,146598,146614,146940,147079,147430,147451,147563,147569,147589,147742,147866,148575,149346,149524,149566,150088,150121,150256,150484,150628,150784,150811,150829,150895,151144,151174,151524,151654,152534,153114,153167,153248,154000,154914,156244,156403,157089,157618,158272,159187,159310,159349,159379,159871,160345,161080,161314,161806,162226,163060,163123,163264,163462,164086,164159,164681,165353,165765,166017,166110,166375,166455,167834,170231,170478,170542,171518,171606,171637,171649,173106,173175,173199,173343,173367,173385,173655,174252,175063,175562,176118,176260,177033,177294,178225,178633,179007,179600,180154,181138,181769,182310,182733,183411,183414,183480,183819,183912,185147,185502,185860,187363,187793,188117,188324,190302,192444,194655,195198,195303,195789,195864,195945,197570,197669,197728,198930,199666,200081,201100,201205,201249,201690,201857,203291,203338,203343,203477,203525,203654,204321,206358,206460,206611,206844,206878,206973,208571,209022,209254,209313,209392,209403,209538,209641,209805,215032,215886,216072,216953,217369,218059,218323,218464,218803,218806,218881,219181,219569,220336,220955,221801,222320,222323,222659,223437,225497,227832,228286,228554,230423,230448,230709,231902,231916,232364,232457,232460,232564,232603,232751,233079,234366,234951,234969,235332,235411,235422,235717,237402,237601,237858,238959,239244,239668,240049,240537,240555,240588,241239,241305,241707,242103,242811,243027,243097,243114,243566,243738,244236,244527,244659,245036,245194,245195,245408,245463,245685,245784,246030,246310,246573,246624,246905,248058,248442,248490,248745,248849,249093,249122,249243,251422,251858,252194,252670,253146,253216,253671,255296,255958,256352,257015,257339,257739,257930,258074,258195,258986,259061,259066,259241,259304,259422,261329,261669,262301,262959,263017,263090,263122,263260,263346,263466,263904,264253,264289,264308,264367,264423,264886,265025,265041,265135,266105,266402,266403,267177,267271,268016,268018,268359,268580,268691,268797,268877,269301,269626,270010,270339,270550,270909,271887,271907,272163,273110,273499,273525,274191,274235,274332,275378,276128,277289,277405,277488,277586,278373,278531,279382,280728,280788,281048,281126,281234,281721,281866,282618,282809,283403,283646,285568,286267,286341,286364,286393,286642,286817,287358,288667,289345,289598,289696,291231,292733,294625,295914,296772,297200,297334,297416,299057,299550,301912,302607,302804,303932,304329,304478,306910,307032,307053,307178,307413,307812,308364,308865,309087,309119,310001,310083,310570,314850,315105,316043,324467,324471,324909,325425,325652,331871,332518,332689,332725,333825,334544,334909,337562,338612,339373,340164,342229,344823,344846,345037,348528,348565,348791,348826,354547,356608,356614,357028,357031,357571,360037,362490,364432,374181,374218,374622,379220,379403,382265,390218,395487,395653,397245,397720,397903,397904,398675,400662,400776,405385,405478,406121,406403,406612,414061,415759,416967,416969,427016,427477,429098,430302,430995,431176,431658,431979,431991,432012,435454,436786,438352,442791,444740,444999,445022,445124,450449,450521,450557,450751,451415,452691,455933,458640,466825,468806,469223,470067,473437,475655,476777,476822,477125,478551,481917,481984,482320,482837,483053,483501,483512,483643,486614,488327,489086,489928,493253,493762,493874,501140,501164,503032,503396,504264,506463,506767,507013,510007,510016,518207,518285,518452,521991,521994,522273,522654,522659,524807,524816,525671,525824,525827,526998,529493,531243,531259,533387,536396,540102,542506,543716,544797,545706,547282,547617,547901,548466,548474,548500,549337,549391,552200,552426,557896,558145,561267,562394,562457,562709,564114,564239,564291,564372,566507,567788,569067,569125,569152,569226,569719,570034,571164,571968,573285,574527,574553,574593,576568,579076,579306,583436,583718,586381,589818,594765,596791,597256,597272,599192,599313,599525,599653,599760,605587,607278,607675,610387,611352,611368,611998,612030,612288,614908,615896,619217,619902,620556,621147,621150,626726,626761,627376,627560,627583,627646,628036,628102,628225,631968,632654,634053,635748,635772,636158,638355,638854,638925,639064,639132,639145,639266,639273,640123,640216,640285,640303,640373,641251,641580,642721,648123,649686,658426,659483,659511,659768,659799,661684,661736,665725,665977,666220,668408,668465,671788,675899,675933,680436,680450,681040,681572,681618,685241,690478,690591,696173,696257,701903,701927,702092,702515,702848,702946,702954,703529,703622,704732,706628,708816,710401,714020,715507,716599,717536,720146,721031,723681,724279,724777,725094,725104,725158,725763,725883,725925,726081,726255,728096,728130,728525,729419,730049,730225,730268,730413,730720,731190,732021,732626,733405,734097,734988,735285,736560,736940,736986,737009,737031,737315,737351,737433,737546,737615,739244,739341,739596,740814,740984,741137,741193,741196,742214,742434,742567,742624,743007,743029,743268,744421,744523,745058,745525,747021,747497,747519,748229,748637,749164,749171,749237,750775,750785,750806,750914,751208,751860,752537,752576,753711,753934,753984,754680,754689,754962,755004,756309,759577,759639,765757,765953,767650,768088,768110,768328,769549,769633,769671,769905,769994,770046,770928,773354,774054,774197,775459,775461,775937,775938,775955,776238,776495,779582,779906,779929,780019,780063,780111,780468,780734,780813,781392,781977,784910,785028,785100,785162,785300,786612,788022,789549,796365,796425,796665,796692,797946,798816,798900,799018,808609,808633,808642,811541,813104,814843,816571,817551,817615,818301,818316,818356,818412,819594,819811,820138,820434,822118,822518,822677,824163,824595,824675,825775,826328,826433,826479,829053,831913,835257,837361,837595,839214,839274,839368,839424,839517,839568,839616,839631,839724,839752,839758,840535,840609,840797,840825,840939,841521,841524,842136,843717,844478,844840,845149,845985,846215,846415,846664,846800,847165,847188,847703,847734,847926,848244,848565,848595,848963,849026,852866,853762,853791,853822,855394,855397,855586,856600,857820,858038,859069,859106,859231,859289,859698,859754,860064,860700,860757,860793,860937,861025,861078,861102,861657,863053,863104,863140,863661,863767,863782,863815,863980,864070,865248,865250,865435,865440,865529,865530,869686,870276,871161,871521,871936,872176,872399,872514,873169,873568,875796,876062,876412,876682,876941,877442,878246,880248,883066,884336,884441,885496,886003,886381,886408,886638,886732,886887,886900,886921,887374,887586,888094,888698,888714,890426,890690,890938,891791,891900,892060,892392,892818,894941,895162,896082,896344,896356,898546,898547,898722,898911,899310,899334,900724,901430,901586,901811,902012,902176,903298,903402,903848,904359,904412,904961,905242,908185,908206,908210,908781,908859,910592,910759,910760,911744,912147,912344,913539,914048,915351,915627,915690,915942,916026,916029,916246,916499,917775,917822,919617,921279,923014,923361,923894,925069,925073,925271,925967,926520,926614,927210,928939,935728,935883,938217,938340,938441,938526,941578,942070,942576,942649,942754,959006,959108,959525,960191,960592,966008,966990,971213,973038,973268,973272,973462,975467,975510,978027,978674,981332,983224,983836,984025,985896,986631,988524,993065,1002170,1002626,1002869,1010181,1010358,1010592,1010865,1010871,1013917,1014252,1014381,1015383,1015579,1015999,1016019,1021063,1022472,1022589,1022873,1023489,1024176,1025061,1026280,1026416,1026633,1027106,1027143,1027768,1028690,1029170,1029239,1031018,1037109,1037226,1037788,1037973,1038685,1038718,1038871,1039150,1039510,1040124,1040542,1042200,1042272,1042415,1042418,1044189,1045162,1045282,1045970,1047078,1048004,1051980,1053533,1054123,1056289,1057159,1058282,1060123,1060159,1061711,1064458,1071747,1072725,1075037,1077403,1078192,1078942,1079247,1082594,1082648,1082685,1083659,1083686,1084546,1084842,1085323,1085329,1086266,1086449,1086813,1087132,1087233,1087873,1088152,1089596,1090159,1091221,1091222,1091722,1091741,1093961,1093980,1094242,1094279,1094507,1101239,1101964,1101967,1102093,1102113,1103242,1103413,1103530,1103543,1103643,1104009,1104571,1104608,1104762,1104961,1105383,1105448,1105533,1105616,1105900,1106841,1106891,1107559,1111555,1113074,1113172,1113662,1113679,1115161,1116174,1116273,1116536,1116565,1117795,1120076,1120109,1120169,1121063,1121493,1126568,1127198,1127210,1128122,1128383,1128479,1128608,1135188,1135288,1135370,1135516,1137612,1138905,1139308,1139333,1140839,1141472,1141494,1141612,1141623,1141625,1142360,1147862,1149045,1149572,1152068,1152114,1153922,1155580,1155606,1157085,1157824,1159389,1159549,1159921,1160361,1160770,1161175,1162403,1162987,1163616,1163634,1163750,1163885,1164836,1165191,1165753,1166820,1167090,1167399,1167748,1167827,1167889,1167897,1167955,1168791,1169085,1169465,1169559,1170612,1170808,1170958,1171215,1171946,1172733,1173891,1174886,1177992,1178314,1178367,1178514,1178829,1179047,1179247,1179330,1179623,1184462,1191560,1191568,1191848,1195256,1196064,1196513,1196732,1196779,1196815,1197771,1198384,1200756,1200848,1201661,1202315,1202354,1203145,1203351,1203753,1203894,1203999,1204038,1204320,1204335,1204527,1204725,1204770,1204836,1205413,1205584,1206012,1206171,1206507,1207108,1207744,1208050,1208362,1209304,1209394,1209641,1209888,1209974,1210062,1211810,1211812,1211843,1212144,1212234,1214051,1214369,1215074,1217410,1219531,1219593,1219936,1219977,1221471,1223706,1223907,1224577,1227441,1227507,1228095,1228146,1229250,1229331,1229390,1232118,1232491,1233762,1234049,1234349,1234838,1235014,1235783,1237565,1237649,1237652,1241912,1242923,1243737,1243854,1243864,1244366,1244499,1244917,1245226,1245265,1245580,1247313,1247334,1247529,1247951,1247967,1248030,1248036,1248833,1249120,1249251,1249724,1250079,1251093,1252370,1252601,1253059,1254770,1255807,1257333,1257372,1257402,1257873,1259747,1260695,1261171,1261430,1261453,1261679,1261771,1263070,1268883,1270079,1270179,1270183,1272226,1274431,1274548,1276950,1281094,1281409,1281426,1281592,1282047,1282051,1284830,1284958,1285061,1302904,1302919,1303863,1304557,1304806,1305100,1306565,1308913,1309830,1310434,1310533,1311014,1311512,1314523,1314615,1315867,1316306,1320427,1321733,1321754,1321801,1323344,1323353,1324911,1324931,1326271,1337745,1338093,1340136,1340178,1340415,1341606,1345360,1345918,1346064,1362677,1362752,1362814,1363484,1365150,1367103,1367189,1367418,1368874,1369510,1370242,1372098,1372713,1372744,1374470,1374533,1374546,1374685,1374696,1374882,1377220,1377221,1377628,1377647,1377863,1377872,1379496,1379553,1379648,1379699,1379717,1380144,1380817,1380928,1385880,1386448,1390567,1390827,1390832,1392985,1393544,1397284,1397320,1398572,1398869,1399065,1399142,1399195,1399453,1399631,1399895,1400343,1400666,1405098,1406421,1407595,1408498,1409531,1410922,1411385,1412685,1412770,1419489,1419514,1422555,1423554,1423984,1426723,1429412,1431500,1431560,1432591,1434380,1434912,1435321,1435323,1435557,1435677,1435925,1436051,1438222,1438264,1438392,1438461,1438477,1438847,1439422,1439500,1439663,1439834,1439852,1440024,1440107,1440805,1440940,1441099,1441141,1441297,1441312,1441351,1441510,1441516,1441663,1441679,1441813,1441902,1441987,1442444,1442534,1442651,1442657,1442861,1442954,1443017,1443149,1443334,1443440,1443746,1443938,1443956,1444346,1444373,1444481,1444535,1444652,1444724,1444739,1445304,1445629,1445700,1445714,1445928,1446325,1446429,1446432,1446744,1446849,1446902,1447149,1447167,1447537,1447623,1447635,1447793,1447872,1448010,1448016,1448055,1448367,1448433,1448449,1448485,1448544,1448592,1448607,1448778,1448832,1449411,1449627,1449744,1449846,1450957,1451830,1451860,1451926,1451989,1452127,1452270,1452826,1453445,1453515,1453517,1453824,1453863,1454582,1455162,1455296,1455451,1456059,1456530,1456870,1457187,1459082,1459315,1459549,1459550,1459552,1459572,1459576,1459582,1459806,1460079,1460091,1460273,1460430,1460436,1460474,1462926,1462932,1463051,1463810,1464110,1464170,1464200,1464423,1464425,1464848,1464866,1465165,1465648,1466320,1467522,1467582,1467583,1467714,1468177,1468461,1468825,1469534,1469887,1471886,1472000,1472381,1472527,1472529,1473341,1473427,1473447,1473568,1474755,1474911,1475363,1475754,1475931,1477242,1477244,1477421,1478201,1478528,1478565,1479484,1480394,1480502,1480556,1481078,1481441,1481697,1481982,1482158,1482716,1482974,1483136,1484309,1484464,1484478,1485629,1485662,1485753,1485780,1487355,1488033,1488593,1488649,1489869,1490050,1490136,1490757,1490847,1491074,1491087,1491345,1491564,1491570,1491630,1491780,1492124,1492278,1492309,1492358,1492370,1492417,1492456,1492649,1492661,1492825,1493718,1494437,1494736,1496635,1498295,1502124,1503203,1503512,1503614,1503629,1504262,1507891,1508524,1508530,1508590,1509127,1509247,1509730,1510015,1510255,1510482,1510589,1511294,1512242,1512709,1512842,1512883,1514418,1514427,1514535,1514781,1515102,1515108,1515435,1519464,1519950,1519953,1520061,1520514,1520838,1521069,1521556,1522322,1522329,1522411,1522629,1522649,1522696,1523012,1523052,1523672,1524415,1524649,1525091,1526210,1526253,1526361,1527149,1527235,1527242,1528018,1528545,1530201,1530660,1531009,1531490,1531504,1531557,1531588,1531642,1532669,1532743,1532822,1532875,1534410,1534437,1534956,1535310,1535699,1535703,1535980,1536103,1537550,1538108,1538190,1538462,1538998,1539085,1539274,1539295,1540736,1541904,1542410,1543307,1543316,1543568,1543699,1543814,1544063,1544123,1544141,1545554,1546267,1546830,1547313,1547336,1547777,1548379,1548499,1549036,1550083,1557190,1557194,1557231,1557452,1564619,1564624,1564766,1573179,1573698,1573918,1574449,1575094,1575279,1575331,1575576,1575579,1576924,1578315,1578324,1580072,1580095,1580113,1580205,1580278,1580293,1580423,1580692,1581505,1582329,1582393,1582410,1582429,1582559,1582601,1583060,1583666,1584763,1585813,1586758,1586792,1588540,1588623,1588955,1589398,1589407,1590104,1590290,1590873,1591877,1592056,1592141,1592229,1592279,1592297,1592518,1592525,1592637,1592652,1592897,1593882,1594630,1594757,1595430,1595481,1595937,1596092,1596165,1596426,1596440,1596649,1596762,1597135,1597640,1597648,1597769,1598979,1599300,1599429,1599435,1599536,1599546,1601034,1605765,1607626,1607755,1609465,1609709,1609756,1611872,1611936,1612339,1612348,1612384,1612438,1612615,1612708,1612967,1613605,1614070,1614815,1615055,1615531,1615920,1616818,1616819,1617107,1617166,1617559,1617637,1617648,1617702,1617848,1618150,1618316,1618688,1619240,1619341,1619502,1620474,1620486,1627107,1627343,1627435,1627670,1630013,1631493,1631537,1631826,1632735,1632902,1632981,1633298,1633575,1633685,1633801,1633810,1633988,1634189,1634342,1634745,1635206,1636229,1636265,1636431,1636589,1636638,1643672,1644027,1644135,1644815,1645164,1645212,1645318,1645326,1645839,1646091,1646133,1647049,1649987,1650050,1652389,1652431,1652449,1652494,1652683,1652698,1652749,1652761,1653142,1653304,1653718,1653866,1654579,1654611,1654732,1655059,1655459,1655888,1657276,1659143,1659475,1659581,1659858,1665789,1665835,1665991,1666157,1666289,1666642,1670017,1672200,1672900,1675616,1676478,1677069,1678021,1678072,1680308,1680320,1682266,1682293,1686193,1687373,1687388,1691473,1695392,1696600,1696601,1700149,1704896,1706271,1707316,1707832,1708036,1708327,1708947,1712308,1712350,1712616,1712708,1712711,1713042,1713111,1713790,1714050,1714243,1714575,1714747,1715067,1715490,1715555,1715691,1716177,1716411,1716710,1716803,1716859,1717700,1718284,1721240,1721686,1726188,1729935,1730431,1735077,1736821,1736958,1737121,1737962,1738870,1740493,1742453,1748664,1748747,1748763,1749129,1749790,1750273,1750807,1759281,1760038,1760217,1761639,1761647,1764615,1766020,1768540,1770824,1772199,1773881,1775959,1775961,1776144,1776289,1776458,1776465,1776543,1777029,1777926,1778264,1784193,1786356,1792294,1792708,1794124,1794126,1795870,1796193,1798947,1799214,1799235,1800769,1804540,1804664,1804669,1804971,1805072,1806166,1807780,1807903,1807955,1808002,1811193,1811481,1811487,1811745,1812073,1813387,1813518,1813656,1813732,1813991,1814049,1814157,1815344,1815437,1815445,1815721,1815747,1816209,1817144,1817621,1817752,1818254,1818284,1818404,1818497,1818523,1819385,1820642,1820693,1820804,1820921,1820924,1822594,1823808,1823992,1824484,1824865,1825538,1825715,1826409,1826415,1826433,1826792,1828116,1828183,1829622,1832255,1833061,1833336,1833716,1835210,1835320,1835986,1836436,1836579,1836738,1836739,1836801,1838238,1838778,1838850,1839202,1840820,1840951,1841099,1841495,1841699,1842064,1842308,1844237,1844277,1846606,1846828,1847631,1850900,1852200,1852315,1852337,1852527,1852947,1853664,1853667,1854488,1854605,1854819,1854902,1855257,1856194,1856443,1856750,1858259,1858295,1858493,1860413,1861454,1861786,1863434,1863563,1865264,1865541,1865828,1867730,1868183,1868207,1869089,1869443,1869455,1869974,1870016,1870574,1870576,1871016,1871018,1871723,1871884,1872566,1873118,1873190,1873547,1873619,1873673,1873982,1875578,1876885,1877176,1877237,1877266,1879892,1880156,1880212,1880485,1880644,1880975,1881186,1881220,1881238,1881680,1882566,1882890,1883011,1883385,1883618,1883623,1883824,1885559,1885763,1885765,1885772,1886063,1886456,1886473,1886860,1886917,1887018,1887142,1889346,1889403,1889404,1889473,1889705,1890281,1890731,1891103,1893601,1895177,1895196,1895619,1897063,1897064,1897998,1898062,1898079,1898189,1898325,1898354,1898518,1898524,1898912,1898913,1898968,1899260,1899425,1899607,1899663,1899766,1900137,1900257,1900325,1900754,1901153,1901171,1901279,1901365,1901471,1901853,1902026,1902179,1902590,1902937,1903088,1903511,1904074,1904199,1904220,1904503,1905183,1905228,1905288,1906094,1907070,1907077,1907389,1907892,1908288,1908991,1909000,1909651,1909868,1910120,1910146,1910171,1910252,1912228,1913144,1913171,1913220,1913348,1914948,1915059,1915674,1915820,1916600,1916708,1916771,1916837,1916896,1916944,1917078,1917595,1917884,1918126,1918463,1918521,1918558,1919155,1919358,1920185,1920929,1921259,1921862,1921972,1921976,1923540,1923574,1924884,1924980,1927546,1928161,1928223,1928563,1928578,1928608,1929166,1929874,1929883,1930041,1930120,1930160,1930452,1930472,1930650,1931112,1931416,1932818,1935285,1935700,1936348,1936349,1936419,1936944,1938740,1943679,1944517,1946603,1946654,1948797,1949182,1949568,1949595,1949643,1950406,1950836,1950901,1952594,1952848,1952883,1953494,1953696,1953746,1954617,1956870,1958300,1961204,1961305,1964184,1964660,1965285,1965974,1968865,1972587,1972871,1973004,1973715,1974469,1975297,1978508,1981177,1982838,1984092,1984166,1986706,1986901,1987399,1987708,1988470,1988557,1990093,1990479,1991381,1991434,1992703,1992804,1993902,1994348,1994489,1995010,1995366,1995416,1995518,1995819,1997066,1997124,1997298,1997338,1997530,1997536,1998318,1998362,1998363,1998623,1998650,1999703,1999837,2000531,2000588,2000718,2001257,2002171,2003370,2003781,2003907,2004459,2004504,2004513,2004945,2004959,2005746,2005892,2006100,2006144,2006273,2006279,2006367,2006382,2006794,2007626,2007672,2007960,2009154,2009420,2009475,2009963,2010211,2010565,2010566,2010642,2010801,2010875,2011430,2011527,2011824,2012402,2012704,2012914,2012993,2013576,2013749,2014264,2014295,2014449,2014491,2014668,2014722,2014762,2014853,2015480,2016632,2016723,2016740,2016970,2017036,2017212,2017841,2018245,2018869,2019263,2020211,2020748,2021017,2021853,2022082,2022158,2022159,2022270,2022967,2022973,2023221,2023609,2024485,2024592,2025358,2025606,2026025,2026285,2026917,2026935,2026955,2027453,2028901,2029210,2030177,2030230,2030344,2030872,2031917,2032085,2032711,2032959,2032980,2033541,2033832,2033974,2034000,2035042,2035210,2036189,2036462,2036601,2036861,2037316,2037641,2038122,2038123,2038309,2039165,2040144,2040744,2040925,2041375,2041820,2041964,2041968,2042079,2042084,2042353,2042581,2042923,2043721,2043738,2044253,2044394,2044601,2044667,2044670,2045374,2045386,2045502,2045898,2048179,2049049,2049551,2050053,2050162,2050590,2051189,2051641,2051762,2051846,2051884,2052461,2052738,2052891,2052938,2053419,2055108,2055132,2055175,2056435,2057557,2058150,2058750,2058778,2058904,2058924,2058932,2059014,2059456,2059783,2059900,2060674,2060938,2061127,2061370,2061371,2061661,2061896,2061899,2062410,2062467,2062481,2062548,2062880,2063068,2063092,2063129,2063464,2063803,2063875,2063932,2064399,2064544,2064554,2064663,2065139,2065256,2065439,2065460,2065785,2065786,2066012,2066137,2066239,2066242,2066418,2066446,2067118,2067169,2067289,2069208,2071161,2074401,2076215,2077494,2077928,2078824,2078926,2078977,2079108,2079134,2079242,2079334,2080874,2084229,2084268,2090585,2092555,2093086,2093307,2102976,2110503,2111089,2111277,2111486,2115916,2117371,2117384,2118862,2127288,2131379,2132707,2132729,2134828,2136835,2137384,2138423,2138428,2138474,2138522,2138572,2138627,2139397,2139680,2142346,2143144,2143198,2143243,2143279,2143332,2143466,2143481,2143700,2143764,2143785,2143893,2144817,2145148,2145598,2145739,2145844,2146307,2146457,2146932,2146933,2148039,2149604,2149658,2150285,2151166,2151259,2151788,2152201,2152633,2152644,2152949,2153827,2154445,2154510,2154529,2154999,2155061,2155082,2155353,2155630,2156753,2157227,2157505,2157651,2157706,2157755,2157914,2158155,2158634,2158742,2159135,2160047,2160084,2161149,2161245,2161640,2161697,2162125,2162356,2162531,2163134,2163934,2164185,2164319,2164540,2165013,2165042,2165329,2165430,2165474,2165482,2165558,2165601,2165710,2165819,2165999,2166445,2167672,2168016,2168624,2169185,2170012,2170030,2170639,2170701,2170749,2170751,2170895,2171244,2172087,2172309,2172422,2173194,2173265,2173919,2174039,2175381,2175474,2175613,2176301,2177686,2177707,2179678,2179818,2181504,2181783,2182272,2183784,2184131,2184714,2184812,2184868,2185802,2186298,2186988,2188682,2190052,2190142,2190205,2191231,2192817,2193654,2194031,2194849,2195051,2195189,2195455,2195646,2195840,2196014,2196020,2196672,2198421,2198731,2199148,2199610,2200264,2200485,2200828,2201315,2203889,2203948,2206013,2206303,2206712,2208686,2208891,2209199,2211453,2211595,2212011,2212582,2213405,2213508,2213910,2215416,2219210,2219629,2220440,2233271,2233693,2234842,2235971,2236234,2237343,2239799,2242181,2244603,2245687,2245889,2246854,2247785,2248493,2249087,2251277,2251382,2251925,2251967,2252339,2252832,2253128,2253279,2253344,2255438,2255808,2258098,2258895,2258967,2259300,2259417,2260926,2260944,2263536,2263917,2263986,2268209,2269994,2271365,2272228,2272487,2274320,2274339,2274433,2275225,2275663,2277555,2277957,2278213,2278525,2278771,2279016,2279140,2281148,2283608,2284124,2284735
# Catalog ID,86,117,127,130,137,138,139,143,144,146,147,148,149,150,151,152,153,154,155,157,164,167,173,187,188,189,190,191,192,193,194,197,198,199,207,216,221,222,224,228,231,232,233,234,235,236,238,239,242,245,250,252,253,254,266,269,270,271,272,274,275,276,277,278,285,308,309,310,314,315,383,386,387,389,390,391,393,395,396,397,399,401,402,403,404,405,406,407,408,409,410,411,412,420,421,423,425,428,432,435,439,446,448,452,457,458,459,460,465,468,483,490,500,504,517,519,525,529,530,531,539,540,541,542,543,548,550,571,572,575,600,602,604,606,609,611,613,614,615,616,617,646,649,650,654,656,658,659,680,681,683,692,698,712,725,728,731,741,746,747,748,761,762,764,775,788,789,791,792,793,794,796,797,798,799,805,806,832,835,836,837,864,867,868,869,920,960,962,976,987,988,989,1023,1024,1026,1027,1028,1029,1030,1032,1034,1035,1044,1045,1051,1092,1095,1097,1099,1101,1118,1132,1140,1196,1197,1246,1247,1250,1252,1260,1265,1267,1271,1272,1273,1274,1283,1286,1297,1302,1304,1305,1306,1312,1313,1319,1320,1327,1330,1332,1338,1339,1346,1348,1352,1355,1364,1372,1433,1434,1438,1441,1442,1443,1450,1451,1452,1459,1460,1466,1469,1470,1480,1481,1482,1483,1485,1497,1498,1507,1509,1510,1512,1513,1514,1522,1524,1525,1529,1530,1532,1534,1538,1540,1541,1542,1559,1564,1572,1575,1579,1585,1587,1588,1591,1598,1599,1605,1606,1630,1631,1636,1644,1646,1649,1666,1667,1669,1681,1682,1683,1685,1687,1688,1689,1692,1694,1695,1698,1700,1703,1704,1705,1706,1707,1708,1709,1710,1711,1712,1713,1715,1716,1718,1719,1720,1721,1722,1725,1726,1727,1730,1731,1735,1736,1738,1740,1742,1743,1746,1747,1751,1752,1753,1764,1766,1767,1781,1795,1801,1823,1829,1831,1832,1833,1834,1835,1836,1840,1841,1842,1843,1844,1845,1850,1879,1893,1896,1897,1898,1900,1901,1905,1906,1907,1908,1909,1910,1911,1912,1913,1914,1915,1916,1917,1924,1927,1928,1929,1931,1941,1942,1946,1947,1948,1952,1960,1966,1967,1970,1975,1981,1982,1987,1989,1990,1995,1996,1999,2000,2001,2002,2003,2004,2005,2007,2009,2014,2015,2016,2017,2018,2019,2026,2027,2028,2029,2033,2034,2039,2040,2041,2042,2043,2044,2045,2052,2090,2094,2111,2126,2142,2145,2166,2168,2169,2170,2179,2180,2183,2195,2196,2208,2210,2217,2277,2278,2281,2282,2292,2293,2302,2306,2308,2309,2344,2345,2367,2370,2371,2432,2476,2480,2494,2503,2504,2512,2516,2543,2574,2575,2588,2598,2628,2629,2630,2685,2694,2699,2725,2726,2732,2750,2751,2767,2768,2769,2771,2776,2781,2786,2812,2813,2816,2841,2844,2847,2857,2920,2936,2943,2944,2947,2966,2967,2968,2969,2970,2971,2972,2973,2974,2975,2976,2977,2978,2981,2990,2991,2993,2999,3004,3081,3098,3099,3127,3128,3129,3130,3145,3152,3154,3162,3163,3179,3180,3216,3267,3287,3288,3291,3300,3304,3313,3315,3318,3321,3324,3334,3336,3337,3338,3339,3342,3348,3352,3355,3371,3380,3381,3382,3439,3440,3441,3442,3443,3444,3445,3449,3450,3451,3452,3457,3459,3460,3496,3511,3513,3514,3519,3529,3531,3535,3536,3542,3543,3544,3548,3549,3550,3551,3552,3553,3555,3556,3569,3573,3586,3625,3659,3660,3661,3662,3663,3664,3665,3666,3668,3687,3695,3698,3701,3705,3711,3716,3718,3719,3720,3721,3734,3744,3748,3784,3805,3826,3842,3869,3870,3885,3895,3896,3898,3904,3906,3908,3910,3911,3914,3917,3921,3923,3931,3934,3939,3940,3945,3947,3952,3953,3954,3955,3957,3962,3975,3984,3992,3995,4013,4024,4028,4052,4053,4054,4056,4065,4066,4069,4070,4071,4078,4079,4080,4082,4086,4098,4099,4100,4107,4113,4114,4115,4117,4124,4125,4127,4134,4138,4161,4165,4167,4172,4173,4174,4175,4176,4177,4179,4180,4181,4182,4183,4184,4198,4210,4211,4212,4214,4215,4216,4220,4227,4228,4246,4247,4248,4266,4273,4275,4278,4280,4281,4282,4298,4319,4320,4321,4322,4323,4332,4335,4343,4352,4356,4357,4362,4363,4364,4374,4375,4376,4377,4378,4392,4396,4484,4485,4489,4507,4531,4546,4549,4572,4585,4592,4593,4598,4635,4636,4638,4639,4650,4656,4657,4661,4693,4699,4700,4709,4716,4720,4725,4729,4734,4750,4752,4766,4777,4780,4812,4830,4839,4905,4932,4936,4938,4966,4970,4974,4975,4976,4980,4982,4983,4984,4985,4986,4987,4988,4989,5000,5034,5045,5046,5047,5048,5049,5050,5051,5063,5081,5111,5112,5113,5132,5135,5136,5149,5150,5161,5193,5216,5339,5359,5361,5364,5391,5393,5469,5529,5530,5568,5569,5570,5593,5649,5681,5686,5687,5714,5740,5753,5798,5799,5800,5818,5862,5863,5864,5865,5873,5891,5892,5898,5899,5921,5935,5947,5975,5976,5978,6004,6021,6026,6080,6081,6088,6089,6096,6097,6102,6106,6110,6161,6219,6221,6227,6268,6269,6289,6290,6294,6307,6310,6312,6320,6330,6334,6335,6337,6371,6388,6411,6426,6428,6430,6440,6475,6477,6482,6486,6490,6493,6512,6550,6584,6590,6617,6618,6620,6621,6658,6661,6718,6719,6720,6722,6723,6734,6737,6739,6747,6749,6751,6753,6789,6800,6801,6804,6805,6806,6811,6830,6832,6833,6834,6838,6842,6845,6856,6869,6875,6877,6878,6879,6880,6882,6885,6888,6889,6892,6898,6901,6902,6903,6904,6905,6910,6913,6923,6926,6937,6939,6941,6953,6956,6978,7002,7003,7010,7011,7017,7018,7029,7039,7046,7080,7081,7102,7112,7140,7145,7146,7148,7159,7190,7194,7233,7234,7235,7245,7260,7261,7269,7274,7275,7321,7346,7351,7352,7353,7370,7371,7373,7384,7392,7393,7414,7422,7436,7487,7491,7554,7556,7580,7581,7582,7587,7590,7597,7598,7604,7606,7607,7608,7620,7626,7634,7640,7641,7685,7686,7692,7697,7711,7715,7719,7730,7731,7737,7763,7777,7787,7788,7789,7804,7810,7825,7828,7836,7858,7859,7863,7864,7865,7866,7870,7896,7919,7920,7934,7941,7966,7967,8036,8045,8046,8057,8058,8060,8061,8062,8064,8065,8066,8077,8078,8079,8080,8085,8086,8090,8093,8094,8095,8096,8099,8105,8113,8114,8123,8124,8126,8130,8134,8136,8137,8139,8140,8142,8144,8147,8149,8150,8152,8153,8160,8162,8163,8166,8170,8171,8172,8173,8174,8181,8204,8221,8236,8269,8281,8285,8287,8291,8307,8334,8335,8412,8485,8498,8525,8527,8528,8529,8530,8531,8532,8536,8551,8552,8556,8561,8573,8574,8575,8576,8577,8578,8580,8581,8584,8585,8586,8588,8590,8595,8597,8600,8601,8603,8604,8606,8610,8611,8612,8633,8637,8643,8654,8659,8683,8684,8687,8688,8689,8696,8710,8719,8720,8721,8723,8739,8749,8750,8751,8752,8753,8754,8769,8770,8778,8806,8807,8808,8809,8810,8812,8813,8814,8818,8826,8850,8853,8855,8885,8886,8887,8888,8889,8890,8892,8893,8894,8902,8919,8926,8934,8952,8955,8967,8968,8969,8970,8972,8997,8998,8999,9000,9003,9007,9008,9009,9024,9025,9050,9051,9052,9056,9057,9091,9092,9115,9118,9122,9123,9126,9127,9130,9131,9132,9133,9137,9141,9142,9146,9173,9175,9176,9177,9178,9179,9180,9182,9183,9184,9185,9186,9191,9192,9226,9227,9228,9233,9245,9250,9253,9254,9261,9263,9264,9265,9266,9267,9268,9269,9270,9271,9272,9273,9274,9275,9281,9287,9290,9291,9295,9298,9299,9315,9327,9347,9348,9435,9451,9452,9463,9465,9469,9472,9478,9499,9504,9507,9508,9511,9514,9517,9518,9520,9521,9522,9523,9525,9526,9527,9528,9532,9533,9535,9545,9551,9553,9572,9611,9625,9627,9629,9630,9632,9633,9636,9637,9638,9639,9650,9656,9685,9686,9694,9695,9728,9730,9734,9740,9761,9840,9841,9859,9860,9861,9862,9863,9864,9865,9866,9867,9868,9869,9870,9871,9872,9873,9874,9953,9954,9964,9965,9981,9993,9996,9998,10040,10079,10089,10092,10098,10102,10116,10143,10152,10159,10161,10170,10174,10175,10176,10177,10182,10185,10190,10191,10194,10198,10201,10205,10208,10209,10210,10216,10219,10243,10254,10255,10266,10267,10268,10340,10350,10354,10357,10358,10418,10453,10455,10458,10459,10461,10462,10463,10464,10490,10501,10536,10537,10538,10539,10540,10553,10554,10559,10562,10608,10619,10622,10623,10653,10703,10713,10720,10721,10723,10724,10725,10727,10728,10729,10734,10782,10788,10799,10804,10814,10825,10852,10853,10868,10880,10893,10894,10897,10898,10899,10912,10913,10918,10977,10981,10982,10984,10996,10999,11000,11003,11004,11005,11006,11008,11009,11010,11035,11054,11061,11070,11072,11084,11085,11099,11100,11108,11116,11117,11118,11124,11126,11127,11128,11129,11130,11131,11132,11133,11135,11136,11137,11139,11142,11239,11240,11308,11314,11385,11388,11389,11400,11401,11402,11410,11416,11417,11425,11427,11428,11432,11472,11494,11495,11521,11526,11529,11530,11532,11537,11541,11543,11544,11570,11588,11595,11596,11597,11600,11601,11603,11609,11610,11611,11612,11613,11614,11615,11616,11617,11619,11623,11626,11631,11636,11652,11656,11657,11669,11670,11675,11676,11677,11678,11679,11681,11682,11683,11689,11693,11694,11696,11714,11716,11718,11720,11722,11727,11733,11735,11736,11751,11752,11753,11757,11758,11762,11777,11780,11793,11806,11823,11831,11838,11839,11846,11852,11853,11861,11864,11865,11867,11875,11877,11878,11882,11883,11891,11892,11894,11895,11896,11897,11899,11903,11912,11920,11925,11929,11931,11932,11938,11942,11951,11952,11953,11960,11977,11978,11981,11985,11987,11988,11989,11993,11997,11998,11999,12095,12115,12116,12119,12123,12175,12184,12195,12196,12197,12198,12199,12200,12201,12202,12203,12204,12205,12206,12207,12208,12211,12212,12225,12246,12261,12275,12281,12292,12360,12363,12364,12396,12398,12438,12449,12453,12454,12458,12468,12470,12481,12495,12496,12538,12539,12540,12560,12562,12563,12564,12568,12573,12574,12577,12578,12580,12587,12596,12627,12634,12654,12680,12720,12735,12738,12739,12741,12748,12751,12774,12775,12776,12777,12778,12789,12798,12810,12874,12876,12877,12880,12896,12897,12923,12924,12933,12934,12957,12961,12964,13080,13086,13158,13159,13161,13162,13163,13168,13169,13170,13177,13178,13179,13180,13181,13182,13185,13250,13278,13280,13327,13328,13344,13437,13438,13473,13509,13510,13585,13586,13636,13639,13640,13641,13643,13649,13650,13651,13690,13703,13719,13743,13744,13745,13766,13768,13785,13799,13804,13805,13816,13817,13819,13822,13823,13841,13844,13863,13868,13874,13894,13901,13902,13903,13904,13905,13906,13907,13908,13909,13910,13915,13916,13920,14012,14037,14096,14116,14149,14150,14151,14173,14227,14261,14262,14321,14324,14330,14331,14332,14335,14338,14344,14349,14455,14487,14490,14493,14497,14523,14542,14543,14547,14604,14605,14610,14611,14612,14620,14626,14629,14630,14631,14633,14635,14636,14637,14639,14640,14641,14643,14671,14704,14715,14718,14724,14729,14737,14742,14745,14784,14786,14787,14792,14834,14858,14872,14873,14890,14907,14908,14954,14958,14974,14975,14976,14977,14985,14994,14996,15068,15076,15077,15079,15080,15085,15086,15096,15098,15099,15100,15101,15102,15105,15131,15212,15239,15267,15268,15278,15280,15281,15286,15288,15289,15296,15298,15300,15308,15320,15321,15335,15337,15338,15340,15341,15342,15343,15344,15375,15412,15429,15494,15512,15514,15516,15527,15536,15537,15538,15566,15579,15582,15583,15584,15585,15586,15591,15592,15594,15595,15596,15597,15638,15668,15679,15680,15682,15684,15732,15733,15739,15741,15744,15745,15791,15797,15820,15821,15864,15865,15867,15871,15925,15936,15937,15941,15956,15968,15969,15971,15980,15990,15991,15992,15993,15995,15999,16018,16020,16021,16023,16026,16027,16031,16032,16036,16063,16064,16065,16066,16067,16068,16069,16079,16080,16081,16083,16084,16085,16086,16087,16090,16091,16096,16098,16099,16107,16108,16115,16116,16118,16119,16120,16124,16127,16132,16134,16137,16140,16141,16142,16143,16144,16148,16152,16161,16167,16170,16171,16180,16190,16198,16205,16210,16213,16226,16227,16228,16235,16240,16241,16242,16243,16244,16245,16246,16247,16248,16254,16255,16256,16257,16258,16259,16260,16261,16263,16264,16267,16272,16277,16278,16279,16280,16281,16283,16284,16285,16296,16297,16298,16299,16300,16301,16302,16303,16304,16305,16306,16307,16308,16324,16325,16327,16329,16332,16333,16335,16353,16354,16370,16388,16398,16409,16455,16480,16502,16507,16508,16514,16516,16517,16518,16520,16521,16539,16569,16572,16573,16574,16575,16592,16615,16619,16638,16648,16655,16659,16688,16693,16694,16711,16721,16722,16740,16772,16786,16797,16798,16809,16810,16820,16823,16829,16830,16831,16853,16855,16869,16873,16874,16892,16906,16910,16920,16935,16936,16938,16944,16945,16950,16951,16952,16953,16956,16959,16960,16965,16967,16969,16973,16975,16981,16986,17015,17017,17021,17022,17023,17026,17030,17059,17067,17077,17079,17080,17081,17082,17085,17086,17087,17088,17089,17090,17091,17092,17093,17094,17095,17096,17097,17098,17099,17100,17101,17114,17118,17121,17122,17129,17133,17135,17136,17146,17147,17148,17158,17172,17174,17175,17177,17180,17182,17185,17187,17188,17192,17193,17194,17199,17218,17219,17220,17268,17269,17283,17284,17288,17289,17296,17300,17329,17338,17340,17341,17346,17356,17357,17358,17388,17389,17390,17391,17400,17417,17483,17495,17496,17497,17499,17500,17501,17502,17503,17510,17511,17566,17568,17580,17583,17584,17589,17596,17631,17635,17638,17663,17678,17696,17700,17701,17709,17716,17720,17724,17730,17731,17732,17772,17773,17774,17776,17780,17781,17794,17799,17803,17812,17813,17864,17869,17874,17875,17877,17882,17885,17909,17911,17914,17927,17929,17932,17936,17937,17942,17943,17944,17945,17953,17961,17962,17963,18004,18013,18014,18041,18056,18058,18081,18094,18109,18110,18119,18132,18142,18143,18149,18151,18156,18165,18171,18179,18219,18235,18242,18248,18272,18277,18278,18282,18297,18316,18318,18319,18323,18327,18366,18373,18436,18474,18492,18495,18496,18498,18500,18501,18506,18509,18511,18515,18522,18527,18528,18532,18534,18543,18544,18547,18549,18568,18570,18574,18595,18602,18612,18615,18616,18631,18640,18641,18643,18672,18675,18676,18677,18680,18681,18682,18686,18700,18701,18710,18711,18712,18713,18716,18722,18765,18768,18769,18770,18771,18772,18796,18797,18799,18800,18822,18868,18869,18871,18895,18913,18957,18971,18980,18982,18983,18985,19019,19035,19042,19044,19077,19085,19086,19087,19092,19093,19123,19157,19169,19197,19221,19222,19247,19251,19260,19268,19298,19316,19326,19357,19364,19379,19383,19388,19407,19413,19417,19419,19429,19438,19439,19448,19449,19452,19471,19480,19496,19554,19555,19613,19618,19621,19639,19640,19656,19657,19658,19659,19660,19661,19663,19665,19666,19667,19668,19669,19681,19687,19688,19707,19708,19709,19711,19712,19713,19724,19730,19731,19733,19738,19739,19740,19741,19743,19746,19747,19748,19749,19750,19751,19801,19802,19805,19819,19840,19889,19918,19943,19968,19970,19971,19981,19985,19991,19996,19997,20022,20033,20036,20039,20040,20059,20060,20061,20062,20064,20070,20079,20085,20086,20087,20092,20093,20094,20096,20097,20098,20112,20113,20116,20117,20120,20121,20122,20124,20129,20135,20136,20137,20143,20145,20148,20151,20161,20162,20190,20197,20206,20207,20208,20209,20211,20212,20213,20215,20216,20218,20220,20221,20225,20230,20236,20237,20241,20255,20256,20257,20270,20284,20287,20290,20307,20312,20317,20318,20320,20324,20329,20330,20335,20339,20340,20345,20350,20354,20355,20356,20358,20367,20368,20369,20370,20374,20377,20378,20379,20380,20381,20387,20389,20392,20394,20396,20397,20398,20400,20403,20419,20422,20423,20424,20428,20429,20430,20433,20434,20435,20436,20437,20438,20440,20442,20443,20444,20446,20451,20474,20475,20476,20479,20480,20481,20482,20483,20486,20487,20488,20489,20490,20497,20498,20499,20502,20503,20504,20510,20512,20515,20533,20536,20540,20541,20544,20553,20556,20561,20562,20563,20564,20573,20575,20582,20585,20592,20593,20608,20609,20611,20613,20616,20618,20619,20621,20624,20632,20636,20637,20638,20640,20649,20650,20652,20653,20655,20657,20659,20665,20666,20671,20678,20698,20731,20732,20741,20767,20768,20770,20778,20780,20795,20817,20840,20897,21032,21039,21054,21064,21065,21073,21098,21111,21133,21136,21137,21145,21154,21159,21160,21187,21188,21217,21220,21229,21230,21258,21282,21297,21306,21309,21341,21374,21388,21413,21415,21435,21438,21440,21441,21442,21444,21448,21449,21453,21454,21455,21518,21523,21545,21557,21633,21655,21657,21659,21709,21710,21711,21729,21744,21745,21748,21750,21760,21792,21806,21813,21815,21817,21826,21828,21829,21830,21832,21833,21834,21836,21843,21848,21849,21857,21858,21859,21861,21862,21868,21875,21880,21885,21891,21892,21893,21895,21899,21900,21904,21905,21913,21915,21918,21923,21925,21928,21930,21936,21937,21940,21945,21960,21962,22009,22010,22012,22023,22024,22059,22061,22062,22070,22079,22094,22111,22123,22145,22172,22176,22177,22227,22235,22247,22274,22275,22310,22330,22331,22332,22344,22345,22348,22353,22355,22356,22357,22359,22360,22376,22377,22389,22392,22398,22444,22446,22449,22450,22460,22498,22507,22508,22533,22534,22547,22560,22561,22563,22565,22580,22588,22650,22658,22659,22663,22668,22670,22672,22673,22674,22676,22719,22723,22731,22734,22735,22750,22751,22752,22764,22782,22787,22837,22848,22854,22855,22856,22858,22859,22862,22863,22864,22876,22906,22953,22969,22979,22980,23029,23032,23044,23050,23066,23067,23074,23076,23077,23081,23082,23084,23107,23113,23117,23132,23133,23135,23137,23138,23143,23144,23146,23150,23151,23152,23155,23156,23170,23174,23186,23194,23205,23215,23222,23225,23226,23240,23246,23264,23265,23266,23267,23268,23269,23271,23273,23274,23275,23279,23281,23288,23298,23300,23303,23304,23308,23311,23314,23318,23327,23328,23335,23341,23346,23347,23348,23351,23357,23361,23363,23364,23365,23366,23367,23369,23390,23391,23392,23393,23406,23412,23413,23414,23415,23416,23418,23419,23421,23422,23427,23429,23431,23432,23434,23437,23444,23448,23452,23453,23454,23455,23461,23464,23469,23470,23472,23475,23478,23484,23485,23486,23498,23500,23512,23514,23516,23519,23521,23522,23523,23524,23525,23526,23541,23542,23558,23559,23561,23564,23574,23575,23576,23577,23580,23581,23584,23585,23587,23588,23589,23590,23592,23598,23599,23600,23601,23606,23607,23608,23612,23613,23620,23621,23623,23624,23631,23639,23647,23649,23651,23654,23655,23656,23657,23663,23666,23667,23669,23671,23672,23673,23679,23681,23683,23684,23685,23686,23688,23691,23692,23698,23705,23706,23708,23709,23712,23718,23723,23726,23727,23731,23733,23734,23735,23736,23737,23740,23741,23743,23744,23745,23746,23748,23749,23750,23751,23754,23755,23756,23757,23758,23760,23764,23768,23769,23770,23771,23772,23773,23774,23775,23776,23779,23780,23781,23782,23783,23784,23790,23791,23792,23794,23795,23796,23798,23799,23800,23801,23802,23803,23805,23806,23807,23808,23809,23810,23813,23814,23823,23838,23839,23841,23851,23852,23853,23854,23855,23856,23860,23862,23863,23866,23867,23868,23869,23871,23872,23873,23874,23875,23876,23878,23880,23882,23883,23888,23889,23890,23896,23898,23907,23931,23937,23940,23943,23953,23954,23955,23961,23962,23971,23972,23973,23974,23977,23978,23980,23981,23982,23991,24016,24030,24031,24033,24039,24040,24041,24042,24043,24047,24051,24067,24075,24083,24084,24085,24087,24088,24089,24090,24100,24101,24103,24107,24108,24109,24110,24116,24125,24131,24137,24138,24139,24146,24149,24156,24157,24158,24159,24162,24164,24166,24167,24168,24173,24175,24176,24192,24194,24195,24197,24204,24207,24208,24214,24215,24216,24219,24222,24225,24229,24230,24231,24232,24238,24243,24244,24247,24248,24250,24251,24252,24256,24259,24260,24261,24262,24263,24264,24271,24284,24285,24288,24294,24298,24299,24304,24310,24311,24313,24315,24322,24328,24332,24342,24343,24351,24355,24356,24357,24365,24366,24367,24368,24369,24370,24371,24372,24374,24380,24387,24388,24389,24391,24392,24394,24395,24396,24402,24403,24404,24405,24406,24407,24411,24433,24447,24492,24501,24510,24514,24520,27521,30849,33931,38020,40339,40340,40341,40342,40343,40344,40346,40360,40361,40363,40410,42410,44026,44027,44804,45933,46746,47918,47919,63586,73488,73489,73490,73497,73499,73503,73506,73507,73508,73515,73518,73519,73522,73523,73524,73525,73529,73534,73540,73548,73549,73550,73551,73554,73555,73557,73569,73575,73584,73595,73596,73600,73618,73620,73624,73640,73669,73701,73730,73778,73780,73784,73785,73789,73791,73793,73798,73799,73802,73803,73815,73838,73843,73848,73850,73891,73901,73909,73910,73913,73918,73920,73921,73922,73935,73958,73959,73961,73967,74002,74003,74005,74021,74078,74081,74084,74086,74087,74088,74102,74103,74104,74106,74107,74109,74116,74119,74123,74126,74128,74147,74157,74159,74162,74168,74196,74211,74218,74223,74224,74231,74237,74283,74313,74355,74360,74371,74376,74382,74385,74386,74387,74404,74405,74432,74434,74438,74445,74446,74474,74476,74486,74583,74585,74596,74605,74606,74638,74639,74640,74649,74662,74666,74672,74697,74705,74710,74711,74715,74716,74733,74743,74746,74750,74756,74768,74783,74785,74786,74789,74790,74792,74793,74806,74813,74815,74833,74852,74856,74874,74875,74893,74895,74897,74899,74902,74903,74904,74905,74908,74915,74917,74923,74924,74925,74926,74936,74948,74949,74950,74954,74955,74956,74968,74969,74970,74971,74972,74973,74974,74975,74980,74984,75005,75006,75029,75030,75035,75036,75042,75049,75061,75062,75063,75082,75084,75096,75123,75124,75150,75152,75161,75163,75165,75174,75175,75185,75226,75232,75241,75246,75252,75261,75280,75281,75282,75283,75315,75316,75320,75326,75327,75331,75373,75379,75382,75389,75412,75413,75424,75465,75468,75470,75474,75520,75529,75549,75575,75576,75577,75581,75586,75598,75599,75610,75612,75613,75614,75617,75647,75649,75650,75653,75656,75661,75662,75666,75668,75669,75683,75692,75697,75710,75778,75793,75801,75818,75823,75831,75834,75836,75837,75839,75840,75845,75855,75859,75877,75878,75889,75925,75928,75929,75947,75955,75989,75990,75997,75998,75999,76001,76002,76004,76007,76025,76027,76034,76038,76039,76042,76044,76049,76050,76051,76055,76056,76057,76060,76061,76062,76074,76075,76079,76101,76119,76121,76122,76123,76124,76125,76126,76131,76132,76161,76164,76167,76173,76176,76180,76181,76219,76225,76226,76252,76256,76259,76260,76274,76281,76290,76308,76351,76388,76439,76461,76470,76486,76487,76489,76499,76547,76549,76564,76565,76571,76640,76644,76645,76646,76647,76659,76662,76664,76691,76693,76696,76697,76698,76699,76710,76712,76714,76715,76720,76729,76730,76731,76732,76733,76737,76739,76741,76743,76744,76746,76751,76772,76773,76774,76779,76780,76781,76807,76808,76809,76823,76824,76825,76876,76918,76937,76957,76966,76969,76970,77010,77014,77019,77034,77036,77038,77039,77040,77044,77047,77048,77049,77050,77051,77052,77053,77054,77055,77056,77057,77058,77060,77061,77062,77063,77074,77075,77079,77081,77088,77089,77101,77102,77103,77114,77116,77174,77181,77184,77185,77223,77277,77300,77301,77303,77304,77305,77328,77334,77337,77338,77342,77344,77346,77347,77349,77364,77398,77400,77402,77403,77405,77407,77408,77410,77411,77414,77415,77419,77425,77426,77427,77428,77432,77433,77435,77436,77461,77462,77480,77488,77501,77512,77513,77514,77516,77518,77520,77528,77530,77532,77564,77576,77579,77593,77595,77596,77599,77600,77617,77618,77619,77622,77623,77626,77634,77635,77639,77683,77684,77687,77696,77706,77739,77753,77754,77777,77792,77831,77833,77840,77845,77867,77868,77869,77871,77872,77873,77874,77877,77879,77888,77911,77917,77934,77935,77936,77985,77997,77999,78008,78009,78022,78031,78038,78040,78053,78055,78056,78069,78079,78122,78125,78130,78137,78146,78192,78193,78211,78212,78213,78214,78215,78220,78226,78227,78228,78229,78230,78231,78232,78233,78234,78235,78236,78237,78238,78239,78240,78241,78242,78245,78254,78255,78256,78257,78260,78261,78262,78263,78271,78272,78273,78274,78275,78277,78278,78279,78281,78296,78299,78300,78301,78303,78311,78314,78316,78319,78321,78324,78326,78327,78328,78339,78340,78341,78343,78344,78345,78348,78349,78351,78352,78354,78357,78359,78362,78363,78364,78365,78366,78370,78375,78376,78379,78380,78388,78389,78393,78394,78396,78397,78408,78412,78466,78496,78514,78520,78539,78549,78552,78553,78566,78602,78634,78665,78688,78696,78697,78698,78699,78700,78738,78739,78740,78745,78774,78777,78784,78785,78786,78787,78788,78789,78790,78791,78793,78794,78795,78796,78797,78798,78799,78802,78803,78809,78817,78818,78822,78832,78833,78834,78835,78836,78837,78838,78844,78845,78847,78848,78849,78853,78854,78856,78859,78861,78863,78865,78874,78882,78885,78887,78898,78912,78913,78914,78915,78916,78917,78919,78920,78925,78934,78937,78938,78939,78940,78941,78945,78946,78948,78953,78954,78956,78962,78965,78976,78981,78986,78987,78990,78993,78996,78997,78998,78999,79003,79007,79010,79014,79039,79040,79041,79054,79057,79058,79062,79068,79084,79087,79091,79092,79093,79094,79096,79097,79099,79100,79101,79102,79103,79104,79105,79106,79107,79108,79109,79110,79111,79113,79115,79116,79119,79120,79121,79122,79123,79127,79128,79129,79131,79132,79133,79143,79144,79145,79146,79147,79148,79149,79150,79151,79152,79153,79154,79155,79156,79157,79158,79159,79160,79161,79162,79163,79164,79168,79169,79170,79171,79176,79182,79183,79185,79187,79188,79189,79190,79191,79192,79197,79198,79205,79206,79211,79212,79217,79219,79220,79225,79232,79237,79242,79244,79245,79247,79252,79254,79258,79263,79264,79265,79267,79268,79270,79275,79283,79284,79287,79288,79289,79290,79293,79294,79295,79297,79298,79299,79309,79316,79318,79320,79327,79329,79331,79339,79340,79341,79342,79346,79372,79376,79386,79389,79398,79407,79409,79427,79446,79478,79483,79484,79485,79486,79488,79495,79496,79497,79498,79500,79501,79503,79504,79506,79507,79512,79513,79514,79515,79521,79541,79542,79543,79560,79576,79581,79583,79585,79587,79682,79683,79684,79688,79695,79700,79701,79702,79753,79756,79803,79821,79841,79858,79859,79860,79863,79864,79871,79872,79881,79897,79935,79937,79938,79939,79940,79941,79943,79945,79946,79948,79949,79967,79998,80011,80058,80059,80060,80061,80062,80071,80072,80073,80074,80080,80099,80103,80104,80106,80110,80111,80126,80153,80156,80168,80169,80170,80189,80224,80237,80238,80268,80274,80278,80280,80281,80282,80284,80293,80299,80307,80308,80309,80312,80318,80328,80338,80339,80340,80360,80361,80363,80386,80393,80396,80397,80398,80399,80406,80414,80419,80434,80445,80451,80454,80455,80456,80457,80485,80490,80491,80496,80511,80517,80521,80522,80523,80524,80525,80528,80532,80533,80534,80535,80536,80541,80543,80550,80551,80552,80553,80555,80556,80557,80558,80559,80564,80567,80570,80571,80572,80574,80578,80579,80580,80581,80582,80588,80597,80615,80616,80622,80625,80650,80678,80680,80709,80710,80713,80718,80719,80720,80740,80743,80747,80748,80750,80751,80753,80765,80766,80767,80771,80772,80773,80774,80780,80806,80811,80821,80887,80980,81054,81056,81057,81060,81090,81092,81096,81122,81129,81150,81209,81215,81223,81243,81244,81245,81273,81282,81285,81286,81287,81290,81291,81295,81305,81308,81310,81311,81313,81314,81316,81322,81327,81330,81332,81336,81338,81340,81348,81382,81395,81396,81417,81419,81433,81440,81472,81489,81490,81502,81517,81523,81528,81529,81542,81543,81545,81548,81549,81551,81552,81556,81562,81563,81565,81566,81576,81577,81582,81584,81587,81590,81591,81600,81601,81602,81604,81605,81607,81611,81612,81613,81614,81615,81616,81617,81618,81619,81620,81621,81622,81623,81624,81634,81651,81655,81661,81664,81665,81669,81674,81675,81676,81677,81678,81680,81681,81682,81683,81684,81685,81686,81687,81688,81689,81698,81701,81705,81709,81710,81714,81717,81718,81723,81730,81733,81734,81736,81737,81740,81741,81742,81743,81744,81746,81753,81760,81761,81764,81767,81769,81770,81772,81785,81787,81788,81790,81792,81793,81797,81802,81803,81804,81805,81806,81807,81816,81820,81822,81825,81827,81828,81830,81831,81855,81856,81861,81869,81870,81871,81877,81881,81884,81893,81914,81916,81919,81920,81921,81922,81923,81925,81927,81936,81938,81939,81940,81941,81942,81944,81947,81950,81951,81961,81962,81986,81987,81988,81998,82000,82001,82002,82009,82010,82011,82012,82013,82014,82017,82019,82021,82022,82023,82028,82031,82034,82043,82044,82051,82052,82053,82057,82058,82061,82066,82068,82069,82071,82072,82075,82076,82080,82084,82085,82086,82087,82089,82090,82091,82094,82097,82099,82100,82103,82110,82112,82113,82121,82122,82126,82131,82133,82142,82143,82148,82150,82152,82153,82156,82157,82161,82163,82168,82170,82171,82172,82173,82174,82175,82176,82184,82186,82187,82189,82190,82191,82192,82193,82194,82195,82197,82199,82201,82215,82218,82220,82222,82227,82228,82230,82231,82235,82239,82240,82241,82244,82252,82258,82262,82268,82270,82271,82272,82273,82274,82275,82276,82280,82283,82285,82286,82288,82289,82290,82291,82292,82293,82294,82295,82298,82299,82302,82306,82307,82309,82315,82316,82323,82324,82332,82334,82335,82336,82341,82344,82348,82349,82351,82352,82358,82366,82378,82387,82393,82399,82452,82466,82469,82472,82473,82475,82477,82478,82479,82482,82486,82487,82491,82492,82494,82495,82496,82497,82498,82507,82514,82517,82522,82523,82524,82525,82529,82530,82534,82536,82542,82543,82544,82549,82550,82563,82569,82571,82578,82579,82582,82585,82587,82588,82590,82592,82596,82597,82598,82605,82614,82619,82623,82626,82627,82630,82632,82633,82635,82637,82638,82640,82652,82655,82660,82661,82665,82666,82670,82671,82672,82676,82678,82679,82685,82686,82688,82689,82690,82694,82695,82696,82699,82700,82707,82708,82711,82712,82713,82717,82718,82719,82720,82722,82723,82726,82729,82737,82738,82739,82741,82743,82748,82749,82750,82756,82758,82759,82765,82769,82770,82771,82773,82774,82775,82777,82779,82781,82783,82785,82794,82796,82801,82802,82806,82807,82808,82809,82811,82814,82815,82816,82827,82829,82830,82836,82840,82844,82848,82849,82851,82853,82856,82867,82873,82878,82880,82881,82886,82888,82889,82895,82897,82906,82907,82913,82917,82918,82919,82921,82922,82924,82926,82932,82935,82937,82938,82942,82943,82946,82956,82957,82960,82962,82967,82969,82971,82973,82974,82977,82981,82984,82990,82991,82992,82993,82995,82996,82998,83000,83002,83006,83010,83018,83019,83020,83021,83030,83032,83033,83043,83044,83045,83046,83047,83049,83050,83058,83059,83064,83065,83066,83067,83068,83070,83071,83074,83075,83076,83079,83083,83084,83086,83095,83097,83105,83113,83120,83121,83134,83135,83142,83145,83146,83148,83149,83151,83155,83160,83161,83162,83163,83164,83165,83167,83168,83169,83170,83171,83173,83174,83175,83177,83185,83192,83205,83208,83214,83218,83220,83221,83223,83225,83230,83233,83237,83238,83239,83241,83252,83255,83260,83263,83264,83267,83278,83283,83284,83290,83292,83303,83310,83313,83319,83321,83323,83325,83326,83327,83332,83335,83338,83339,83343,83344,83346,83347,83352,83354,83357,83360,83362,83365,83382,83385,83392,83394,83395,83397,83403,83407,83408,83411,83412,83414,83415,83418,83419,83420,83424,83426,83433,83435,83436,83438,83441,83447,83448,83452,83453,83455,83461,83463,83464,83466,83467,83468,83474,83483,83487,83493,83497,83504,83505,83506,83513,83537,83548,83549,83551,83552,83557,83563,83564,83565,83569,83571,83578,83579,83600,83602,83604,83608,83610,83614,83615,83618,83621,83623,83625,83626,83627,83628,83629,83630,83634,83636,83637,83643,83644,83646,83649,83653,83665,83672,83673,83675,83676,83679,83682,83686,83692,83697,83698,83704,83709,83714,83717,83719,83723,83725,83728,83740,83746,83753,83754,83755,83756,83763,83764,83767,83769,83775,83794,83798,83810,83811,83813,83815,83817,83829,83830,83831,83832,83834,83836,83839,83841,83842,83851,83852,83853,83864,83865,83866,83867,83868,83869,83870,83874,83875,83876,83877,83897,83922,83923,83924,83925,83934,83944,83945,83946,83948,83949,83950,83951,83957,83958,83959,83960,83965,83969,83971,83972,83973,83974,83975,83979,83980,83985,83989,83999,84008,84009,84010,84015,84024,84025,84029,84041,84049,84050,84055,84059,84063,84071,84073,84074,84075,84077,84081,84087,84088,84090,84093,84095,84096,84097,84098,84099,84104,84105,84116,84118,84120,84121,84128,84129,84130,84133,84134,84135,84139,84141,84142,84143,84145,84149,84160,84161,84164,84165,84175,84191,84201,84202,84211,84215,84217,84220,84221,84227,84229,84230,84233,84238,84240,84242,84248,84249,84251,84252,84254,84271,84272,84273,84274,84275,84283,84284,84287,84288,84289,84290,84292,84302,84306,84307,84308,84317,84318,84336,84338,84339,84341,84342,84343,84365,84368,84373,84384,84385,84387,84388,84392,84393,84394,84400,84403,84408,84409,84412,84413,84415,84417,84418,84425,84440,84443,84452,84454,84459,84463,84476,84484,84494,84503,84504,84506,84524,84525,84526,84527,84528,84533,84535,84539,84541,84542,84564,84565,84576,84577,84578,84583,84589,84591,84596,84598,84601,84608,84611,84612,84618,84626,84629,84632,84635,84639,84641,84652,84657,84659,84660,84661,84662,84663,84665,84672,84679,84701,84705,84708,84718,84719,84720,84722,84723,84725,84726,84729,84730,84732,84737,84741,84742,84745,84747,84748,84749,84779,84793,84794,84795,84796,84805,84817,84819,84821,84825,84827,84834,84835,84837,84839,84842,84843,84853,84870,84872,84874,84879,84910,84938,84950,84951,84953,84954,84956,84959,84968,84971,84976,84985,84987,84993,84994,84997,84998,85001,85003,85004,85005,85008,85010,85011,85013,85014,85015,85017,85018,85022,85023,85027,85028,85029,85030,85031,85032,85049,85050,85051,85052,85056,85057,85059,85081,85082,85083,85085,85086,85087,85095,85101,85102,85129,85133,85135,85180,85184,85189,85190,85191,85192,85193,85194,85195,85198,85213,85214,85229,85235,85241,85280,85282,85320,85338,85357,85402,85407,85411,85413,85419,85420,85421,85423,85424,85427,85432,85433,85436,85437,85438,85439,85440,85444,85446,85451,85466,85471,85473,85474,85476,85477,85541,85554,85563,85564,85570,85572,85574,85580,85581,85586,85587,85588,85589,85590,85593,85684,85687,85688,85692,85693,85696,85697,85698,85700,85701,85702,85703,85706,85710,85714,85715,85716,85717,85718,85726,85733,85736,85744,85745,85746,85748,85755,85757,85759,85768,85769,85772,85779,85780,85788,85789,85791,85792,85802,85808,85815,85816,85817,85818,85819,85820,85841,85842,85844,85851,85853,85854,85879,85884,85885,85889,85890,85905,85906,85907,85908,85909,85910,85913,85926,85929,85930,85931,85932,85933,85934,85940,85947,85948,85949,85950,85952,85953,85954,85956,85959,85968,85969,85971,85972,85973,85974,85976,85978,85982,85985,85986,85987,85988,85992,85993,85995,85996,85997,86002,86003,86004,86010,86016,86024,86025,86034,86035,86051,86053,86062,86066,86067,86083,86088,86092,86093,86108,86109,86115,86119,86120,86123,86129,86137,86138,86144,86145,86146,86147,86151,86153,86160,86167,86168,86169,86174,86176,86183,86187,86192,86193,86194,86201,86215,86216,86218,86220,86254,86255,86260,86261,86262,86263,86266,86270,86278,86279,86303,86304,86307,86308,86309,86311,86314,86315,86316,86317,86318,86364,86381,86396,86451,86463,86465,86466,86468,86469,86470,86487,86490,86492,86496,86497,86498,86499,86500,86501,86510,86531,86539,86541,86556,86557,86569,86578,86579,86581,86599,86600,86608,86609,86611,86612,86628,86631,86634,86641,86648,86650,86651,86655,86658,86665,86666,86667,86669,86670,86673,86674,86680,86681,86682,86683,86684,86686,86688,86692,86694,86744,86749,86750,86752,86754,86757,86758,86769,86777,86784,86787,86799,86800,86801,86804,86807,86811,86813,86814,86815,86822,86831,86835,86837,86840,86841,86842,86843,86846,86847,86854,86855,86856,86857,86858,86863,86866,86867,86870,86882,86895,86896,86897,86902,86903,86904,86909,86910,86911,86912,86913,86922,86925,86926,86930,86931,86935,86936,86952,86958,86959,86961,86963,86968,86972,86976,86979,86985,86986,86987,86988,86989,86994,86996,86997,86998,86999,87000,87001,87002,87003,87004,87005,87009,87021,87023,87024,87026,87037,87038,87039,87040,87042,87047,87054,87055,87061,87062,87063,87068,87076,87079,87080,87082,87084,87086,87097,87099,87105,87117,87119,87120,87133,87135,87141,87142,87143,87144,87146,87149,87150,87156,87161,87162,87164,87165,87168,87170,87171,87177,87178,87181,87186,87190,87191,87194,87196,87198,87201,87203,87212,87236,87237,87238,87239,87240,87241,87242,87243,87244,87245,87246,87247,87248,87249,87250,87251,87252,87253,87254,87255,87256,87257,87258,87262,87263,87264,87265,87266,87267,87268,87269,87270,87271,87272,87273,87274,87275,87276,87277,87278,87279,87280,87281,87282,87283,87284,87285,87286,87287,87288,87289,87290,87291,87293,87294,87295,87296,87298,87299,87300,87301,87302,87303,87304,87305,87306,87307,87308,87309,87310,87311,87312,87313,87314,87315,87316,87317,87318,87319,87320,87321,87322,87323,87324,87325,87326,87327,87328,87329,87330,87331,87332,87333,87334,87335,87336,87337,87338,87339,87340,87341,87342,87343,87344,87345,87346,87347,87348,87350,87351,87352,87353,87354,87355,87356,87357,87358,87359,87360,87361,87362,87363,87364,87365,87366,87367,87368,87369,87370,87371,87372,87373,87375,87376,87377,87378,87379,87380,87381,87382,87386,87387,87388,87389,87390,87391,87392,87393,87394,87395,87396,87397,87398,87399,87400,87401,87402,87403,87404,87405,87406,87407,87408,87409,87410,87411,87412,87413,87414,87415,87416,87417,87418,87419,87420,87421,87422,87423,87424,87425,87426,87427,87428,87429,87430,87431,87432,87433,87434,87435,87436,87437,87438,87439,87440,87441,87442,87443,87444,87445,87446,87447,87448,87449,87450,87451,87452,87457,87458,87459,87460,87461,87462,87463,87464,87465,87466,87467,87468,87469,87470,87471,87472,87473,87474,87475,87476,87477,87478,87479,87480,87481,87482,87483,87484,87485,87486,87487,87488,87489,87490,87491,87492,87493,87494,87495,87497,87498,87499,87500,87501,87502,87503,87504,87505,87507,87508,87509,87510,87511,87512,87513,87514,87515,87516,87517,87518,87519,87520,87521,87525,87526,87527,87528,87529,87530,87531,87532,87533,87534,87535,87536,87537,87538,87539,87540,87541,87543,87544,87545,87546,87553,87555,87556,87557,87558,87559,87560,87561,87562,87563,87566,87567,87568,87569,87570,87571,87572,87573,87574,87575,87576,87577,87578,87579,87580,87581,87582,87583,87584,87585,87586,87587,87588,87589,87590,87591,87592,87593,87594,87595,87596,87597,87598,87599,87600,87601,87602,87603,87604,87605,87606,87607,87608,87609,87610,87611,87612,87613,87614,87615,87616,87617,87618,87619,87620,87621,87622,87623,87624,87625,87626,87627,87628,87629,87630,87631,87632,87633,87634,87635,87636,87637,87638,87639,87640,87641,87642,87643,87644,87645,87646,87647,87652,87654,87655,87656,87657,87658,87662,87684,87687,87688,87689,87696,87697,87698,87700,87703,87708,87710,87711,87714,87715,87716,87717,87720,87721,87723,87736,87748,87749,87757,87758,87770,87773,87776,87779,87787,87790,87792,87793,87801,87806,87807,87808,87810,87811,87812,87816,87821,87826,87827,87835,87836,87838,87839,87842,87843,87844,87848,87849,87850,87851,87854,87855,87856,87857,87858,87860,87868,87869,87870,87879,87882,87883,87884,87890,87892,87896,87897,87904,87905,87907,87909,87910,87911,87915,87922,87926,87930,87932,87934,87950,87953,87956,87964,87967,87969,87976,87980,87981,87995,88007,88008,88013,88017,88018,88019,88020,88021,88022,88023,88024,88025,88027,88028,88029,88034,88042,88045,88046,88057,88059,88060,88061,88066,88070,88071,88074,88076,88081,88082,88085,88086,88089,88094,88103,88104,88106,88107,88114,88115,88118,88122,88127,88128,88130,88131,88132,88134,88135,88139,88149,88166,88168,88170,88172,88184,88186,88187,88188,88189,88191,88192,88202,88221,88230,88231,88233,88239,88241,88242,88244,88253,88254,88257,88262,88266,88284,88287,88291,88294,88297,88298,88299,88301,88304,88305,88306,88307,88308,88309,88310,88311,88312,88313,88321,88323,88325,88327,88328,88329,88330,88340,88341,88347,88348,88349,88350,88353,88366,88367,88369,88370,88375,88378,88386,88391,88392,88393,88396,88398,88399,88400,88402,88403,88404,88405,88413,88415,88416,88417,88420,88421,88422,88423,88424,88425,88426,88427,88428,88429,88430,88431,88433,88434,88435,88436,88437,88438,88439,88440,88441,88442,88443,88444,88445,88446,88447,88448,88451,88454,88456,88458,88460,88461,88462,88463,88471,88474,88483,88493,88494,88495,88496,88497,88498,88499,88500,88501,88502,88503,88504,88505,88507,88508,88509,88510,88511,88512,88514,88516,88522,88524,88525,88526,88527,88528,88529,88530,88531,88532,88533,88534,88535,88536,88537,88538,88539,88540,88541,88542,88543,88544,88545,88546,88547,88548,88549,88553,88554,88556,88557,88558,88559,88560,88561,88562,88566,88567,88568,88569,88570,88571,88572,88573,88574,88575,88576,88577,88578,88579,88580,88581,88582,88583,88584,88585,88586,88588,88592,88597,88599,88600,88604,88605,88607,88608,88609,88610,88611,88612,88613,88614,88615,88616,88619,88627,88634,88635,88636,88642,88650,88658,88661,88663,88667,88669,88672,88674,88675,88676,88680,88684,88685,88688,88694,88698,88702,88704,88706,88707,88709,88710,88715,88717,88718,88719,88721,88725,88727,88733,88747,88751,88752,88755,88756,88757,88758,88770,88771,88772,88773,88774,88775,88777,88780,88790,88792,88795,88797,88802,88803,88807,88809,88813,88819,88824,88828,88834,88836,88837,88840,88841,88842,88843,88844,88849,88851,88854,88861,88862,88863,88864,88870,88882,88898,88902,88903,88904,88905,88906,88912,88914,88915,88919,88927,88931,88935,88937,88938,88939,88941,88948,88949,88950,88951,88952,88956,88957,88967,88968,88969,88971,88972,88973,88980,88984,88985,88986,88987,88988,88989,88990,88991,89058,89061,89062,89064,89065,89067,89069,89070,89071,89072,89073,89074,89075,89080,89086,89091,89092,89093,89094,89098,89106,89118,89121,89124,89142,89143,89146,89150,89151,89152,89153,89154,89155,89156,89157,89159,89163,89166,89167,89171,89172,89173,89176,89183,89185,89186,89193,89194,89196,89199,89202,89203,89204,89210,89211,89216,89217,89219,89220,89221,89222,89225,89227,89229,89230,89231,89233,89235,89236,89238,89240,89244,89246,89252,89254,89255,89256,89258,89264,89267,89268,89269,89271,89274,89275,89277,89291,89293,89296,89304,89307,89308,89311,89327,89332,89333,89336,89338,89341,89342,89343,89348,89352,89353,89354,89355,89357,89359,89369,89373,89382,89384,89385,89386,89387,89388,89389,89390,89391,89392,89393,89394,89395,89396,89400,89401,89402,89404,89415,89417,89418,89423,89424,89425,89426,89427,89428,89429,89430,89431,89432,89433,89434,89435,89436,89440,89445,89446,89448,89457,89460,89461,89466,89467,89468,89475,89481,89493,89494,89496,89497,89503,89505,89512,89516,89517,89520,89522,89526,89530,89532,89536,89538,89542,89543,89548,89556,89557,89558,89559,89561,89562,89567,89577,89582,89584,89585,89591,89610,89626,89631,89638,89643,89644,89646,89655,89663,89673,89678,89679,89687,89692,89693,89710,89711,89712,89714,89715,89720,89722,89724,89725,89726,89727,89728,89730,89756,89758,89762,89796,89797,89799,89803,89804,89856,89858,89859,89860,89864,89870,89873,89886,89892,89901,89914,89925,89935,89936,89937,89957,89958,89961,89962,89998,90020,90021,90022,90023,90026,90039,90062,90084,90173,90175,90177,90215,90218,90239,90310,90354,90356,90369,90370,90371,90372,90381,90403,90404,90449,90450,90455,90457,90460,90527,90540,90548,90549,90597,90599,90612,90617,90622,90624,90628,90629,90630,90631,90647,90661,90672,90696,90714,90716,90718,90719,90755,90756,90757,90761,90766,90778,90792,90809,90857,90871,90872,90876,90889,90902,90909,90910,90913,90933,90952,90953,90955,90959,90961,90962,90963,90965,90986,91005,91011,91019,91041,91045,91047,91084,91085,91090,91097,91105,91120,91126,91129,91146,91147,91222,91224,91227,91259,91260,91264,91266,91267,91285,91286,91296,91298,91299,91314,91333,91344,91345,91363,91378,91418,91443,91455,91458,91469,91483,91488,91491,91496,91497,91498,91506,91508,91519,91522,91570,91571,91592,91602,91603,91604,91613,91614,91615,91616,91629,91649,91661,91662,91663,91664,91667,91671,91676,91682,91697,91710,91711,91712,91728,91753,91756,91794,91796,91816,91844,91894,91912,91919,91920,91929,91930,91931,91932,91933,91956,91976,91977,91987,91988,91989,91994,91995,91999,92016,92026,92048,92051,92054,92058,92059,92091,92092,92095,92096,92097,92098,92103,92104,92107,92130,92135,92147,92167,92169,92175,92196,92203,92204,92207,92208,92209,92210,92211,92222,92224,92225,92226,92227,92235,92244,92260,92310,92316,92392,92407,92409,92415,92416,92434,92435,92470,92471,92474,92497,92498,92521,92578,92579,92624,92625,92631,92633,92634,92653,92697,92698,92741,92742,92791,92792,92793,92796,92801,92803,92804,92808,92809,92814,92830,92849,92861,92896,92911,92914,92920,92952,92963,92985,92999,93002,93006,93007,93008,93013,93015,93017,93020,93022,93042,93043,93048,93056,93059,93061,93062,93064,93067,93073,93081,93088,93101,93113,93118,93121,93127,93131,93132,93133,93134,93135,93136,93137,93138,93140,93144,93145,93147,93155,93156,93160,93161,93162,93172,93173,93174,93175,93179,93180,93181,93194,93195,93199,93201,93209,93211,93212,93217,93218,93220,93221,93222,93231,93232,93233,93234,93235,93246,93253,93254,93263,93264,93265,93269,93270,93271,93272,93283,93299,93300,93306,93307,93313,93314,93315,93316,93322,93323,93324,93325,93327,93328,93331,93337,93339,93341,93348,93349,93350,93351,93352,93354,93355,93365,93368,93369,93370,93371,93372,93373,93374,93375,93377,93384,93398,93399,93400,93401,93404,93412,93424,93434,93450,93451,93452,93453,93459,93465,93466,93467,93493,93494,93495,93504,93519,93530,93557,93569,93570,93576,93577,93578,93579,93585,93588,93591,93592,93595,93598,93599,93604,93606,93608,93615,93623,93625,93626,93641,93657,93665,93671,93672,93680,93681,93682,93683,93684,93685,93686,93687,93688,93689,93690,93695,93696,93697,93698,93699,93704,93705,93712,93725,93726,93727,93728,93729,93730,93731,93732,93733,93734,93735,93738,93739,93740,93741,93742,93743,93744,93745,93749,93752,93753,93756,93768,93769,93772,93775,93784,93786,93794,93795,93798,93800,93802,93803,93804,93810,93812,93813,93814,93815,93816,93817,93823,93832,93834,93835,93838,93839,93840,93841,93843,93844,93847,93848,93849,93850,93851,93852,93857,93860,93865,93866,93870,93871,93872,93876,93880,93885,93912,93913,93917,93919,93921,93923,93925,93934,93947,93955,93956,93963,93966,93967,93968,93969,93970,93971,93972,93973,93976,93977,93979,93982,93983,93995,93998,94000,94005,94006,94007,94008,94011,94019,94021,94027,94028,94029,94035,94036,94038,94039,94043,94044,94055,94058,94059,94060,94061,94062,94063,94064,94065,94066,94067,94068,94069,94083,94084,94085,94089,94090,94096,94097,94098,94103,94105,94107,94116,94118,94129,94131,94132,94133,94134,94135,94137,94140,94144,94145,94150,94166,94183,94184,94185,94186,94187,94189,94190,94193,94194,94197,94202,94240,94241,94250,94251,94253,94254,94264,94267,94272,94274,94275,94365,94366,94367,94370,94372,94400,94404,94435,94436,94437,94438,94442,94451,94452,94470,94473,94503,94525,94532,94534,94541,94546,94558,94586,94670,94674,94676,94768,94769,94770,94774,94775,94809,94816,94819,94832,94834,94837,94838,94873,94885,94888,94890,94892,94898,94908,94919,94920,94921,94924,94925,94927,94937,94940,94942,94959,94995,94996,94998,94999,95006,95007,95008,95010,95014,95015,95018,95025,95026,95031,95032,95048,95061,95063,95064,95074,95080,95102,95106,95109,95119,95123,95136,95148,95149,95155,95172,95222,95227,95238,95262,95275,95281,95286,95307,95308,95309,95326,95327,95337,95342,95346,95347,95356,95357,95358,95359,95360,95366,95374,95391,95401,95415,95416,95418,95419,95438,95439,95441,95442,95446,95478,95486,95487,95489,95490,95504,95505,95507,95508,95510,95512,95520,95521,95522,95523,95524,95525,95526,95527,95528,95540,95542,95549,95569,95580,95581,95586,95587,95590,95596,95597,95599,95600,95603,95624,95625,95626,95635,95644,95665,95670,95671,95678,95679,95681,95682,95714,95716,95719,95720,95736,95755,95756,95757,95758,95759,95760,95761,95762,95763,95767,95792,95794,95795,95800,95801,95803,95806,95807,95816,95818,95832,95834,95836,95839,95845,95849,95856,95857,95858,95859,95860,95861,95864,95865,95868,95869,95873,95874,95876,95877,95878,95879,95880,95886,95888,95890,95891,95893,95894,95896,95897,95901,95908,95911,95912,95915,95918,95919,95920,95922,95923,95924,95925,95926,95936,95967,95968,95970,95992,95995,95999,96001,96002,96003,96005,96007,96022,96023,96030,96033,96034,96038,96039,96040,96041,96042,96043,96044,96045,96047,96049,96050,96051,96052,96053,96056,96057,96058,96059,96062,96063,96064,96065,96066,96070,96071,96073,96074,96085,96086,96087,96088,96089,96101,96104,96105,96124,96138,96139,96144,96146,96157,96172,96173,96174,96182,96183,96188,96189,96202,96204,96205,96225,96233,96239,96240,96242,96244,96245,96247,96256,96257,96258,96282,96294,96296,96297,96298,96302,96303,96304,96309,96310,96313,96325,96326,96327,96328,96329,96330,96331,96338,96342,96343,96345,96347,96351,96372,96375,96376,96383,96391,96408,96409,96410,96411,96420,96424,96430,96432,96433,96437,96439,96451,96496,96506,96508,96509,96524,96538,96539,96560,96592,96599,96600,96602,96607,96608,96636,96637,96638,96790,96791,96800,96804,96809,96814,96829,96855,96859,96866,96867,96876,96883,96909,96910,96921,96930,96953,96964,96965,96966,96991,96992,97011,97012,97030,97124,97129,97145,97146,97148,97156,97176,97180,97183,97207,97208,97209,97210,97219,97231,97232,97233,97250,97260,97263,97272,97276,97279,97297,97298,97299,97300,97301,97302,97325,97326,97330,97331,97333,97334,97348,97350,97351,97352,97353,97354,97359,97361,97408,97414,97452,97453,97454,97470,97475,97506,97507,97521,97526,97527,97528,97530,97535,97537,97539,97541,97544,97570,97584,97586,97592,97596,97601,97603,97617,97619,97659,97660,97683,97687,97689,97699,97716,97719,97720,97736,97747,97749,97750,97751,97752,97753,97757,97759,97780,97781,97782,97783,97784,97788,97791,97793,97794,97795,97796,97797,97798,97799,97800,97801,97802,97803,97804,97805,97806,97807,97808,97809,97810,97811,97812,97813,97814,97815,97816,97818,97819,97820,97821,97822,97823,97826,97827,97828,97830,97831,97832,97834,97835,97836,97837,97842,97846,97847,97848,97849,97850,97851,97852,97853,97854,97855,97856,97857,97858,97859,97860,97861,97862,97863,97864,97865,97866,97867,97868,97869,97870,97871,97872,97873,97874,97876,97877,97878,97879,97884,97889,97890,97891,97892,97893,97894,97895,97896,97897,97898,97899,97900,97901,97902,97904,97905,97906,97907,97908,97909,97911,97912,97914,97915,97916,97917,97918,97919,97926,97927,97929,97930,97931,97932,97933,97934,97935,97936,97938,97939,97940,97941,97942,97943,97944,97945,97946,97947,97951,97958,97959,97960,97961,97962,97964,97967,97970,97971,97988,97989,97990,97991,97992,97997,97998,97999,98000,98003,98005,98006,98008,98010,98014,98015,98016,98025,98028,98030,98034,98037,98041,98042,98050,98051,98052,98055,98058,98063,98064,98067,98071,98072,98073,98086,98088,98090,98093,98100,98103,98110,98111,98115,98116,98117,98121,98122,98125,98126,98127,98128,98129,98130,98133,98134,98135,98136,98137,98138,98139,98140,98141,98142,98143,98151,98155,98157,98165,98178,98208,98219,98222,98224,98225,98230,98242,98245,98246,98247,98249,98250,98251,98252,98253,98254,98256,98260,98264,98269,98273,98274,98289,98290,98291,98292,98293,98294,98295,98310,98311,98312,98313,98314,98315,98316,98317,98319,98320,98321,98323,98324,98325,98328,98329,98332,98336,98339,98343,98350,98352,98355,98362,98363,98364,98371,98375,98385,98387,98391,98397,98398,98399,98400,98401,98408,98409,98410,98411,98416,98417,98419,98420,98421,98422,98423,98424,98433,98441,98443,98444,98445,98446,98448,98450,98461,98467,98471,98476,98477,98479,98480,98485,98487,98488,98489,98497,98501,98505,98506,98507,98510,98518,98519,98527,98537,98565,98566,98567,98568,98582,98583,98584,98624,98628,98629,98632,98635,98636,98637,98638,98639,98649,98653,98654,98660,98661,98662,98663,98664,98665,98666,98668,98671,98672,98673,98674,98675,98676,98677,98682,98683,98696,98699,98706,98707,98715,98716,98719,98723,98724,98731,98732,98736,98738,98739,98740,98742,98743,98744,98745,98746,98747,98749,98753,98760,98762,98763,98764,98765,98766,98769,98771,98772,98773,98774,98775,98776,98783,98784,98785,98796,98800,98801,98802,98803,98804,98812,98846,98856,98857,98870,98873,98874,98882,98883,98884,98885,98886,98887,98888,98889,98890,98893,98894,98898,98900,98903,98905,98907,98908,98909,98910,98913,98914,98915,98916,98919,98923,98927,98928,98929,98930,98932,98940,98941,98946,98948,98949,98950,98956,98958,98959,98960,98963,98964,98965,98967,98968,98969,98971,98972,98973,98974,98975,98977,98979,98987,98990,98991,98992,98993,99014,99016,99018,99022,99024,99025,99026,99027,99028,99029,99030,99036,99046,99047,99060,99061,99062,99063,99064,99065,99066,99067,99068,99069,99072,99073,99081,99082,99084,99086,99088,99089,99093,99116,99124,99125,99129,99168,99169,99170,99171,99172,99179,99215,99238,99244,99273,99285,99292,99297,99299,99314,99315,99335,99336,99383,99401,99402,99433,99471,99480,99481,99499,99526,99537,99542,99544,99547,99549,99556,99570,99571,99574,99576,99577,99578,99579,99583,99584,99590,99596,99598,99601,99606,99607,99609,99613,99615,99620,99622,99623,99636,99641,99672,99675,99709,99720,99722,99749,99758,99759,99760,99763,99774,99785,99804,99843,99844,99845,99847,99855,99856,99860,99935,99943,99945,99958,99959,99983,99990,100006,100014,100025,100038,100046,100047,100049,100050,100051,100052,100053,100057,100059,100060,100099,100102,100150,100156,100162,100163,100176,100178,100191,100193,100194,100206,100240,100241,100242,100244,100246,100256,100265,100266,100268,100269,100288,100291,100292,100295,100297,100300,100303,100304,100306,100308,100309,100312,100322,100323,100324,100326,100327,100332,100335,100337,100338,100340,100341,100342,100343,100344,100345,100352,100353,100354,100355,100356,100359,100367,100370,100379,100382,100388,100389,100393,100394,100395,100401,100413,100414,100432,100450,100459,100460,100466,100473,100474,100477,100483,100486,100489,100490,100491,100496,100502,100503,100506,100512,100513,100514,100515,100516,100518,100519,100525,100526,100548,100549,100552,100566,100573,100574,100575,100576,100581,100588,100589,100597,100598,100602,100604,100610,100623,100626,100628,100634,100635,100637,100645,100651,100654,100661,100662,100675,100678,100682,100694,100697,100698,100701,100703,100704,100705,100706,100709,100710,100715,100716,100720,100721,100726,100728,100729,100732,100733,100734,100735,100741,100747,100750,100751,100752,100777,100778,100779,100780,100781,100782,100784,100785,100786,100787,100796,100797,100799,100801,100804,100805,100807,100812,100813,100814,100815,100816,100818,100819,100820,100821,100822,100823,100824,100825,100826,100827,100828,100833,100834,100835,100836,100837,100838,100839,100840,100841,100842,100843,100844,100845,100846,100847,100848,100849,100850,100851,100852,100854,100855,100856,100857,100858,100859,100860,100861,100862,100863,100864,100865,100866,100867,100868,100869,100870,100871,100872,100873,100874,100875,100876,100877,100878,100879,100880,100881,100882,100883,100884,100885,100886,100887,100888,100889,100890,100891,100892,100893,100894,100895,100896,100897,100898,100899,100900,100901,100902,100903,100904,100905,100906,100907,100908,100909,100910,100911,100912,100913,100914,100915,100916,100917,100918,100919,100920,100921,100922,100923,100924,100925,100926,100927,100928,100929,100930,100931,100932,100933,100934,100935,100936,100937,100938,100939,100940,100941,100942,100943,100944,100945,100946,100947,100956,100957,100958,100959,100960,100961,100962,100963,100964,100965,100966,100967,100968,100969,100970,100971,100972,100973,100974,100975,100976,100977,100978,100979,100980,100981,100982,100983,100984,100985,100986,100987,100989,100990,100991,100992,100993,100994,100995,100996,100997,100998,100999,101000,101001,101002,101003,101004,101005,101006,101007,101008,101009,101010,101011,101012,101013,101014,101015,101016,101017,101019,101021,101022,101023,101024,101026,101027,101028,101029,101030,101031,101032,101033,101034,101035,101036,101041,101042,101043,101044,101045,101046,101047,101048,101049,101050,101051,101052,101053,101054,101055,101056,101057,101058,101059,101060,101061,101062,101063,101064,101065,101066,101067,101068,101069,101070,101071,101072,101073,101074,101075,101077,101078,101079,101080,101081,101082,101083,101084,101085,101086,101087,101088,101089,101090,101091,101092,101093,101094,101095,101097,101098,101099,101100,101101,101102,101103,101104,101107,101108,101109,101110,101111,101112,101115,101116,101117,101118,101119,101120,101121,101123,101124,101125,101126,101127,101128,101129,101130,101131,101132,101133,101134,101135,101136,101139,101140,101141,101142,101143,101144,101147,101148,101149,101150,101151,101152,101153,101155,101156,101157,101158,101159,101160,101161,101162,101163,101164,101165,101167,101168,101169,101170,101171,101174,101175,101176,101177,101178,101179,101180,101181,101182,101183,101184,101186,101187,101188,101189,101191,101192,101193,101194,101195,101197,101198,101199,101200,101201,101202,101203,101204,101205,101206,101210,101211,101212,101213,101214,101215,101216,101217,101220,101221,101222,101223,101224,101225,101226,101227,101228,101229,101230,101231,101232,101233,101234,101235,101236,101237,101238,101239,101240,101241,101242,101243,101244,101245,101246,101247,101248,101250,101251,101252,101253,101254,101255,101256,101257,101258,101259,101260,101261,101262,101263,101264,101265,101266,101269,101270,101271,101272,101273,101275,101281,101282,101283,101284,101285,101286,101287,101288,101289,101290,101291,101292,101293,101294,101295,101296,101297,101298,101299,101301,101303,101304,101305,101306,101307,101308,101309,101310,101311,101312,101313,101314,101315,101316,101317,101318,101319,101320,101321,101322,101323,101324,101325,101326,101327,101328,101329,101330,101331,101332,101333,101334,101335,101336,101337,101338,101339,101340,101341,101342,101343,101344,101345,101346,101347,101348,101349,101350,101351,101352,101353,101354,101355,101356,101357,101358,101359,101360,101361,101362,101363,101364,101365,101366,101367,101368,101369,101370,101371,101372,101373,101374,101375,101376,101377,101378,101379,101380,101381,101382,101383,101384,101385,101386,101387,101388,101389,101390,101391,101392,101393,101394,101395,101396,101397,101398,101399,101400,101401,101402,101404,101406,101407,101408,101409,101414,101415,101416,101417,101418,101419,101420,101421,101422,101423,101424,101425,101426,101427,101428,101429,101430,101431,101432,101433,101434,101435,101436,101437,101438,101439,101440,101441,101442,101443,101444,101446,101447,101448,101449,101450,101451,101452,101453,101454,101455,101456,101457,101458,101459,101460,101461,101462,101463,101464,101465,101466,101467,101468,101469,101470,101471,101472,101473,101474,101475,101476,101477,101478,101479,101480,101481,101482,101483,101484,101485,101486,101487,101488,101489,101490,101491,101492,101494,101495,101496,101497,101498,101499,101502,101503,101504,101505,101506,101507,101508,101509,101510,101511,101512,101513,101514,101515,101516,101517,101518,101519,101520,101521,101522,101523,101524,101525,101526,101527,101528,101529,101530,101531,101532,101533,101534,101535,101536,101537,101538,101539,101540,101541,101543,101544,101545,101546,101547,101548,101549,101550,101551,101552,101553
SC5314,bb,bb,bb,bb,bb,bb,aa,aa,bb,aa,aa,bb,aa,bb,bb,aa,aa,aa,bb,bb,aa,bb,bb,aa,aa,bb,aa,aa,aa,aa,aa,aa,aa,aa,bb,bb,aa,aa,bb,aa,aa,bb,bb,bb,bb,aa,aa,aa,bb,bb,bb,aa,aa,bb,bb,bb,bb,bb,bb,aa,bb,bb,bb,aa,bb,aa,bb,bb,bb,bb,bb,aa,bb,aa,aa,aa,bb,aa,aa,bb,bb,bb,bb,aa,aa,aa,aa,bb,bb,aa,aa,bb,aa,bb,bb,aa,aa,bb,aa,aa,aa,bb,bb,aa,bb,bb,bb,aa,bb,aa,aa,aa,aa,aa,bb,bb,aa,bb,bb,bb,aa,bb,bb,aa,bb,aa,aa,bb,aa,aa,bb,aa,aa,bb,aa,aa,bb,aa,aa,bb,bb,aa,bb,aa,aa,bb,aa,bb,bb,bb,bb,aa,aa,aa,bb,bb,bb,bb,aa,bb,aa,bb,bb,aa,bb,aa,bb,bb,bb,aa,bb,bb,bb,aa,aa,bb,bb,bb,bb,aa,bb,bb,bb,aa,bb,bb,aa,bb,aa,aa,bb,aa,aa,aa,aa,aa,bb,aa,aa,bb,aa,bb,aa,aa,aa,aa,bb,aa,aa,bb,bb,aa,aa,bb,aa,aa,bb,bb,bb,aa,bb,bb,aa,aa,aa,bb,bb,aa,aa,bb,aa,bb,aa,bb,aa,aa,bb,aa,bb,aa,aa,aa,aa,aa,bb,aa,aa,aa,bb,bb,bb,bb,bb,aa,bb,bb,bb,bb,aa,aa,aa,aa,aa,bb,aa,aa,bb,bb,bb,bb,bb,bb,bb,aa,aa,bb,aa,aa,bb,bb,aa,bb,aa,bb,bb,aa,aa,bb,bb,aa,bb,bb,bb,bb,bb,bb,aa,aa,bb,bb,bb,aa,bb,bb,bb,aa,aa,aa,bb,aa,aa,aa,bb,bb,aa,aa,bb,aa,bb,aa,bb,aa,aa,aa,bb,aa,bb,bb,bb,aa,bb,bb,bb,bb,aa,bb,aa,aa,bb,bb,bb,bb,bb,bb,aa,aa,aa,bb,bb,aa,bb,bb,bb,aa,bb,aa,aa,aa,bb,bb,aa,bb,aa,aa,aa,aa,aa,aa,aa,aa,aa,bb,bb,aa,aa,aa,aa,bb,bb,bb,bb,aa,aa,aa,bb,bb,bb,bb,bb,bb,bb,aa,aa,bb,aa,bb,bb,bb,aa,bb,aa,bb,bb,bb,bb,aa,aa,aa,aa,bb,bb,aa,bb,bb,aa,aa,aa,bb,aa,aa,bb,bb,bb,bb,aa,aa,aa,aa,bb,aa,bb,bb,bb,bb,bb,bb,bb,aa,aa,bb,aa,aa,bb,bb,bb,aa,bb,aa,aa,bb,bb,bb,bb,bb,bb,bb,bb,aa,aa,aa,bb,aa,aa,aa,bb,aa,bb,aa,bb,aa,aa,bb,bb,aa,bb,bb,bb,aa,bb,bb,bb,aa,aa,bb,bb,bb,aa,aa,bb,aa,bb,aa,bb,bb,bb,bb,bb,aa,bb,bb,aa,bb,bb,bb,bb,aa,bb,bb,bb,bb,bb,bb,bb,aa,aa,aa,bb,aa,bb,aa,bb,aa,aa,bb,aa,aa,bb,aa,aa,aa,aa,bb,aa,bb,bb,aa,aa,aa,aa,bb,bb,aa,bb,bb,bb,aa,aa,aa,aa,bb,aa,bb,aa,aa,aa,bb,bb,aa,aa,bb,bb,bb,bb,aa,aa,bb,aa,aa,bb,bb,aa,aa,bb,bb,bb,aa,aa,bb,bb,bb,aa,bb,aa,aa,bb,bb,bb,bb,aa,bb,bb,bb,aa,aa,bb,aa,aa,bb,bb,bb,bb,aa,aa,bb,bb,bb,bb,aa,aa,bb,aa,aa,aa,aa,bb,aa,bb,aa,bb,bb,bb,bb,aa,aa,bb,bb,aa,bb,aa,aa,aa,bb,aa,aa,aa,bb,bb,aa,aa,bb,bb,aa,bb,bb,aa,bb,aa,bb,aa,bb,bb,aa,bb,bb,aa,aa,aa,aa,aa,aa,bb,bb,aa,bb,bb,bb,bb,bb,bb,bb,aa,bb,aa,bb,bb,aa,bb,aa,aa,bb,aa,bb,aa,aa,aa,bb,bb,bb,bb,bb,aa,aa,bb,bb,bb,bb,aa,aa,aa,bb,aa,aa,bb,aa,bb,bb,aa,aa,bb,aa,aa,aa,bb,bb,aa,bb,aa,bb,aa,bb,bb,bb,aa,aa,aa,bb,bb,bb,aa,aa,bb,aa,bb,aa,bb,aa,bb,bb,aa,bb,bb,aa,aa,bb,bb,aa,bb,aa,bb,bb,aa,bb,bb,aa,bb,bb,bb,aa,aa,bb,aa,aa,bb,bb,aa,aa,aa,aa,bb,bb,aa,bb,aa,bb,bb,bb,aa,aa,bb,bb,bb,bb,aa,aa,aa,aa,bb,aa,bb,aa,bb,aa,bb,aa,aa,bb,bb,aa,aa,aa,aa,aa,aa,aa,aa,aa,bb,bb,bb,aa,bb,aa,bb,bb,aa,aa,aa,aa,bb,bb,aa,aa,bb,aa,aa,aa,aa,bb,aa,bb,bb,bb,aa,aa,aa,bb,bb,bb,bb,bb,bb,bb,aa,aa,bb,bb,aa,bb,aa,aa,aa,bb,aa,bb,aa,bb,bb,aa,aa,aa,aa,bb,aa,bb,aa,aa,aa,aa,bb,bb,aa,aa,aa,aa,aa,aa,bb,bb,aa,bb,aa,aa,bb,aa,aa,aa,bb,bb,aa,aa,aa,aa,aa,bb,aa,aa,bb,aa,bb,bb,aa,bb,bb,bb,bb,aa,aa,bb,aa,bb,aa,aa,bb,aa,aa,aa,bb,bb,bb,bb,bb,bb,aa,bb,bb,aa,aa,aa,aa,aa,aa,bb,bb,aa,bb,bb,bb,aa,aa,aa,bb,bb,aa,bb,aa,bb,bb,bb,aa,bb,aa,bb,aa,aa,bb,aa,aa,bb,bb,bb,bb,bb,bb,aa,bb,bb,aa,aa,bb,bb,bb,bb,bb,bb,aa,aa,bb,aa,bb,aa,bb,bb,bb,aa,bb,bb,aa,aa,bb,aa,aa,aa,bb,aa,bb,aa,bb,aa,aa,bb,bb,bb,aa,bb,aa,aa,bb,aa,aa,bb,bb,bb,bb,aa,bb,aa,aa,bb,aa,aa,bb,aa,aa,bb,aa,bb,bb,aa,bb,aa,aa,bb,bb,aa,aa,aa,aa,aa,aa,aa,bb,bb,aa,bb,aa,bb,aa,aa,bb,aa,aa,aa,bb,aa,bb,aa,bb,aa,aa,bb,bb,aa,aa,bb,aa,aa,bb,bb,bb,bb,aa,aa,aa,bb,aa,bb,aa,bb,bb,bb,aa,bb,bb,bb,aa,aa,bb,bb,aa,aa,bb,aa,bb,aa,aa,bb,bb,aa,bb,bb,aa,aa,aa,bb,bb,aa,bb,bb,bb,bb,aa,bb,aa,aa,aa,aa,bb,aa,aa,aa,aa,aa,aa,aa,aa,aa,aa,aa,aa,bb,bb,bb,aa,bb,bb,bb,aa,bb,bb,bb,bb,aa,bb,bb,aa,bb,bb,aa,aa,aa,aa,bb,bb,bb,bb,aa,bb,bb,bb,bb,aa,bb,bb,aa,bb,bb,bb,bb,bb,bb,aa,bb,bb,bb,aa,aa,bb,bb,aa,bb,bb,aa,bb,aa,aa,bb,bb,bb,bb,bb,bb,bb,bb,bb,bb,aa,aa,bb,bb,aa,aa,aa,aa,aa,aa,bb,bb,bb,bb,aa,bb,aa,bb,aa,aa,bb,bb,bb,aa,bb,bb,bb,aa,aa,aa,aa,bb,aa,aa,aa,bb,bb,bb,bb,bb,aa,bb,aa,bb,aa,bb,aa,bb,aa,bb,aa,aa,aa,aa,aa,bb,bb,aa,aa,bb,aa,aa,bb,bb,aa,bb,bb,aa,bb,bb,bb,aa,aa,aa,bb,bb,bb,bb,aa,aa,aa,bb,bb,bb,bb,bb,aa,bb,bb,aa,bb,bb,aa,bb,bb,bb,bb,aa,aa,aa,bb,aa,bb,aa,bb,aa,bb,aa,aa,aa,bb,bb,bb,bb,bb,aa,aa,aa,bb,aa,aa,bb,aa,bb,aa,aa,bb,bb,aa,aa,bb,bb,aa,bb,bb,aa,bb,bb,aa,aa,bb,bb,aa,bb,aa,bb,aa,aa,bb,aa,aa,aa,aa,aa,bb,aa,aa,bb,bb,aa,aa,aa,aa,bb,aa,aa,aa,bb,bb,bb,bb,bb,aa,bb,aa,bb,aa,aa,bb,aa,aa,aa,bb,aa,bb,bb,aa,bb,bb,aa,bb,aa,bb,aa,aa,aa,aa,bb,aa,bb,bb,aa,aa,aa,bb,aa,aa,aa,bb,aa,aa,aa,bb,aa,bb,aa,aa,aa,bb,aa,bb,aa,bb,bb,aa,aa,aa,bb,bb,bb,bb,bb,bb,aa,aa,aa,aa,aa,aa,bb,aa,bb,bb,bb,aa,bb,aa,bb,bb,aa,aa,aa,bb,aa,bb,aa,aa,aa,bb,bb,bb,aa,aa,aa,bb,aa,bb,bb,bb,aa,aa,aa,bb,aa,bb,aa,aa,aa,aa,aa,bb,bb,bb,bb,bb,bb,aa,bb,aa,aa,bb,bb,aa,aa,bb,aa,bb,aa,bb,bb,aa,aa,aa,aa,bb,aa,bb,aa,bb,aa,aa,aa,aa,bb,bb,aa,bb,aa,bb,aa,bb,bb,bb,aa,aa,aa,bb,bb,bb,aa,bb,bb,bb,aa,bb,bb,bb,bb,aa,aa,aa,aa,aa,bb,bb,aa,aa,bb,aa,bb,bb,bb,bb,bb,aa,bb,aa,aa,bb,bb,bb,bb,aa,aa,bb,aa,bb,aa,aa,aa,bb,bb,aa,aa,bb,aa,aa,bb,bb,bb,bb,aa,aa,aa,bb,aa,aa,bb,bb,bb,aa,aa,bb,aa,bb,aa,aa,aa,bb,bb,aa,aa,bb,aa,aa,bb,bb,aa,aa,bb,aa,bb,bb,aa,aa,bb,bb,bb,aa,bb,aa,bb,bb,aa,aa,aa,bb,bb,aa,bb,aa,aa,aa,bb,aa,aa,aa,aa,aa,bb,bb,aa,aa,bb,bb,bb,bb,aa,aa,aa,bb,bb,aa,bb,bb,bb,bb,aa,bb,bb,aa,bb,bb,bb,aa,bb,aa,bb,aa,aa,bb,bb,aa,bb,bb,bb,aa,bb,aa,aa,aa,aa,aa,aa,bb,bb,bb,bb,aa,aa,aa,bb,aa,bb,bb,bb,bb,aa,bb,aa,bb,aa,bb,bb,bb,aa,bb,aa,aa,aa,aa,aa,bb,aa,aa,bb,bb,bb,bb,aa,bb,aa,bb,bb,bb,bb,bb,bb,bb,aa,aa,aa,bb,aa,aa,bb,bb,aa,bb,bb,aa,aa,aa,bb,bb,aa,aa,aa,aa,bb,aa,aa,bb,aa,aa,aa,aa,aa,bb,aa,bb,bb,aa,bb,aa,bb,aa,aa,aa,bb,aa,aa,aa,bb,aa,aa,aa,bb,aa,aa,aa,aa,aa,aa,aa,bb,bb,bb,aa,aa,bb,aa,bb,aa,aa,aa,aa,aa,aa,bb,aa,bb,aa,aa,aa,bb,bb,aa,aa,bb,aa,aa,bb,bb,bb,bb,bb,aa,aa,bb,bb,bb,bb,bb,aa,aa,bb,bb,aa,aa,bb,bb,aa,bb,bb,bb,bb,aa,aa,bb,aa,aa,bb,aa,bb,aa,aa,aa,aa,bb,aa,bb,bb,bb,bb,bb,aa,bb,bb,aa,bb,aa,aa,bb,aa,aa,aa,bb,aa,aa,bb,aa,bb,bb,bb,bb,aa,aa,aa,bb,aa,bb,bb,bb,aa,aa,bb,aa,aa,bb,bb,bb,bb,bb,aa,aa,bb,aa,aa,aa,aa,aa,aa,bb,bb,bb,aa,aa,bb,aa,aa,bb,bb,bb,bb,bb,aa,aa,bb,aa,bb,bb,aa,aa,aa,bb,aa,bb,bb,aa,bb,bb,aa,bb,bb,bb,bb,bb,bb,bb,aa,bb,bb,bb,bb,bb,aa,aa,aa,bb,bb,bb,aa,aa,aa,aa,aa,bb,aa,bb,aa,aa,bb,aa,bb,bb,bb,bb,aa,aa,bb,aa,bb,aa,aa,aa,aa,bb,bb,bb,bb,aa,bb,bb,aa,aa,bb,aa,bb,aa,bb,bb,aa,aa,aa,bb,aa,bb,aa,bb,aa,aa,aa,aa,aa,bb,aa,bb,aa,aa,aa,bb,aa,bb,bb,bb,bb,aa,aa,bb,aa,bb,bb,aa,aa,aa,bb,bb,bb,aa,aa,aa,aa,aa,bb,aa,aa,aa,aa,aa,aa,aa,aa,bb,aa,bb,bb,aa,bb,bb,bb,aa,bb,bb,bb,aa,bb,bb,bb,bb,bb,bb,aa,bb,aa,aa,aa,aa,bb,aa,bb,bb,bb,bb,aa,bb,aa,aa,aa,aa,aa,aa,bb,bb,aa,aa,aa,bb,aa,bb,aa,bb,aa,aa,bb,bb,bb,bb,aa,aa,aa,aa,aa,bb,bb,bb,bb,bb,aa,bb,aa,aa,bb,bb,bb,aa,bb,aa,aa,bb,bb,aa,aa,aa,aa,aa,aa,aa,aa,aa,aa,bb,aa,bb,aa,aa,aa,aa,aa,bb,bb,aa,bb,bb,aa,aa,aa,aa,bb,bb,bb,aa,bb,bb,bb,bb,aa,aa,bb,bb,aa,aa,bb,bb,bb,aa,aa,aa,aa,aa,aa,bb,bb,bb,bb,bb,aa,aa,bb,bb,aa,aa,bb,bb,bb,bb,aa,aa,bb,aa,aa,bb,bb,aa,bb,aa,bb,aa,bb,aa,bb,aa,aa,aa,bb,aa,bb,aa,aa,bb,bb,aa,bb,bb,bb,aa,aa,bb,bb,aa,bb,aa,bb,aa,aa,bb,bb,aa,bb,aa,aa,bb,aa,aa,bb,bb,aa,bb,aa,bb,bb,bb,aa,aa,aa,aa,bb,bb,bb,aa,bb,bb,bb,bb,bb,bb,bb,aa,aa,bb,bb,bb,bb,aa,bb,bb,aa,aa,aa,aa,aa,aa,bb,bb,bb,aa,bb,bb,aa,bb,bb,aa,aa,aa,aa,aa,bb,bb,aa,bb,bb,aa,aa,bb,aa,bb,aa,aa,aa,aa,bb,bb,aa,bb,bb,bb,aa,aa,bb,bb,aa,bb,aa,aa,bb,aa,aa,aa,aa,aa,bb,aa,bb,bb,bb,bb,aa,bb,bb,bb,bb,aa,bb,bb,aa,aa,aa,aa,aa,bb,aa,aa,bb,aa,bb,bb,bb,bb,aa,aa,bb,aa,aa,aa,aa,bb,bb,aa,bb,aa,aa,aa,bb,bb,bb,aa,aa,aa,bb,bb,aa,aa,bb,aa,bb,bb,bb,bb,bb,bb,bb,aa,bb,bb,bb,bb,aa,bb,aa,bb,aa,aa,aa,aa,bb,aa,bb,bb,aa,bb,bb,aa,bb,bb,bb,bb,bb,aa,bb,aa,aa,aa,bb,bb,aa,bb,bb,aa,aa,aa,aa,aa,aa,bb,bb,aa,bb,bb,bb,bb,bb,bb,bb,aa,aa,aa,aa,bb,bb,bb,aa,bb,aa,bb,aa,bb,aa,bb,aa,aa,bb,bb,aa,bb,aa,aa,bb,bb,aa,bb,aa,bb,bb,aa,aa,aa,aa,bb,aa,aa,aa,bb,bb,bb,bb,bb,bb,bb,bb,aa,bb,bb,bb,bb,aa,aa,aa,bb,aa,aa,aa,aa,aa,aa,bb,bb,aa,aa,aa,bb,bb,aa,aa,aa,aa,bb,aa,aa,bb,bb,bb,bb,aa,bb,bb,aa,bb,aa,aa,bb,aa,aa,aa,aa,bb,aa,bb,bb,aa,bb,bb,bb,bb,bb,aa,aa,bb,aa,aa,aa,aa,aa,aa,bb,bb,aa,bb,aa,aa,bb,aa,bb,bb,aa,aa,aa,bb,bb,aa,bb,aa,aa,aa,bb,bb,bb,aa,bb,aa,aa,bb,bb,bb,bb,aa,bb,bb,bb,aa,aa,bb,aa,bb,bb,aa,aa,bb,aa,aa,aa,aa,aa,bb,bb,aa,aa,bb,aa,aa,bb,aa,bb,aa,bb,bb,bb,bb,aa,aa,bb,aa,bb,bb,aa,aa,bb,aa,bb,aa,bb,bb,aa,aa,aa,aa,aa,aa,aa,bb,aa,bb,aa,aa,bb,bb,bb,aa,bb,bb,bb,aa,aa,bb,aa,aa,bb,aa,bb,bb,bb,bb,aa,aa,bb,bb,bb,aa,aa,bb,aa,bb,bb,aa,bb,bb,aa,aa,bb,bb,aa,bb,aa,bb,bb,bb,bb,bb,bb,bb,bb,bb,aa,aa,aa,aa,aa,aa,aa,bb,bb,aa,aa,bb,bb,bb,bb,bb,bb,bb,bb,bb,aa,aa,bb,bb,bb,aa,aa,bb,bb,aa,aa,aa,bb,bb,aa,aa,aa,aa,bb,aa,aa,aa,bb,aa,bb,aa,bb,bb,aa,bb,aa,bb,aa,aa,bb,aa,aa,aa,aa,aa,bb,bb,bb,aa,aa,aa,bb,bb,bb,aa,aa,aa,aa,aa,aa,bb,bb,bb,bb,aa,aa,aa,bb,bb,bb,aa,bb,bb,aa,bb,aa,aa,aa,aa,aa,aa,aa,bb,aa,bb,aa,bb,bb,aa,bb,aa,bb,bb,bb,aa,aa,aa,aa,aa,bb,aa,bb,bb,bb,aa,bb,aa,bb,bb,aa,aa,bb,bb,bb,bb,aa,aa,bb,aa,aa,bb,aa,bb,aa,aa,aa,bb,aa,aa,aa,bb,aa,aa,bb,bb,bb,bb,aa,aa,bb,aa,bb,bb,aa,aa,aa,aa,aa,bb,bb,aa,bb,bb,aa,aa,aa,bb,bb,bb,aa,bb,bb,bb,bb,aa,bb,bb,bb,aa,bb,bb,aa,aa,bb,bb,aa,aa,bb,aa,bb,bb,aa,aa,aa,aa,aa,aa,aa,bb,bb,bb,bb,bb,bb,aa,aa,bb,bb,bb,aa,aa,bb,bb,bb,bb,bb,bb,aa,bb,aa,aa,aa,bb,aa,aa,aa,aa,bb,aa,bb,aa,bb,bb,aa,bb,bb,aa,aa,bb,aa,bb,bb,bb,bb,bb,bb,aa,bb,bb,bb,bb,bb,bb,bb,aa,bb,bb,bb,aa,bb,bb,aa,aa,aa,aa,aa,bb,aa,aa,aa,aa,aa,aa,aa,bb,bb,aa,bb,bb,bb,bb,bb,aa,aa,aa,bb,bb,aa,aa,aa,aa,aa,bb,bb,aa,bb,aa,aa,bb,aa,bb,aa,aa,aa,bb,bb,aa,aa,bb,bb,bb,aa,aa,aa,aa,aa,bb,aa,bb,bb,bb,bb,aa,aa,aa,aa,aa,bb,bb,aa,bb,aa,aa,bb,bb,aa,aa,bb,bb,aa,bb,bb,aa,aa,aa,bb,aa,bb,bb,bb,aa,aa,aa,aa,bb,bb,bb,bb,aa,aa,bb,aa,aa,aa,aa,bb,aa,aa,aa,bb,aa,aa,aa,aa,aa,bb,bb,bb,bb,aa,bb,bb,aa,bb,aa,aa,aa,aa,bb,aa,bb,bb,bb,bb,aa,bb,aa,aa,aa,bb,bb,bb,aa,aa,aa,bb,bb,bb,bb,bb,aa,aa,aa,aa,bb,bb,aa,aa,bb,bb,bb,aa,aa,bb,aa,aa,aa,bb,bb,aa,aa,bb,bb,bb,aa,bb,aa,aa,bb,bb,bb,aa,bb,bb,aa,bb,bb,aa,bb,bb,aa,aa,aa,bb,bb,bb,bb,aa,aa,bb,aa,aa,bb,bb,aa,bb,bb,bb,aa,bb,aa,aa,bb,aa,bb,bb,aa,bb,bb,bb,bb,bb,bb,aa,bb,bb,aa,bb,bb,aa,aa,bb,bb,bb,aa,bb,bb,aa,aa,aa,bb,aa,bb,aa,aa,aa,aa,bb,bb,bb,bb,bb,aa,aa,bb,aa,aa,bb,aa,bb,aa,aa,bb,aa,aa,aa,aa,aa,aa,aa,aa,aa,bb,bb,bb,bb,aa,aa,bb,bb,aa,aa,bb,aa,aa,bb,bb,aa,aa,aa,aa,aa,aa,aa,bb,aa,bb,aa,bb,bb,bb,aa,aa,bb,aa,bb,bb,aa,bb,bb,aa,aa,aa,aa,bb,aa,bb,bb,aa,aa,bb,aa,bb,aa,bb,bb,aa,bb,bb,bb,aa,bb,aa,bb,bb,aa,bb,bb,bb,bb,aa,bb,aa,bb,aa,aa,aa,bb,bb,aa,bb,bb,aa,aa,bb,aa,bb,aa,bb,bb,aa,aa,aa,bb,aa,bb,aa,aa,bb,aa,aa,aa,aa,bb,aa,bb,aa,bb,aa,aa,bb,aa,aa,bb,bb,bb,bb,aa,aa,bb,bb,aa,aa,aa,aa,aa,bb,aa,aa,bb,aa,aa,aa,aa,bb,bb,aa,bb,bb,aa,aa,bb,aa,aa,bb,aa,bb,aa,aa,bb,bb,aa,aa,aa,aa,aa,bb,aa,bb,bb,aa,bb,bb,bb,bb,bb,bb,bb,bb,aa,aa,bb,aa,aa,aa,bb,aa,aa,aa,aa,bb,aa,aa,bb,bb,bb,aa,bb,bb,aa,aa,bb,bb,bb,aa,aa,aa,bb,bb,bb,bb,bb,aa,bb,bb,bb,aa,aa,aa,aa,aa,aa,bb,bb,aa,aa,bb,bb,aa,aa,bb,aa,aa,bb,bb,bb,aa,bb,aa,bb,aa,aa,aa,bb,bb,aa,aa,aa,aa,bb,bb,bb,aa,bb,aa,bb,bb,bb,aa,bb,aa,aa,aa,bb,aa,bb,bb,aa,aa,bb,aa,bb,bb,aa,aa,bb,aa,aa,bb,aa,bb,bb,bb,bb,bb,bb,aa,aa,bb,bb,bb,aa,aa,bb,aa,aa,aa,bb,aa,bb,aa,aa,bb,bb,bb,bb,bb,aa,aa,bb,aa,bb,aa,aa,bb,bb,aa,bb,bb,aa,aa,aa,bb,bb,aa,bb,aa,aa,aa,bb,aa,bb,aa,aa,bb,aa,aa,aa,aa,aa,bb,aa,aa,aa,aa,bb,aa,bb,bb,bb,aa,bb,aa,bb,aa,aa,aa,aa,bb,bb,bb,aa,aa,bb,bb,bb,aa,bb,bb,aa,aa,aa,aa,bb,bb,aa,aa,bb,aa,aa,bb,bb,bb,aa,bb,aa,aa,aa,bb,bb,bb,bb,aa,aa,bb,bb,bb,aa,aa,bb,aa,bb,aa,aa,aa,bb,bb,bb,bb,bb,bb,aa,aa,aa,bb,aa,aa,bb,aa,bb,bb,aa,bb,aa,bb,aa,bb,aa,aa,aa,aa,bb,aa,aa,aa,aa,aa,bb,aa,aa,bb,bb,aa,bb,aa,aa,bb,bb,aa,aa,aa,aa,bb,bb,aa,aa,aa,aa,aa,aa,bb,aa,bb,bb,bb,aa,bb,aa,bb,bb,bb,bb,bb,aa,aa,bb,bb,bb,bb,bb,aa,bb,aa,aa,aa,bb,aa,bb,aa,bb,aa,bb,aa,bb,aa,bb,aa,bb,bb,bb,aa,aa,bb,bb,aa,bb,aa,aa,aa,aa,bb,aa,bb,bb,aa,bb,aa,bb,bb,aa,bb,aa,bb,aa,bb,bb,aa,aa,aa,bb,aa,aa,aa,aa,bb,aa,bb,bb,bb,aa,bb,bb,aa,bb,bb,bb,bb,aa,bb,aa,bb,aa,bb,bb,bb,bb,aa,bb,bb,aa,aa,aa,bb,bb,bb,bb,bb,aa,aa,bb,bb,aa,bb,bb,aa,bb,bb,bb,bb,aa,bb,bb,aa,bb,bb,aa,aa,bb,bb,bb,aa,aa,aa,bb,aa,bb,bb,bb,aa,bb,aa,aa,aa,bb,aa,aa,bb,bb,aa,bb,bb,aa,aa,bb,aa,bb,bb,aa,aa,bb,bb,aa,aa,bb,bb,bb,bb,bb,aa,aa,bb,bb,bb,aa,aa,bb,aa,bb,bb,bb,bb,bb,aa,bb,bb,aa,aa,aa,bb,aa,bb,bb,bb,aa,aa,aa,bb,aa,aa,aa,bb,aa,bb,aa,cb,bb,aa,bb,aa,aa,bb,bb,bb,aa,aa,bb,bb,bb,bb,aa,bb,aa,bb,aa,aa,bb,bb,aa,bb,bb,aa,aa,bb,bb,aa,aa,aa,aa,aa,bb,bb,bb,aa,bb,aa,bb,bb,aa,bb,bb,bb,aa,bb,aa,aa,aa,aa,aa,bb,bb,bb,bb,aa,bb,aa,aa,aa,aa,aa,bb,bb,aa,bb,bb,aa,aa,bb,aa,aa,bb,aa,aa,aa,aa,bb,bb,aa,aa,bb,bb,aa,aa,aa,bb,bb,aa,aa,aa,bb,aa,bb,bb,aa,bb,aa,aa,bb,aa,aa,bb,bb,aa,aa,bb,aa,bb,bb,aa,bb,aa,bb,bb,bb,bb,aa,aa,aa,bb,aa,bb,bb,bb,bb,bb,bb,bb,bb,aa,aa,bb,aa,aa,aa,aa,aa,bb,bb,bb,aa,aa,bb,aa,bb,bb,aa,aa,bb,bb,bb,bb,bb,aa,aa,aa,bb,aa,bb,aa,bb,bb,bb,bb,aa,aa,aa,aa,aa,aa,aa,aa,aa,bb,bb,aa,bb,aa,aa,aa,aa,bb,aa,bb,aa,bb,aa,aa,aa,aa,bb,aa,aa,aa,bb,bb,aa,aa,aa,aa,aa,bb,bb,bb,bb,bb,bb,aa,bb,aa,aa,bb,bb,bb,bb,aa,aa,bb,aa,bb,bb,aa,bb,bb,bb,aa,bb,aa,aa,aa,aa,bb,bb,bb,bb,aa,aa,bb,bb,aa,aa,bb,bb,bb,aa,aa,bb,aa,bb,bb,bb,bb,aa,bb,aa,aa,aa,bb,aa,bb,aa,aa,aa,bb,aa,aa,bb,bb,aa,aa,bb,aa,aa,bb,aa,bb,bb,aa,aa,aa,bb,aa,bb,bb,bb,aa,aa,aa,bb,aa,aa,bb,bb,bb,bb,aa,bb,bb,aa,aa,bb,bb,aa,bb,aa,bb,bb,aa,bb,aa,bb,aa,aa,bb,bb,bb,aa,aa,bb,bb,bb,aa,bb,bb,aa,bb,aa,bb,bb,bb,aa,aa,aa,aa,aa,aa,bb,bb,bb,aa,bb,bb,aa,bb,aa,aa,aa,bb,aa,aa,aa,aa,aa,aa,aa,aa,aa,bb,bb,aa,bb,aa,aa,aa,bb,bb,aa,aa,bb,bb,aa,aa,aa,aa,bb,bb,bb,aa,aa,bb,aa,bb,aa,aa,aa,aa,bb,bb,aa,aa,bb,bb,bb,aa,bb,bb,bb,bb,aa,aa,aa,bb,bb,bb,aa,aa,bb,aa,bb,bb,aa,aa,aa,aa,aa,bb,bb,aa,aa,aa,bb,aa,bb,aa,bb,bb,aa,bb,aa,bb,aa,bb,aa,aa,bb,aa,bb,aa,bb,aa,aa,aa,bb,bb,aa,aa,aa,aa,bb,aa,aa,aa,bb,bb,bb,bb,aa,aa,aa,bb,aa,aa,bb,bb,aa,aa,bb,bb,bb,aa,bb,bb,aa,aa,bb,bb,bb,bb,aa,bb,aa,bb,aa,bb,bb,aa,aa,bb,aa,bb,bb,bb,bb,bb,bb,aa,aa,bb,aa,aa,bb,bb,aa,bb,bb,aa,bb,bb,bb,bb,bb,aa,aa,bb,aa,aa,bb,bb,aa,aa,aa,aa,aa,bb,bb,bb,aa,bb,aa,bb,bb,bb,bb,bb,bb,bb,aa,aa,bb,aa,aa,aa,aa,aa,bb,bb,aa,bb,aa,bb,bb,aa,bb,aa,bb,aa,aa,bb,aa,bb,bb,bb,bb,aa,aa,aa,bb,aa,aa,bb,bb,bb,aa,aa,aa,bb,bb,bb,aa,aa,aa,aa,aa,aa,bb,aa,bb,aa,bb,aa,bb,aa,aa,bb,aa,aa,bb,aa,aa,aa,bb,bb,bb,aa,aa,bb,aa,aa,bb,aa,bb,aa,aa,aa,bb,bb,aa,bb,aa,aa,bb,bb,bb,aa,bb,bb,bb,bb,aa,bb,bb,aa,bb,aa,aa,bb,bb,bb,bb,bb,aa,aa,bb,bb,aa,bb,aa,bb,aa,aa,aa,bb,bb,aa,aa,bb,aa,bb,bb,bb,bb,bb,aa,aa,aa,aa,aa,aa,bb,aa,bb,bb,bb,aa,bb,bb,bb,bb,bb,aa,bb,bb,aa,aa,aa,aa,bb,aa,bb,aa,aa,aa,bb,aa,bb,aa,aa,aa,aa,bb,bb,bb,bb,aa,bb,bb,bb,bb,bb,aa,bb,bb,bb,aa,bb,bb,bb,aa,bb,bb,bb,aa,bb,aa,aa,aa,aa,bb,aa,aa,bb,bb,bb,aa,bb,bb,bb,aa,aa,aa,bb,bb,bb,aa,bb,aa,aa,bb,bb,bb,aa,bb,bb,bb,aa,aa,aa,bb,aa,aa,aa,aa,aa,bb,aa,bb,aa,aa,aa,aa,aa,bb,aa,bb,bb,aa,bb,bb,aa,bb,bb,aa,bb,aa,aa,aa,bb,bb,bb,bb,aa,aa,bb,bb,aa,aa,bb,aa,bb,bb,bb,bb,bb,aa,bb,aa,aa,bb,aa,bb,bb,aa,bb,aa,aa,bb,aa,bb,bb,aa,bb,aa,aa,bb,aa,aa,bb,aa,aa,bb,bb,aa,bb,aa,aa,bb,aa,bb,bb,aa,bb,aa,bb,bb,bb,aa,aa,aa,aa,aa,aa,bb,bb,aa,aa,bb,bb,aa,bb,aa,aa,bb,aa,aa,aa,aa,aa,aa,aa,aa,bb,aa,aa,bb,aa,aa,bb,aa,aa,aa,aa,aa,aa,bb,bb,aa,bb,bb,aa,bb,bb,bb,bb,bb,aa,bb,bb,aa,bb,aa,bb,aa,bb,bb,bb,bb,bb,bb,aa,bb,aa,bb,aa,aa,bb,aa,aa,aa,aa,bb,bb,aa,aa,aa,aa,aa,aa,bb,aa,bb,aa,aa,aa,bb,aa,aa,aa,aa,aa,aa,bb,bb,aa,bb,bb,bb,aa,bb,bb,aa,bb,aa,aa,bb,aa,aa,bb,bb,bb,aa,aa,aa,bb,aa,bb,bb,aa,bb,aa,bb,bb,aa,bb,bb,bb,aa,bb,aa,aa,bb,aa,bb,bb,bb,bb,bb,aa,bb,bb,bb,bb,bb,bb,bb,bb,aa,bb,aa,bb,aa,bb,aa,aa,bb,aa,bb,bb,bb,aa,aa,aa,bb,bb,bb,bb,bb,bb,aa,aa,aa,aa,aa,bb,aa,bb,bb,bb,bb,bb,bb,aa,bb,aa,bb,bb,aa,aa,aa,aa,aa,aa,aa,aa,bb,bb,bb,bb,bb,aa,bb,aa,aa,aa,bb,aa,bb,bb,aa,bb,aa,aa,bb,aa,bb,aa,bb,aa,bb,bb,aa,bb,aa,aa,bb,bb,aa,bb,aa,aa,bb,bb,bb,bb,bb,bb,aa,aa,bb,aa,bb,aa,bb,aa,aa,bb,aa,aa,bb,aa,bb,aa,aa,aa,bb,bb,bb,bb,bb,bb,bb,aa,aa,aa,aa,aa,aa,bb,bb,aa,bb,aa,aa,bb,aa,aa,bb,bb,aa,aa,aa,aa,aa,bb,aa,bb,aa,bb,bb,aa,bb,bb,aa,bb,bb,aa,aa,aa,bb,aa,aa,aa,bb,bb,bb,aa,aa,bb,aa,bb,bb,aa,aa,bb,bb,aa,aa,bb,aa,aa,aa,bb,aa,bb,bb,aa,aa,aa,aa,bb,bb,aa,bb,bb,bb,bb,bb,aa,bb,bb,bb,bb,aa,aa,bb,aa,aa,bb,bb,aa,aa,bb,bb,bb,aa,bb,bb,aa,bb,aa,bb,aa,bb,bb,aa,bb,bb,aa,aa,aa,bb,bb,bb,aa,aa,aa,bb,bb,aa,bb,bb,bb,aa,aa,aa,aa,aa,bb,bb,bb,aa,aa,bb,bb,bb,aa,aa,aa,aa,aa,aa,aa,aa,aa,aa,aa,aa,aa,bb,aa,aa,aa,bb,aa,aa,bb,bb,aa,bb,aa,aa,aa,bb,aa,bb,bb,aa,aa,bb,bb,bb,aa,aa,bb,aa,bb,bb,aa,bb,bb,bb,bb,aa,aa,bb,bb,bb,bb,aa,aa,bb,bb,bb,aa,bb,aa,aa,bb,aa,aa,aa,aa,bb,aa,bb,bb,bb,bb,bb,aa,bb,aa,aa,aa,aa,aa,bb,bb,aa,aa,bb,bb,aa,bb,aa,bb,aa,aa,bb,aa,aa,bb,aa,aa,bb,bb,bb,bb,aa,aa,aa,bb,bb,aa,bb,aa,aa,aa,bb,bb,aa,bb,aa,bb,aa,aa,bb,bb,bb,aa,aa,aa,aa,bb,aa,aa,bb,aa,bb,bb,aa,aa,bb,aa,bb,bb,bb,aa,aa,aa,aa,bb,bb,aa,aa,bb,bb,bb,aa,aa,aa,aa,aa,aa,aa,aa,aa,aa,aa,bb,bb,bb,bb,bb,aa,bb,bb,bb,bb,bb,aa,aa,aa,aa,bb,bb,aa,bb,aa,bb,aa,aa,aa,aa,aa,aa,bb,aa,aa,aa,bb,bb,aa,bb,bb,bb,aa,aa,aa,bb,aa,aa,bb,aa,aa,bb,bb,aa,aa,aa,bb,bb,bb,bb,aa,aa,aa,bb,aa,aa,aa,bb,aa,aa,bb,bb,bb,aa,aa,bb,bb,aa,bb,aa,bb,aa,bb,aa,bb,bb,bb,aa,aa,aa,aa,aa,bb,bb,bb,bb,bb,bb,bb,aa,bb,bb,aa,aa,bb,aa,aa,bb,aa,aa,bb,bb,bb,bb,aa,aa,aa,aa,bb,aa,bb,aa,bb,aa,aa,bb,aa,bb,aa,aa,aa,aa,bb,aa,aa,aa,bb,bb,aa,aa,aa,bb,aa,aa,aa,bb,aa,aa,aa,bb,aa,aa,bb,aa,aa,bb,bb,bb,bb,bb,aa,aa,aa,bb,bb,bb,bb,bb,aa,bb,aa,aa,bb,aa,aa,bb,aa,bb,bb,bb,bb,aa,aa,bb,aa,bb,aa,aa,aa,aa,aa,aa,bb,bb,aa,bb,aa,aa,bb,aa,aa,bb,aa,aa,bb,aa,aa,bb,aa,bb,bb,aa,bb,aa,bb,aa,bb,aa,bb,bb,bb,bb,aa,aa,aa,aa,bb,bb,aa,aa,aa,bb,aa,aa,bb,aa,bb,bb,aa,aa,bb,bb,aa,bb,aa,bb,bb,aa,bb,bb,aa,aa,aa,aa,aa,bb,bb,bb,aa,bb,bb,bb,aa,bb,bb,bb,aa,aa,aa,bb,bb,bb,aa,aa,bb,aa,aa,aa,aa,aa,aa,bb,bb,aa,aa,aa,aa,aa,bb,bb,bb,bb,aa,aa,bb,bb,bb,bb,aa,aa,aa,aa,bb,bb,aa,bb,bb,aa,bb,aa,aa,aa,bb,bb,aa,bb,bb,bb,bb,ac,bb,aa,aa,aa,bb,aa,aa,aa,bb,aa,aa,aa,aa,bb,aa,aa,bb,aa,bb,bb,aa,bb,bb,bb,bb,bb,bb,aa,aa,aa,aa,bb,aa,aa,aa,aa,aa,aa,bb,bb,bb,bb,aa,bb,aa,aa,aa,bb,bb,bb,bb,bb,bb,bb,bb,bb,aa,bb,aa,aa,aa,bb,bb,aa,aa,bb,bb,aa,aa,aa,aa,bb,aa,aa,bb,bb,bb,aa,aa,aa,aa,aa,bb,aa,aa,bb,aa,bb,bb,aa,bb,aa,aa,bb,aa,aa,bb,aa,bb,bb,bb,aa,aa,bb,aa,bb,aa,aa,bb,bb,aa,bb,bb,bb,bb,aa,aa,aa,aa,bb,aa,aa,bb,bb,aa,bb,bb,aa,aa,bb,aa,aa,bb,bb,aa,bb,bb,aa,aa,aa,bb,bb,aa,bb,bb,aa,bb,aa,bb,aa,bb,aa,aa,aa,aa,aa,bb,bb,aa,bb,bb,aa,aa,bb,aa,bb,aa,bb,bb,aa,aa,bb,aa,aa,bb,aa,aa,bb,aa,bb,aa,bb,aa,bb,aa,aa,aa,aa,bb,aa,aa,aa,aa,aa,bb,bb,bb,bb,aa,aa,bb,aa,bb,aa,aa,aa,aa,bb,bb,aa,bb,bb,bb,bb,bb,aa,bb,aa,bb,bb,bb,aa,bb,bb,aa,bb,bb,bb,bb,aa,bb,bb,bb,bb,aa,aa,aa,aa,bb,aa,bb,aa,aa,aa,aa,bb,aa,bb,aa,aa,aa,bb,bb,bb,bb,bb,bb,aa,bb,aa,aa,aa,bb,bb,bb,aa,bb,aa,bb,bb,bb,aa,bb,aa,bb,bb,bb,aa,aa,bb,aa,aa,bb,bb,bb,bb,bb,aa,aa,aa,bb,aa,aa,bb,bb,bb,bb,bb,bb,bb,bb,aa,bb,aa,aa,bb,bb,bb,aa,aa,bb,aa,aa,aa,bb,aa,bb,aa,bb,aa,aa,bb,aa,bb,bb,bb,bb,aa,aa,aa,bb,bb,aa,aa,aa,bb,bb,bb,bb,bb,aa,bb,aa,bb,aa,bb,aa,aa,aa,bb,aa,bb,bb,aa,aa,bb,aa,bb,bb,bb,bb,bb,aa,aa,bb,aa,aa,aa,aa,bb,aa,aa,bb,aa,aa,bb,aa,bb,bb,bb,bb,bb,aa,bb,bb,bb,aa,aa,bb,aa,aa,aa,bb,bb,aa,aa,bb,bb,bb,bb,bb,aa,aa,aa,aa,bb,bb,bb,bb,aa,bb,bb,aa,bb,aa,aa,aa,bb,aa,bb,bb,aa,bb,aa,aa,bb,aa,bb,aa,bb,aa,bb,bb,aa,bb,bb,aa,aa,aa,aa,aa,bb,aa,aa,bb,bb,aa,bb,bb,aa,aa,aa,bb,aa,bb,aa,bb,bb,aa,bb,bb,aa,bb,aa,bb,aa,bb,aa,aa,aa,bb,aa,bb,aa,aa,aa,bb,bb,aa,aa,aa,aa,aa,bb,bb,aa,bb,aa,bb,aa,aa,aa,aa,aa,aa,bb,aa,bb,aa,bb,bb,aa,aa,bb,aa,bb,aa,bb,aa,aa,aa,bb,aa,bb,bb,bb,bb,bb,bb,aa,aa,bb,aa,bb,aa,bb,aa,bb,bb,bb,aa,aa,aa,bb,aa,aa,bb,bb,bb,aa,bb,aa,aa,bb,bb,aa,aa,bb,aa,bb,bb,aa,bb,aa,bb,bb,bb,bb,bb,bb,bb,bb,aa,aa,aa,aa,aa,aa,aa,aa,aa,bb,aa,aa,bb,bb,aa,aa,aa,aa,aa,bb,aa,aa,bb,aa,bb,aa,bb,bb,aa,aa,aa,bb,bb,bb,aa,bb,bb,aa,bb,aa,aa,aa,bb,aa,bb,bb,aa,bb,aa,aa,bb,bb,bb,bb,bb,bb,bb,aa,bb,aa,aa,bb,bb,aa,bb,aa,bb,bb,bb,bb,aa,bb,aa,bb,bb,aa,bb,aa,aa,bb,bb,bb,bb,aa,aa,aa,bb,aa,bb,bb,bb,bb,bb,bb,aa,bb,bb,aa,bb,aa,aa,aa,bb,bb,bb,aa,bb,aa,aa,bb,bb,bb,aa,aa,aa,bb,aa,aa,aa,bb,bb,bb,aa,bb,bb,aa,bb,bb,aa,aa,bb,aa,bb,bb,bb,aa,bb,aa,aa,bb,aa,bb,bb,bb,aa,aa,bb,bb,bb,aa,aa,aa,bb,bb,aa,bb,bb,bb,bb,aa,aa,aa,bb,aa,aa,bb,aa,aa,aa,bb,aa,aa,aa,aa,aa,bb,bb,bb,bb,bb,aa,aa,aa,aa,aa,bb,bb,aa,bb,aa,aa,aa,aa,aa,aa,bb,aa,aa,bb,aa,aa,bb,bb,aa,aa,aa,bb,bb,bb,bb,aa,aa,bb,aa,bb,aa,bb,bb,bb,bb,bb,aa,aa,aa,aa,bb,bb,aa,aa,aa,aa,bb,bb,aa,bb,aa,bb,bb,bb,bb,bb,aa,aa,aa,aa,bb,aa,bb,bb,bb,aa,aa,bb,aa,aa,aa,bb,bb,bb,aa,bb,bb,aa,bb,aa,bb,aa,bb,bb,bb,bb,aa,bb,bb,aa,bb,bb,aa,aa,aa,bb,bb,bb,aa,aa,aa,aa,bb,bb,aa,aa,aa,aa,bb,aa,bb,bb,bb,aa,bb,aa,bb,bb,aa,bb,aa,aa,bb,bb,aa,bb,bb,bb,aa,aa,aa,bb,aa,aa,aa,aa,aa,bb,bb,bb,bb,aa,aa,bb,bb,bb,bb,bb,bb,bb,aa,bb,aa,bb,aa,aa,aa,aa,bb,bb,bb,bb,aa,bb,bb,aa,bb,bb,bb,aa,bb,bb,aa,bb,aa,aa,bb,aa,bb,aa,aa,aa,aa,bb,bb,bb,bb,bb,aa,aa,bb,aa,aa,bb,aa,bb,aa,aa,aa,aa,bb,aa,bb,aa,aa,bb,aa,bb,aa,aa,bb,bb,aa,aa,bb,aa,aa,bb,aa,aa,bb,aa,aa,bb,bb,aa,aa,bb,bb,bb,bb,bb,bb,aa,bb,aa,aa,bb,aa,aa,aa,bb,aa,bb,bb,bb,bb,bb,bb,aa,bb,bb,bb,bb,bb,aa,bb,aa,bb,aa,bb,aa,aa,aa,aa,aa,aa,bb,bb,aa,aa,aa,bb,aa,bb,bb,aa,bb,aa,aa,aa,bb,aa,bb,aa,bb,bb,bb,bb,aa,aa,bb,bb,bb,bb,aa,aa,bb,bb,bb,aa,aa,bb,aa,aa,aa,bb,bb,bb,aa,aa,bb,aa,aa,aa,aa,bb,bb,bb,aa,bb,bb,aa,bb,bb,bb,bb,aa,aa,aa,aa,bb,aa,bb,aa,bb,aa,bb,aa,aa,bb,bb,aa,bb,bb,aa,aa,aa,aa,aa,bb,aa,aa,aa,aa,bb,aa,bb,aa,bb,aa,aa,bb,aa,aa,bb,bb,aa,aa,bb,aa,aa,aa,bb,bb,bb,bb,aa,bb,bb,aa,bb,bb,bb,aa,aa,bb,bb,aa,aa,bb,bb,bb,bb,aa,aa,bb,aa,bb,bb,bb,bb,aa,bb,aa,aa,aa,aa,bb,aa,bb,aa,bb,aa,aa,bb,bb,aa,bb,bb,bb,aa,bb,bb,bb,bb,bb,bb,bb,aa,aa,aa,bb,aa,bb,bb,aa,aa,aa,bb,bb,aa,bb,aa,aa,aa,aa,bb,bb,aa,aa,bb,aa,aa,bb,bb,aa,bb,bb,bb,bb,bb,aa,aa,bb,bb,bb,aa,aa,aa,bb,aa,bb,aa,bb,aa,bb,aa,aa,bb,aa,aa,bb,aa,bb,aa,aa,bb,bb,bb,aa,bb,bb,bb,bb,bb,bb,bb,aa,aa,aa,aa,aa,bb,bb,aa,bb,bb,bb,aa,aa,bb,bb,bb,bb,aa,aa,bb,bb,aa,bb,aa,aa,aa,aa,bb,bb,aa,aa,bb,bb,bb,aa,bb,aa,aa,bb,aa,bb,bb,bb,aa,aa,bb,aa,aa,bb,aa,aa,aa,aa,aa,bb,aa,bb,bb,bb,aa,bb,bb,aa,aa,bb,aa,aa,aa,bb,bb,bb,aa,bb,bb,bb,aa,bb,bb,bb,aa,bb,bb,bb,aa,bb,bb,bb,aa,bb,bb,aa,aa,bb,aa,bb,aa,bb,aa,bb,bb,aa,bb,aa,bb,bb,aa,aa,aa,bb,bb,aa,bb,aa,bb,bb,aa,aa,aa,bb,aa,aa,aa,aa,aa,bb,aa,aa,aa,aa,bb,bb,aa,aa,aa,aa,aa,aa,aa,aa,aa,bb,bb,aa,bb,aa,bb,aa,aa,aa,bb,bb,bb,bb,aa,bb,bb,aa,bb,aa,aa,bb,aa,aa,bb,aa,aa,aa,bb,aa,aa,bb,aa,aa,bb,bb,aa,bb,bb,bb,bb,bb,aa,aa,bb,aa,aa,aa,aa,aa,bb,bb,bb,bb,bb,bb,bb,aa,bb,aa,bb,aa,aa,aa,bb,aa,aa,aa,aa,bb,aa,aa,bb,bb,aa,bb,aa,aa,bb,aa,bb,bb,aa,aa,bb,aa,bb,bb,bb,aa,aa,aa,bb,bb,bb,bb,bb,bb,aa,aa,aa,bb,bb,aa,bb,aa,aa,aa,aa,aa,bb,aa,bb,aa,bb,bb,aa,aa,bb,aa,aa,bb,bb,bb,aa,bb,bb,bb,bb,aa,aa,aa,aa,bb,bb,bb,bb,bb,bb,bb,bb,bb,bb,aa,aa,aa,aa,bb,aa,bb,bb,bb,bb,aa,aa,bb,bb,bb,bb,bb,aa,aa,bb,aa,aa,aa,bb,bb,aa,bb,bb,aa,aa,bb,bb,aa,aa,bb,bb,bb,aa,aa,aa,bb,bb,bb,bb,bb,bb,bb,bb,bb,aa,bb,bb,bb,aa,bb,bb,aa,aa,bb,bb,bb,bb,aa,aa,bb,bb,aa,bb,bb,bb,bb,aa,bb,bb,bb,aa,aa,bb,bb,bb,aa,bb,bb,aa,aa,bb,aa,bb,aa,bb,bb,bb,bb,bb,aa,aa,aa,bb,aa,aa,bb,bb,bb,bb,bb,bb,bb,bb,aa,bb,aa,bb,aa,bb,aa,bb,bb,bb,aa,bb,aa,aa,bb,bb,bb,bb,aa,bb,aa,bb,aa,aa,bb,aa,aa,aa,aa,bb,bb,aa,bb,aa,bb,bb,bb,bb,aa,aa,aa,bb,bb,aa,bb,aa,bb,bb,bb,aa,bb,aa,aa,bb,bb,bb,aa,bb,aa,aa,bb,aa,aa,bb,bb,bb,bb,aa,bb,aa,aa,bb,bb,bb,aa,bb,aa,aa,bb,bb,aa,bb,aa,aa,aa,aa,bb,bb,aa,bb,aa,bb,bb,aa,aa,bb,aa,bb,bb,bb,aa,bb,bb,aa,bb,bb,bb,bb,aa,bb,aa,bb,bb,aa,aa,bb,aa,aa,aa,aa,bb,bb,aa,aa,bb,bb,bb,aa,aa,bb,aa,aa,bb,bb,aa,aa,aa,bb,bb,bb,aa,aa,bb,aa,aa,bb,bb,aa,bb,aa,bb,bb,aa,bb,aa,aa,aa,bb,aa,bb,aa,aa,aa,bb,aa,bb,aa,bb,aa,aa,aa,bb,aa,aa,aa,bb,bb,aa,aa,bb,bb,bb,aa,bb,aa,bb,aa,bb,aa,bb,aa,bb,aa,bb,bb,aa,aa,bb,bb,aa,aa,aa,aa,bb,bb,aa,aa,bb,aa,aa,aa,bb,bb,aa,aa,bb,bb,aa,bb,bb,aa,aa,bb,aa,aa,aa,bb,aa,aa,bb,bb,aa,bb,bb,bb,aa,aa,bb,bb,bb,bb,bb,aa,bb,bb,bb,bb,bb,aa,aa,bb,bb,bb,bb,bb,bb,aa,bb,bb,bb,bb,aa,bb,bb,aa,bb,bb,aa,aa,aa,aa,aa,bb,aa,aa,aa,bb,aa,aa,bb,aa,bb,aa,aa,aa,aa,bb,bb,bb,aa,aa,bb,aa,aa,bb,aa,bb,bb,bb,aa,aa,bb,bb,aa,bb,aa,aa,bb,bb,aa,bb,aa,aa,bb,bb,bb,bb,aa,aa,aa,bb,aa,bb,aa,bb,bb,aa,bb,aa,bb,bb,aa,bb,aa,aa,bb,bb,aa,aa,aa,bb,bb,bb,aa,aa,bb,bb,aa,aa,bb,bb,bb,bb,bb,aa,bb,aa,bb,aa,bb,aa,aa,bb,bb,bb,aa,bb,aa,bb,aa,bb,aa,aa,aa,bb,aa,bb,bb,bb,aa,aa,aa,aa,aa,aa,aa,aa,aa,bb,bb,bb,aa,aa,bb,aa,aa,aa,aa,aa,bb,bb,aa,aa,aa,aa,aa,aa,aa,aa,aa,aa,aa,bb,bb,aa,bb,aa,aa,bb,aa,bb,bb,aa,aa,aa,aa,aa,aa,bb,aa,bb,aa,bb,aa,bb,bb,bb,bb,bb,aa,bb,aa,aa,aa,bb,aa,aa,bb,aa,aa,aa,bb,aa,bb,bb,aa,aa,bb,bb,aa,bb,aa,aa,aa,bb,aa,bb,aa,bb,aa,aa,bb,aa,bb,aa,aa,bb,aa,aa,bb,aa,aa,aa,bb,aa,aa,bb,aa,aa,aa,aa,bb,aa,bb,aa,bb,bb,bb,aa,bb,bb,aa,bb,bb,aa,aa,bb,aa,aa,aa,aa,bb,aa,aa,aa,aa,aa,bb,aa,bb,bb,aa,bb,bb,aa,aa,bb,aa,bb,bb,aa,aa,bb,aa,aa,bb,aa,bb,aa,aa,bb,aa,bb,bb,bb,bb,aa,bb,aa,aa,aa,bb,aa,bb,aa,bb,bb,bb,aa,aa,bb,aa,aa,aa,bb,aa,bb,bb,bb,bb,bb,bb,bb,aa,aa,aa,bb,aa,bb,aa,bb,bb,bb,bb,aa,aa,bb,bb,bb,aa,bb,aa,aa,aa,aa,aa,aa,aa,bb,bb,bb,aa,bb,aa,bb,bb,aa,aa,aa,bb,bb,aa,aa,aa,bb,aa,bb,bb,aa,bb,aa,aa,aa,bb,aa,bb,bb,bb,aa,aa,aa,bb,bb,aa,bb,aa,aa,aa,aa,bb,aa,bb,aa,aa,aa,aa,aa,bb,bb,bb,bb,bb,aa,aa,aa,aa,bb,bb,aa,aa,bb,aa,aa,bb,aa,bb,aa,aa,aa,bb,bb,aa,aa,bb,bb,aa,bb,aa,bb,aa,aa,aa,bb,bb,bb,bb,bb,bb,aa,aa,aa,bb,bb,aa,aa,bb,aa,bb,aa,bb,bb,aa,aa,bb,bb,aa,aa,bb,aa,bb,bb,bb,aa,aa,bb,bb,bb,bb,aa,aa,aa,aa,aa,aa,aa,aa,aa,bb,bb,bb,aa,aa,aa,aa,aa,aa,aa,aa,aa,aa,aa,aa,bb,aa,aa,bb,bb,bb,bb,bb,bb,bb,aa,bb,bb,bb,bb,aa,bb,aa,aa,bb,bb,bb,aa,bb,bb,aa,aa,aa,aa,bb,bb,bb,aa,aa,aa,bb,aa,bb,bb,aa,aa,bb,aa,bb,aa,aa,bb,bb,bb,aa,aa,aa,aa,bb,aa,bb,aa,aa,bb,aa,bb,bb,bb,bb,aa,bb,aa,bb,bb,bb,aa,bb,bb,bb,aa,bb,bb,bb,bb,bb,bb,aa,aa,aa,aa,aa,bb,bb,aa,bb,aa,aa,bb,bb,aa,bb,aa,aa,aa,aa,aa,bb,aa,aa,bb,aa,bb,aa,aa,bb,bb,bb,bb,bb,bb,aa,bb,bb,bb,aa,bb,aa,aa,bb,bb,aa,aa,bb,bb,bb,bb,bb,bb,aa,bb,bb,aa,bb,aa,aa,bb,aa,aa,aa,bb,bb,aa,aa,aa,bb,bb,aa,aa,bb,bb,bb,aa,bb,bb,aa,bb,aa,aa,aa,bb,aa,aa,bb,bb,aa,bb,aa,aa,aa,bb,bb,bb,aa,bb,bb,aa,bb,bb,aa,bb,bb,aa,bb,aa,bb,bb,aa,bb,aa,aa,aa,aa,aa,bb,aa,aa,aa,aa,bb,aa,aa,bb,aa,bb,bb,aa,bb,bb,aa,aa,aa,bb,aa,aa,aa,aa,aa,aa,bb,aa,aa,aa,bb,aa,aa,bb,aa,aa,bb,bb,bb,aa,aa,bb,aa,bb,aa,bb,bb,aa,aa,aa,bb,bb,bb,bb,bb,bb,bb,aa,bb,aa,aa,bb,bb,aa,aa,bb,bb,bb,bb,aa,bb,aa,aa,aa,aa,bb,aa,bb,bb,aa,bb,bb,bb,aa,bb,bb,aa,aa,aa,bb,aa,bb,aa,bb,aa,bb,bb,aa,bb,aa,aa,bb,aa,aa,bb,bb,bb,aa,bb,bb,aa,aa,aa,aa,bb,aa,bb,bb,bb,aa,aa,aa,aa,aa,aa,aa,bb,bb,aa,aa,bb,aa,aa,bb,bb,bb,aa,bb,aa,aa,bb,bb,bb,bb,bb,bb,bb,aa,bb,bb,aa,bb,aa,bb,aa,bb,bb,aa,bb,bb,bb,aa,aa,aa,aa,bb,aa,aa,bb,bb,bb,bb,bb,bb,bb,aa,aa,bb,aa,bb,bb,bb,bb,bb,bb,bb,aa,aa,bb,bb,aa,bb,bb,bb,aa,aa,aa,bb,aa,aa,bb,bb,aa,bb,aa,aa,aa,aa,bb,bb,bb,aa,aa,bb,aa,bb,bb,bb,aa,bb,aa,aa,aa,aa,bb,aa,bb,aa,bb,aa,bb,bb,bb,aa,aa,aa,aa,bb,aa,bb,bb,bb,bb,bb,bb,aa,bb,bb,aa,aa,aa,bb,bb,aa,aa,aa,aa,bb,bb,aa,aa,bb,aa,aa,aa,aa,aa,bb,bb,aa,aa,aa,aa,bb,bb,bb,bb,aa,aa,bb,bb,aa,bb,aa,aa,bb,aa,aa,aa,bb,bb,aa,aa,aa,bb,bb,aa,bb,bb,bb,aa,aa,aa,aa,aa,bb,bb,aa,aa,bb,bb,bb,bb,bb,aa,aa,aa,aa,aa,aa,aa,bb,bb,aa,aa,aa,bb,bb,bb,bb,bb,bb,aa,aa,aa,bb,aa,aa,aa,bb,bb,bb,bb,aa,bb,bb,aa,aa,bb,bb,aa,aa,bb,aa,bb,bb,aa,bb,aa,bb,aa,bb,bb,aa,aa,bb,bb,aa,bb,aa,aa,bb,aa,bb,bb,aa,bb,aa,aa,bb,bb,aa,bb,aa,bb,aa,aa,aa,aa,bb,bb,aa,aa,aa,bb,aa,aa,bb,aa,bb,bb,bb,bb,bb,bb,aa,bb,aa,bb,aa,bb,aa,aa,aa,bb,bb,aa,bb,bb,bb,bb,bb,aa,bb,aa,aa,aa,bb,bb,aa,aa,bb,bb,bb,aa,aa,aa,aa,bb,bb,bb,bb,aa,bb,bb,aa,aa,aa,bb,bb,aa,bb,aa,aa,bb,aa,bb,aa,bb,aa,bb,bb,aa,aa,bb,aa,aa,bb,bb,aa,bb,aa,bb,aa,bb,bb,aa,aa,bb,aa,aa,aa,aa,aa,bb,aa,aa,bb,bb,bb,bb,bb,aa,bb,aa,aa,bb,bb,bb,aa,aa,bb,aa,aa,aa,bb,aa,aa,aa,bb,bb,bb,bb,bb,aa,bb,bb,bb,bb,bb,aa,aa,bb,bb,aa,aa,aa,aa,bb,bb,bb,bb,aa,bb,bb,bb,bb,aa,bb,bb,bb,aa,bb,aa,bb,aa,bb,aa,bb,bb,aa,bb,aa,aa,bb,aa,bb,aa,aa,bb,bb,bb,bb,aa,bb,aa,aa,aa,bb,bb,bb,aa,aa,aa,aa,aa,aa,aa,aa,bb,aa,aa,bb,bb,bb,aa,bb,bb,bb,bb,aa,bb,aa,aa,aa,aa,aa,aa,aa,aa,aa,aa,aa,aa,bb,bb,bb,aa,aa,aa,aa,bb,aa,aa,bb,aa,aa,aa,bb,aa,aa,bb,aa,aa,aa,aa,aa,bb,aa,aa,bb,bb,bb,aa,bb,aa,aa,aa,bb,bb,aa,bb,aa,bb,bb,bb,aa,bb,aa,aa,aa,aa,aa,aa,aa,bb,bb,aa,aa,aa,aa,aa,bb,bb,bb,bb,aa,bb,bb,bb,aa,bb,bb,aa,aa,bb,aa,bb,aa,aa,aa,aa,aa,bb,aa,aa,bb,bb,bb,bb,bb,bb,bb,aa,aa,aa,bb,aa,aa,bb,aa,aa,aa,bb,aa,aa,bb,bb,bb,aa,aa,bb,aa,bb,bb,aa,aa,aa,bb,bb,aa,bb,aa,aa,aa,aa,aa,aa,bb,aa,bb,bb,bb,bb,bb,aa,aa,bb,bb,aa,bb,aa,aa,bb,bb,bb,bb,aa,aa,aa,aa,bb,aa,bb,bb,bb,bb,aa,bb,aa,bb,bb,aa,aa,bb,bb,bb,bb,bb,aa,aa,bb,aa,aa,aa,aa,aa,aa,aa,bb,aa,bb,bb,aa,aa,bb,aa,bb,aa,bb,bb,bb,aa,bb,bb,bb,aa,bb,bb,bb,aa,aa,bb,aa,aa,aa,bb,bb,aa,aa,aa,bb,bb,aa,bb,bb,bb,aa,aa,aa,bb,aa,aa,aa,aa,bb,bb,bb,bb,aa,bb,aa,aa,bb,aa,aa,bb,bb,aa,bb,bb,bb,bb,aa,bb,aa,aa,aa,bb,aa,aa,bb,bb,aa,bb,aa,bb,aa,bb,bb,aa,aa,bb,aa,bb,aa,bb,bb,bb,bb,aa,bb,bb,aa,aa,bb,bb,aa,aa,aa,aa,aa,bb,aa,aa,bb,aa,aa,aa,bb,aa,bb,bb,bb,aa,aa,bb,bb,aa,bb,aa,bb,aa,bb,bb,bb,bb,bb,aa,aa,bb,bb,bb,bb,bb,bb,bb,aa,aa,aa,bb,aa,bb,bb,aa,bb,bb,bb,aa,bb,bb,aa,bb,bb,aa,bb,bb,bb,aa,aa,aa,bb,bb,aa,bb,aa,bb,bb,aa,bb,bb,bb,bb,aa,bb,bb,bb,aa,bb,aa,aa,bb,aa,bb,aa,bb,aa,bb,bb,bb,aa,bb,aa,bb,bb,aa,aa,aa,aa,bb,aa,bb,aa,bb,aa,aa,aa,bb,bb,aa,aa,bb,bb,bb,aa,bb,aa,aa,aa,aa,aa,bb,bb,aa,bb,bb,bb,bb,bb,bb,bb,aa,bb,bb,aa,bb,bb,aa,bb,bb,aa,bb,aa,bb,bb,aa,aa,bb,aa,bb,aa,aa,bb,bb,aa,aa,bb,bb,bb,bb,aa,bb,bb,bb,aa,aa,bb,aa,aa,bb,aa,aa,bb,bb,bb,bb,bb,bb,aa,aa,aa,bb,bb,bb,aa,aa,bb,bb,bb,bb,bb,bb,aa,aa,aa,aa,bb,bb,aa,aa,bb,aa,bb,aa,aa,aa,bb,aa,aa,bb,aa,bb,bb,bb,bb,aa,aa,aa,bb,bb,bb,bb,aa,aa,aa,bb,aa,aa,bb,bb,bb,aa,bb,aa,bb,aa,bb,bb,aa,bb,bb,bb,bb,aa,aa,aa,bb,aa,bb,bb,aa,aa,aa,bb,aa,aa,bb,bb,bb,bb,aa,bb,aa,aa,aa,aa,aa,bb,bb,bb,aa,bb,bb,aa,bb,aa,bb,aa,aa,aa,aa,bb,bb,aa,bb,bb,bb,bb,bb,bb,aa,bb,bb,bb,aa,bb,aa,aa,bb,aa,bb,aa,aa,aa,bb,bb,bb,bb,aa,bb,bb,aa,aa,bb,aa,bb,aa,bb,aa,bb,bb,aa,aa,bb,aa,bb,bb,aa,bb,bb,aa,bb,bb,aa,aa,bb,bb,bb,bb,aa,bb,bb,bb,bb,aa,aa,aa,bb,bb,bb,bb,aa,bb,aa,aa,aa,aa,bb,bb,aa,aa,aa,aa,bb,aa,bb,bb,aa,aa,aa,aa,aa,aa,aa,aa,aa,aa,bb,aa,bb,aa,bb,bb,aa,aa,bb,aa,aa,aa,bb,aa,aa,aa,aa,aa,aa,aa,aa,bb,aa,bb,bb,aa,aa,aa,aa,bb,bb,aa,aa,bb,aa,aa,bb,bb,bb,aa,aa,aa,bb,aa,aa,bb,bb,aa,bb,bb,aa,bb,aa,aa,aa,aa,aa,bb,bb,aa,aa,aa,aa,bb,aa,aa,bb,aa,bb,bb,aa,aa,bb,bb,aa,aa,bb,bb,aa,aa,aa,aa,aa,bb,aa,aa,bb,bb,bb,bb,aa,bb,bb,bb,bb,aa,bb,bb,aa,aa,bb,aa,aa,bb,aa,bb,aa,aa,bb,aa,bb,bb,aa,aa,aa,bb,bb,bb,bb,aa,bb,bb,aa,bb,aa,aa,bb,bb,bb,bb,aa,bb,bb,bb,bb,bb,bb,bb,bb,bb,bb,bb,bb,bb,bb,aa,aa,aa,aa,bb,aa,aa,aa,aa,aa,bb,bb,bb,bb,aa,bb,aa,aa,bb,bb,bb,bb,bb,aa,aa,aa,aa,bb,aa,bb,bb,bb,aa,bb,aa,aa,aa,aa,bb,aa,aa,aa,aa,aa,bb,aa,aa,bb,aa,bb,aa,bb,bb,bb,aa,bb,bb,bb,bb,bb,aa,bb,aa,bb,bb,aa,aa,aa,aa,bb,aa,aa,bb,bb,bb,aa,aa,bb,bb,bb,aa,bb,aa,bb,aa,bb,bb,bb,aa,aa,bb,bb,bb,bb,bb,bb,bb,aa,bb,bb,bb,bb,bb,aa,bb,aa,aa
529L,aa,aa,aa,aa,aa,aa,bb,bb,aa,bb,bb,aa,bb,aa,aa,bb,bb,bb,aa,aa,bb,aa,aa,bb,bb,aa,bb,bb,bb,bb,bb,bb,bb,bb,aa,aa,bb,bb,aa,bb,bb,aa,aa,aa,aa,bb,bb,bb,aa,aa,aa,bb,bb,aa,aa,aa,aa,aa,aa,bb,aa,aa,aa,bb,aa,bb,aa,aa,aa,aa,aa,bb,aa,bb,bb,bb,aa,bb,bb,aa,aa,aa,aa,bb,bb,bb,bb,aa,aa,bb,bb,aa,bb,aa,aa,bb,bb,aa,bb,bb,bb,aa,aa,bb,aa,aa,aa,bb,aa,bb,bb,bb,bb,bb,aa,aa,bb,aa,aa,aa,bb,aa,aa,bb,aa,bb,bb,aa,bb,bb,aa,bb,bb,aa,bb,bb,aa,bb,bb,aa,aa,bb,aa,bb,bb,aa,bb,aa,aa,aa,aa,bb,bb,bb,aa,aa,aa,aa,bb,aa,bb,aa,aa,bb,aa,bb,aa,aa,aa,bb,aa,aa,aa,bb,bb,aa,aa,aa,aa,bb,aa,aa,aa,bb,aa,aa,bb,aa,bb,bb,aa,bb,bb,bb,bb,bb,aa,bb,bb,aa,bb,aa,bb,bb,bb,bb,aa,bb,bb,aa,aa,bb,bb,aa,bb,bb,aa,aa,aa,bb,aa,aa,bb,bb,bb,aa,aa,bb,bb,aa,bb,aa,bb,aa,bb,bb,aa,bb,aa,bb,bb,bb,bb,bb,aa,bb,bb,bb,aa,aa,aa,aa,aa,bb,aa,aa,aa,aa,bb,bb,bb,bb,bb,aa,bb,bb,aa,aa,aa,aa,aa,aa,aa,bb,bb,aa,bb,bb,aa,aa,bb,aa,bb,aa,aa,bb,bb,aa,aa,bb,aa,aa,aa,aa,aa,aa,bb,bb,aa,aa,aa,bb,aa,aa,aa,bb,bb,bb,aa,bb,bb,bb,aa,aa,bb,bb,aa,bb,aa,bb,aa,bb,bb,bb,aa,bb,aa,aa,aa,bb,aa,aa,aa,aa,bb,aa,bb,bb,aa,aa,aa,aa,aa,aa,bb,bb,bb,aa,aa,bb,aa,aa,aa,bb,aa,bb,bb,bb,aa,aa,bb,aa,bb,bb,bb,bb,bb,bb,bb,bb,bb,aa,aa,bb,bb,bb,bb,aa,aa,aa,aa,bb,bb,bb,aa,aa,aa,aa,aa,aa,aa,bb,bb,aa,bb,aa,aa,aa,bb,aa,bb,aa,aa,aa,aa,bb,bb,bb,bb,aa,aa,bb,aa,aa,bb,bb,bb,aa,bb,bb,aa,aa,aa,aa,bb,bb,bb,bb,aa,bb,aa,aa,aa,aa,aa,aa,aa,bb,bb,aa,bb,bb,aa,aa,aa,bb,aa,bb,bb,aa,aa,aa,aa,aa,aa,aa,aa,bb,bb,bb,aa,bb,bb,bb,aa,bb,aa,bb,aa,bb,bb,aa,aa,bb,aa,aa,aa,bb,aa,aa,aa,bb,bb,aa,aa,aa,bb,bb,aa,bb,aa,bb,aa,aa,aa,aa,aa,bb,aa,aa,bb,aa,aa,aa,aa,bb,aa,aa,aa,aa,aa,aa,aa,bb,bb,bb,aa,bb,aa,bb,aa,bb,bb,aa,bb,bb,aa,bb,bb,bb,bb,aa,bb,aa,aa,bb,bb,bb,bb,aa,aa,bb,aa,aa,aa,bb,bb,bb,bb,aa,bb,aa,bb,bb,bb,aa,aa,bb,bb,aa,aa,aa,aa,bb,bb,aa,bb,bb,aa,aa,bb,bb,aa,aa,aa,bb,bb,aa,aa,aa,bb,aa,bb,bb,aa,aa,aa,aa,bb,aa,aa,aa,bb,bb,aa,bb,bb,aa,aa,aa,aa,bb,bb,aa,aa,aa,aa,bb,bb,aa,bb,bb,bb,bb,aa,bb,aa,bb,aa,aa,aa,aa,bb,bb,aa,aa,bb,aa,bb,bb,bb,aa,bb,bb,bb,aa,aa,bb,bb,aa,aa,bb,aa,aa,bb,aa,bb,aa,bb,aa,aa,bb,aa,aa,bb,bb,bb,bb,bb,bb,aa,aa,bb,aa,aa,aa,aa,aa,aa,aa,bb,aa,bb,aa,aa,bb,aa,bb,bb,aa,bb,aa,bb,bb,bb,aa,aa,aa,aa,aa,bb,bb,aa,aa,aa,aa,bb,bb,bb,aa,bb,bb,aa,bb,aa,aa,bb,bb,aa,bb,bb,bb,aa,aa,bb,aa,bb,aa,bb,aa,aa,aa,bb,bb,bb,aa,aa,aa,bb,bb,aa,bb,aa,bb,aa,bb,aa,aa,bb,aa,aa,bb,bb,aa,aa,bb,aa,bb,aa,aa,bb,aa,aa,bb,aa,aa,aa,bb,bb,aa,bb,bb,aa,aa,bb,bb,bb,bb,aa,aa,bb,aa,bb,aa,aa,aa,bb,bb,aa,aa,aa,aa,bb,bb,bb,bb,aa,bb,aa,bb,aa,bb,aa,bb,bb,aa,aa,bb,bb,bb,bb,bb,bb,bb,bb,bb,aa,aa,aa,bb,aa,bb,aa,aa,bb,bb,bb,bb,aa,aa,bb,bb,aa,bb,bb,bb,bb,aa,bb,aa,aa,aa,bb,bb,bb,aa,aa,aa,aa,aa,aa,aa,bb,bb,aa,aa,bb,aa,bb,bb,bb,aa,bb,aa,bb,aa,aa,bb,bb,bb,bb,aa,bb,aa,bb,bb,bb,bb,aa,aa,bb,bb,bb,bb,bb,bb,aa,aa,bb,aa,bb,bb,aa,bb,bb,bb,aa,aa,bb,bb,bb,bb,bb,aa,bb,bb,aa,bb,aa,aa,bb,aa,aa,aa,aa,bb,bb,aa,bb,aa,bb,bb,aa,bb,bb,bb,aa,aa,aa,aa,aa,aa,bb,aa,aa,bb,bb,bb,bb,bb,bb,aa,aa,bb,aa,aa,aa,bb,bb,bb,aa,aa,bb,aa,bb,aa,aa,aa,bb,aa,bb,aa,bb,bb,aa,bb,bb,aa,aa,aa,aa,aa,aa,bb,aa,aa,bb,bb,aa,aa,aa,aa,aa,aa,bb,bb,aa,bb,aa,bb,aa,aa,aa,bb,aa,aa,bb,bb,aa,bb,bb,bb,aa,bb,aa,bb,aa,bb,bb,aa,aa,aa,bb,aa,bb,bb,aa,bb,bb,aa,aa,aa,aa,bb,aa,bb,bb,aa,bb,bb,aa,bb,bb,aa,bb,aa,aa,bb,aa,bb,bb,aa,aa,bb,bb,bb,bb,bb,bb,bb,aa,aa,bb,aa,bb,aa,bb,bb,aa,bb,bb,bb,aa,bb,aa,bb,aa,bb,bb,aa,aa,bb,bb,aa,bb,bb,aa,aa,aa,aa,bb,bb,bb,aa,bb,aa,bb,aa,aa,aa,bb,aa,aa,aa,bb,bb,aa,aa,bb,bb,aa,bb,aa,bb,bb,aa,aa,bb,aa,aa,bb,bb,bb,aa,aa,bb,aa,aa,aa,aa,bb,aa,bb,bb,bb,bb,aa,bb,bb,bb,bb,bb,bb,bb,bb,bb,bb,bb,bb,aa,aa,aa,bb,aa,aa,aa,bb,aa,aa,aa,aa,bb,aa,aa,bb,aa,aa,bb,bb,bb,bb,aa,aa,aa,aa,bb,aa,aa,aa,aa,bb,aa,aa,bb,aa,aa,aa,aa,aa,aa,bb,aa,aa,aa,bb,bb,aa,aa,bb,aa,aa,bb,aa,bb,bb,aa,aa,aa,aa,aa,aa,aa,aa,aa,aa,bb,bb,aa,aa,bb,bb,bb,bb,bb,bb,aa,aa,aa,aa,bb,aa,bb,aa,bb,bb,aa,aa,aa,bb,aa,aa,aa,bb,bb,bb,bb,aa,bb,bb,bb,aa,aa,aa,aa,aa,bb,aa,bb,aa,bb,aa,bb,aa,bb,aa,bb,bb,bb,bb,bb,aa,aa,bb,bb,aa,bb,bb,aa,aa,bb,aa,aa,bb,aa,aa,aa,bb,bb,bb,aa,aa,aa,aa,bb,bb,bb,aa,aa,aa,aa,aa,bb,aa,aa,bb,aa,aa,bb,aa,aa,aa,aa,bb,bb,bb,aa,bb,aa,bb,aa,bb,aa,bb,bb,bb,aa,aa,aa,aa,aa,bb,bb,bb,aa,bb,bb,aa,bb,aa,bb,bb,aa,aa,bb,bb,aa,aa,bb,aa,aa,bb,aa,aa,bb,bb,aa,aa,bb,aa,bb,aa,bb,bb,aa,bb,bb,bb,bb,bb,aa,bb,bb,aa,aa,bb,bb,bb,bb,aa,bb,bb,bb,aa,aa,aa,aa,aa,bb,aa,bb,aa,bb,bb,aa,bb,bb,bb,aa,bb,aa,aa,bb,aa,aa,bb,aa,bb,aa,bb,bb,bb,bb,aa,bb,aa,aa,bb,bb,bb,aa,bb,bb,bb,aa,bb,bb,bb,aa,bb,aa,bb,bb,bb,aa,bb,aa,bb,aa,aa,bb,bb,bb,aa,aa,aa,aa,aa,aa,bb,bb,bb,bb,bb,bb,aa,bb,aa,aa,aa,bb,aa,bb,aa,aa,bb,bb,bb,aa,bb,aa,bb,bb,bb,aa,aa,aa,bb,bb,bb,aa,bb,aa,aa,aa,bb,bb,bb,aa,bb,aa,bb,bb,bb,bb,bb,aa,aa,aa,aa,aa,aa,bb,aa,bb,bb,aa,aa,bb,bb,aa,bb,aa,bb,aa,aa,bb,bb,bb,bb,aa,bb,aa,bb,aa,bb,bb,bb,bb,aa,aa,bb,aa,bb,aa,bb,aa,aa,aa,bb,bb,bb,aa,aa,aa,bb,aa,aa,aa,bb,aa,aa,aa,aa,bb,bb,bb,bb,bb,aa,aa,bb,bb,aa,bb,aa,aa,aa,aa,aa,bb,aa,bb,bb,aa,aa,aa,aa,bb,bb,aa,bb,aa,bb,bb,bb,aa,aa,bb,bb,aa,bb,bb,aa,aa,aa,aa,bb,bb,bb,aa,bb,bb,aa,aa,aa,bb,bb,aa,bb,aa,bb,bb,bb,aa,aa,bb,bb,aa,bb,bb,aa,aa,bb,bb,aa,bb,aa,aa,bb,bb,aa,aa,aa,bb,aa,bb,aa,aa,bb,bb,bb,aa,aa,bb,aa,bb,bb,bb,aa,bb,bb,bb,bb,bb,aa,aa,bb,bb,aa,aa,aa,aa,bb,bb,bb,aa,aa,bb,aa,aa,aa,aa,bb,aa,aa,bb,aa,aa,aa,bb,aa,bb,aa,bb,bb,aa,aa,bb,aa,aa,aa,bb,aa,bb,bb,bb,bb,bb,bb,aa,aa,aa,aa,bb,bb,bb,aa,bb,aa,aa,aa,aa,bb,aa,bb,aa,bb,aa,aa,aa,bb,aa,bb,bb,bb,bb,bb,aa,bb,bb,aa,aa,aa,aa,bb,aa,bb,aa,aa,aa,aa,aa,aa,aa,bb,bb,bb,aa,bb,bb,aa,aa,bb,aa,aa,bb,bb,bb,aa,aa,bb,bb,bb,bb,aa,bb,bb,aa,bb,bb,bb,bb,bb,aa,bb,aa,aa,bb,aa,bb,aa,bb,bb,bb,aa,bb,bb,bb,aa,bb,bb,bb,aa,bb,bb,bb,bb,bb,bb,bb,aa,aa,aa,bb,bb,aa,bb,aa,bb,bb,bb,bb,bb,bb,aa,bb,aa,bb,bb,bb,aa,aa,bb,bb,aa,bb,bb,aa,aa,aa,aa,aa,bb,bb,aa,aa,aa,aa,aa,bb,bb,aa,aa,bb,bb,aa,aa,bb,aa,aa,aa,aa,bb,bb,aa,bb,bb,aa,bb,aa,bb,bb,bb,bb,aa,bb,aa,aa,aa,aa,aa,bb,aa,aa,bb,aa,bb,bb,aa,bb,bb,bb,aa,bb,bb,aa,bb,aa,aa,aa,aa,bb,bb,bb,aa,bb,aa,aa,aa,bb,bb,aa,bb,bb,aa,aa,aa,aa,aa,bb,bb,aa,bb,bb,bb,bb,bb,bb,aa,aa,aa,bb,bb,aa,bb,bb,aa,aa,aa,aa,aa,bb,bb,aa,bb,aa,aa,bb,bb,bb,aa,bb,aa,aa,bb,aa,aa,bb,aa,aa,aa,aa,aa,aa,aa,bb,aa,aa,aa,aa,aa,bb,bb,bb,aa,aa,aa,bb,bb,bb,bb,bb,aa,bb,aa,bb,bb,aa,bb,aa,aa,aa,aa,bb,bb,aa,bb,aa,bb,bb,bb,bb,aa,aa,aa,aa,bb,aa,aa,bb,bb,aa,bb,aa,bb,aa,aa,bb,bb,bb,aa,bb,aa,bb,aa,bb,bb,bb,bb,bb,aa,bb,aa,bb,bb,bb,aa,bb,aa,aa,aa,aa,bb,bb,aa,bb,aa,aa,bb,bb,bb,aa,aa,aa,bb,bb,bb,bb,bb,aa,bb,bb,bb,bb,bb,bb,bb,bb,aa,bb,aa,aa,bb,aa,aa,aa,bb,aa,aa,aa,bb,aa,aa,aa,aa,aa,aa,bb,aa,bb,bb,bb,bb,aa,bb,aa,aa,aa,aa,bb,aa,bb,bb,bb,bb,bb,bb,aa,aa,bb,bb,bb,aa,bb,aa,bb,aa,bb,bb,aa,aa,aa,aa,bb,bb,bb,bb,bb,aa,aa,aa,aa,aa,bb,aa,bb,bb,aa,aa,aa,bb,aa,bb,bb,aa,aa,bb,bb,bb,bb,bb,bb,bb,bb,bb,bb,aa,bb,aa,bb,bb,bb,bb,bb,aa,aa,bb,aa,aa,bb,bb,bb,bb,aa,aa,aa,bb,aa,aa,aa,aa,bb,bb,aa,aa,bb,bb,aa,aa,aa,bb,bb,bb,bb,bb,bb,aa,aa,aa,aa,aa,bb,bb,aa,aa,bb,bb,aa,aa,aa,aa,bb,bb,aa,bb,bb,aa,aa,bb,aa,bb,aa,bb,aa,bb,aa,bb,bb,bb,aa,bb,aa,bb,bb,aa,aa,bb,aa,aa,aa,bb,bb,aa,aa,bb,aa,bb,aa,bb,bb,aa,aa,bb,aa,bb,bb,aa,bb,bb,aa,aa,bb,aa,bb,aa,aa,aa,bb,bb,bb,bb,aa,aa,aa,bb,aa,aa,aa,aa,aa,aa,aa,bb,bb,aa,aa,aa,aa,bb,aa,aa,bb,bb,bb,bb,bb,bb,aa,aa,aa,bb,aa,aa,bb,aa,aa,bb,bb,bb,bb,bb,aa,aa,bb,aa,aa,bb,bb,aa,bb,aa,bb,bb,bb,bb,aa,aa,bb,aa,aa,aa,bb,bb,aa,aa,bb,aa,bb,bb,aa,bb,bb,bb,bb,bb,aa,bb,aa,aa,aa,aa,bb,aa,aa,aa,aa,bb,aa,aa,bb,bb,bb,bb,bb,aa,bb,bb,aa,bb,aa,aa,aa,aa,bb,bb,aa,bb,bb,bb,bb,aa,aa,bb,aa,bb,bb,bb,aa,aa,aa,bb,bb,bb,aa,aa,bb,bb,aa,bb,aa,aa,aa,aa,aa,aa,aa,bb,aa,aa,aa,aa,bb,aa,bb,aa,bb,bb,bb,bb,aa,bb,aa,aa,bb,aa,aa,bb,aa,aa,aa,aa,aa,bb,aa,bb,bb,bb,aa,aa,bb,aa,aa,bb,bb,bb,bb,bb,bb,aa,aa,bb,aa,aa,aa,aa,aa,aa,aa,bb,bb,bb,bb,aa,aa,aa,bb,aa,bb,aa,bb,aa,bb,aa,bb,bb,aa,aa,bb,aa,bb,bb,aa,aa,bb,aa,bb,aa,aa,bb,bb,bb,bb,aa,bb,bb,bb,aa,aa,aa,aa,aa,aa,aa,aa,bb,aa,aa,aa,aa,bb,bb,bb,aa,bb,bb,bb,bb,bb,bb,aa,aa,bb,bb,bb,aa,aa,bb,bb,bb,bb,aa,bb,bb,aa,aa,aa,aa,bb,aa,aa,bb,aa,bb,bb,aa,bb,bb,bb,bb,aa,bb,aa,aa,bb,aa,aa,aa,aa,aa,bb,bb,aa,bb,bb,bb,bb,bb,bb,aa,aa,bb,aa,bb,bb,aa,bb,aa,aa,bb,bb,bb,aa,aa,bb,aa,bb,bb,bb,aa,aa,aa,bb,aa,bb,bb,aa,aa,aa,aa,bb,aa,aa,aa,bb,bb,aa,bb,aa,aa,bb,bb,aa,bb,bb,bb,bb,bb,aa,aa,bb,bb,aa,bb,bb,aa,bb,aa,bb,aa,aa,aa,aa,bb,bb,aa,bb,aa,aa,bb,bb,aa,bb,aa,bb,aa,aa,bb,bb,bb,bb,bb,bb,bb,aa,bb,aa,bb,bb,aa,aa,aa,bb,aa,aa,aa,bb,bb,aa,bb,bb,aa,bb,aa,aa,aa,aa,bb,bb,aa,aa,aa,bb,bb,aa,bb,aa,aa,bb,aa,aa,bb,bb,aa,aa,bb,aa,bb,aa,aa,aa,aa,aa,aa,aa,aa,aa,bb,bb,bb,bb,bb,bb,bb,aa,aa,bb,bb,aa,aa,aa,aa,aa,aa,aa,aa,aa,bb,bb,aa,aa,aa,bb,bb,aa,aa,bb,bb,bb,aa,aa,bb,bb,bb,bb,aa,bb,bb,bb,aa,bb,aa,bb,aa,aa,bb,aa,bb,aa,bb,bb,aa,bb,bb,bb,bb,bb,aa,aa,aa,bb,bb,bb,aa,aa,aa,bb,bb,bb,bb,bb,bb,aa,aa,aa,aa,bb,bb,bb,aa,aa,aa,bb,aa,aa,bb,aa,bb,bb,bb,bb,bb,bb,bb,aa,bb,aa,bb,aa,aa,bb,aa,bb,aa,aa,aa,bb,bb,bb,bb,bb,aa,bb,aa,aa,aa,bb,aa,bb,aa,aa,bb,bb,aa,aa,aa,aa,bb,bb,aa,bb,bb,aa,bb,aa,bb,bb,bb,aa,bb,bb,bb,aa,bb,bb,aa,aa,aa,aa,bb,bb,aa,bb,aa,aa,bb,bb,bb,bb,bb,aa,aa,bb,aa,aa,bb,bb,bb,aa,aa,aa,bb,aa,aa,aa,aa,bb,aa,aa,aa,bb,aa,aa,bb,bb,aa,aa,bb,bb,aa,bb,aa,aa,bb,bb,bb,bb,bb,bb,bb,aa,aa,aa,aa,aa,aa,bb,bb,aa,aa,aa,bb,bb,aa,aa,aa,aa,aa,aa,bb,aa,bb,bb,bb,aa,bb,bb,bb,bb,aa,bb,aa,bb,aa,aa,bb,aa,aa,bb,bb,aa,bb,aa,aa,aa,aa,aa,aa,bb,aa,aa,aa,aa,aa,aa,aa,bb,aa,aa,aa,bb,aa,aa,bb,bb,bb,bb,bb,aa,bb,bb,bb,bb,bb,bb,bb,aa,aa,bb,aa,aa,aa,aa,aa,bb,bb,bb,aa,aa,bb,bb,bb,bb,bb,aa,aa,bb,aa,bb,bb,aa,bb,aa,bb,bb,bb,aa,aa,bb,bb,aa,aa,aa,bb,bb,bb,bb,bb,aa,bb,aa,aa,aa,aa,bb,bb,bb,bb,bb,aa,aa,bb,aa,bb,bb,aa,aa,bb,bb,aa,aa,bb,aa,aa,bb,bb,bb,aa,bb,aa,aa,aa,bb,bb,bb,bb,aa,aa,aa,aa,bb,bb,aa,bb,bb,bb,bb,aa,bb,bb,bb,aa,bb,bb,bb,bb,bb,aa,aa,aa,aa,bb,aa,aa,bb,aa,bb,bb,bb,bb,aa,bb,aa,aa,aa,aa,bb,aa,bb,bb,bb,aa,aa,aa,bb,bb,bb,aa,aa,aa,aa,aa,bb,bb,bb,bb,aa,aa,bb,bb,aa,aa,aa,bb,bb,aa,bb,bb,bb,aa,aa,bb,bb,aa,aa,aa,bb,aa,bb,bb,aa,aa,aa,bb,aa,aa,bb,aa,aa,bb,aa,aa,bb,bb,bb,aa,aa,aa,aa,bb,bb,aa,bb,bb,aa,aa,bb,aa,aa,aa,bb,aa,bb,bb,aa,bb,aa,aa,bb,aa,aa,aa,aa,aa,aa,bb,aa,aa,bb,aa,aa,bb,bb,aa,aa,aa,bb,aa,aa,bb,bb,bb,aa,bb,aa,bb,bb,bb,bb,aa,aa,aa,aa,aa,bb,bb,aa,bb,bb,aa,bb,aa,bb,bb,aa,bb,bb,bb,bb,bb,bb,bb,bb,bb,aa,aa,aa,aa,bb,bb,aa,aa,bb,bb,aa,bb,bb,aa,aa,bb,bb,bb,bb,bb,bb,bb,aa,bb,aa,bb,aa,aa,aa,bb,bb,aa,bb,aa,aa,bb,aa,aa,bb,bb,bb,bb,aa,bb,aa,aa,bb,bb,aa,bb,aa,bb,aa,aa,bb,aa,aa,aa,bb,aa,bb,aa,aa,bb,aa,aa,aa,aa,bb,aa,bb,aa,bb,bb,bb,aa,aa,bb,aa,aa,bb,bb,aa,bb,aa,bb,aa,aa,bb,bb,bb,aa,bb,aa,bb,bb,aa,bb,bb,bb,bb,aa,bb,aa,bb,aa,bb,bb,aa,bb,bb,aa,aa,aa,aa,bb,bb,aa,aa,bb,bb,bb,bb,bb,aa,bb,bb,aa,bb,bb,bb,bb,aa,aa,bb,aa,aa,bb,bb,aa,bb,bb,aa,bb,aa,bb,bb,aa,aa,bb,bb,bb,bb,bb,aa,bb,aa,aa,bb,aa,aa,aa,aa,aa,aa,aa,aa,bb,bb,aa,bb,bb,bb,aa,bb,bb,bb,bb,aa,bb,bb,aa,aa,aa,bb,aa,aa,bb,bb,aa,aa,aa,bb,bb,bb,aa,aa,aa,aa,aa,bb,aa,aa,aa,bb,bb,bb,bb,bb,bb,aa,aa,bb,bb,aa,aa,bb,bb,aa,bb,bb,aa,aa,aa,bb,aa,bb,aa,bb,bb,bb,aa,aa,bb,bb,bb,bb,aa,aa,aa,bb,aa,bb,aa,aa,aa,bb,aa,bb,bb,bb,aa,bb,aa,aa,bb,bb,aa,bb,aa,aa,bb,bb,aa,bb,bb,aa,bb,aa,aa,aa,aa,aa,aa,bb,bb,aa,aa,aa,bb,bb,aa,bb,bb,bb,aa,bb,aa,bb,bb,aa,aa,aa,aa,aa,bb,bb,aa,bb,aa,bb,bb,aa,aa,bb,aa,aa,bb,bb,bb,aa,aa,bb,aa,bb,bb,bb,aa,bb,aa,bb,bb,aa,bb,bb,bb,bb,bb,aa,bb,bb,bb,bb,aa,bb,aa,aa,aa,bb,aa,bb,aa,bb,bb,bb,bb,aa,aa,aa,bb,bb,aa,aa,aa,bb,aa,aa,bb,bb,bb,bb,aa,aa,bb,bb,aa,bb,bb,aa,aa,aa,bb,aa,bb,bb,bb,aa,aa,aa,aa,bb,bb,aa,aa,aa,bb,bb,aa,bb,aa,bb,bb,bb,aa,aa,aa,aa,aa,aa,bb,bb,bb,aa,bb,bb,aa,bb,aa,aa,bb,aa,bb,aa,bb,aa,bb,bb,bb,bb,aa,bb,bb,bb,bb,bb,aa,bb,bb,aa,aa,bb,aa,bb,bb,aa,aa,bb,bb,bb,bb,aa,aa,bb,bb,bb,bb,bb,bb,aa,bb,aa,aa,aa,bb,aa,bb,aa,aa,aa,aa,aa,bb,bb,aa,aa,aa,aa,aa,bb,aa,bb,bb,bb,aa,bb,aa,bb,aa,bb,aa,bb,aa,bb,aa,bb,aa,aa,aa,bb,bb,aa,aa,bb,aa,bb,bb,bb,bb,aa,bb,aa,aa,bb,aa,bb,aa,aa,bb,aa,bb,aa,bb,aa,aa,bb,bb,bb,aa,bb,bb,bb,bb,aa,bb,aa,aa,aa,bb,aa,aa,bb,aa,aa,aa,aa,bb,aa,bb,aa,bb,aa,aa,aa,aa,bb,aa,aa,bb,bb,bb,aa,aa,aa,aa,aa,bb,bb,aa,aa,bb,aa,aa,bb,aa,aa,aa,aa,bb,aa,aa,bb,aa,aa,bb,bb,aa,aa,aa,bb,bb,bb,aa,bb,aa,aa,aa,bb,aa,bb,bb,bb,aa,bb,bb,aa,aa,bb,aa,aa,bb,bb,aa,bb,aa,aa,bb,bb,aa,aa,bb,bb,aa,aa,aa,aa,aa,bb,bb,aa,aa,aa,bb,bb,aa,bb,aa,aa,aa,aa,aa,bb,aa,aa,bb,bb,bb,aa,bb,aa,aa,aa,bb,bb,bb,aa,bb,bb,bb,aa,bb,aa,bb,aa,aa,bb,aa,bb,bb,aa,aa,aa,bb,bb,aa,aa,aa,aa,bb,aa,bb,aa,bb,bb,aa,aa,bb,aa,aa,bb,bb,aa,aa,bb,bb,bb,bb,bb,aa,aa,aa,bb,aa,bb,aa,aa,bb,aa,aa,aa,bb,aa,bb,bb,bb,bb,bb,aa,aa,aa,aa,bb,aa,bb,bb,bb,bb,bb,aa,aa,bb,aa,aa,bb,bb,aa,bb,bb,aa,bb,bb,bb,bb,aa,aa,bb,bb,aa,aa,bb,bb,bb,aa,aa,bb,bb,bb,aa,bb,aa,aa,bb,aa,bb,bb,aa,bb,bb,aa,aa,bb,bb,aa,bb,aa,aa,bb,aa,bb,aa,aa,aa,aa,bb,bb,bb,aa,bb,aa,aa,aa,aa,aa,aa,aa,aa,bb,bb,aa,bb,bb,bb,bb,bb,aa,aa,aa,bb,bb,aa,bb,aa,aa,bb,bb,aa,aa,aa,aa,aa,bb,bb,bb,aa,bb,aa,bb,aa,aa,aa,aa,bb,bb,bb,bb,bb,bb,bb,bb,bb,aa,aa,bb,aa,bb,bb,bb,bb,aa,bb,aa,bb,aa,bb,bb,bb,bb,aa,bb,bb,bb,aa,aa,bb,bb,bb,bb,bb,aa,aa,aa,aa,aa,aa,bb,aa,bb,bb,aa,aa,aa,aa,bb,bb,aa,bb,aa,aa,bb,aa,aa,aa,bb,aa,bb,bb,bb,bb,aa,aa,aa,aa,bb,bb,aa,aa,bb,bb,aa,aa,aa,bb,bb,aa,bb,aa,aa,aa,aa,bb,aa,bb,bb,bb,aa,bb,aa,bb,bb,bb,aa,bb,bb,aa,aa,bb,bb,aa,bb,bb,aa,bb,aa,aa,bb,bb,bb,aa,bb,aa,aa,aa,bb,bb,bb,aa,bb,bb,aa,aa,aa,aa,bb,aa,aa,bb,bb,aa,aa,bb,aa,bb,aa,aa,bb,aa,bb,aa,bb,bb,aa,aa,aa,bb,bb,aa,aa,aa,bb,aa,aa,bb,aa,bb,aa,aa,aa,bb,bb,bb,bb,bb,bb,aa,aa,aa,bb,aa,aa,bb,aa,bb,bb,bb,aa,bb,bb,bb,bb,bb,bb,bb,bb,bb,aa,aa,bb,aa,bb,bb,bb,aa,aa,bb,bb,aa,aa,bb,bb,bb,bb,aa,aa,aa,bb,bb,aa,bb,aa,bb,bb,bb,bb,aa,aa,bb,bb,aa,aa,aa,bb,aa,aa,aa,aa,bb,bb,bb,aa,aa,aa,bb,bb,aa,bb,aa,aa,bb,bb,bb,bb,bb,aa,aa,bb,bb,bb,aa,bb,aa,bb,aa,aa,bb,aa,bb,aa,bb,aa,bb,bb,aa,bb,aa,bb,aa,bb,bb,bb,aa,aa,bb,bb,bb,bb,aa,bb,bb,bb,aa,aa,aa,aa,bb,bb,bb,aa,bb,bb,aa,aa,bb,bb,aa,aa,aa,bb,aa,aa,bb,bb,aa,aa,aa,aa,bb,aa,bb,aa,bb,aa,aa,bb,bb,aa,bb,aa,aa,aa,aa,aa,aa,bb,bb,aa,bb,bb,aa,aa,bb,aa,aa,bb,aa,aa,aa,aa,aa,bb,bb,aa,bb,bb,aa,aa,bb,bb,bb,bb,bb,aa,aa,aa,bb,aa,bb,aa,aa,aa,aa,aa,aa,aa,bb,bb,aa,bb,bb,bb,bb,bb,aa,aa,bb,aa,bb,aa,aa,bb,aa,bb,aa,bb,bb,aa,bb,aa,aa,aa,aa,bb,bb,bb,aa,bb,bb,aa,aa,aa,bb,bb,bb,aa,aa,aa,bb,bb,bb,bb,bb,bb,aa,bb,aa,bb,aa,bb,aa,bb,bb,aa,bb,bb,aa,bb,bb,bb,aa,aa,aa,bb,bb,aa,bb,bb,aa,bb,aa,bb,bb,bb,aa,aa,bb,aa,bb,bb,aa,aa,aa,bb,aa,aa,aa,aa,bb,aa,aa,bb,aa,bb,bb,aa,aa,aa,aa,aa,bb,bb,aa,aa,bb,aa,bb,aa,bb,bb,bb,aa,aa,bb,bb,aa,bb,aa,aa,aa,aa,aa,bb,bb,bb,bb,bb,bb,aa,bb,aa,aa,aa,bb,aa,aa,aa,aa,aa,bb,aa,aa,bb,bb,bb,bb,aa,bb,aa,bb,bb,bb,aa,bb,aa,bb,bb,bb,bb,aa,aa,aa,aa,bb,aa,aa,aa,aa,aa,bb,aa,aa,aa,bb,aa,aa,aa,bb,aa,aa,aa,bb,aa,bb,bb,bb,bb,aa,bb,bb,aa,aa,aa,bb,aa,aa,aa,bb,bb,bb,aa,aa,aa,bb,aa,bb,bb,aa,aa,aa,bb,aa,aa,aa,bb,bb,bb,aa,bb,bb,bb,bb,bb,aa,bc,aa,bb,bb,bb,bb,bb,aa,bb,aa,aa,bb,aa,aa,bb,aa,aa,bb,aa,bb,bb,bb,aa,aa,aa,aa,bb,bb,aa,aa,bb,bb,aa,bb,aa,aa,aa,aa,aa,bb,aa,bb,bb,aa,bb,aa,aa,bb,aa,bb,bb,aa,bb,aa,aa,bb,aa,bb,bb,aa,bb,bb,aa,bb,bb,aa,aa,bb,aa,bb,bb,aa,bb,aa,aa,bb,aa,bb,aa,aa,aa,bb,bb,bb,bb,bb,bb,aa,aa,bb,bb,aa,aa,bb,aa,bb,bb,aa,bb,bb,bb,bb,bb,bb,bb,bb,aa,bb,bb,aa,bb,bb,aa,bb,bb,bb,bb,bb,bb,aa,aa,bb,aa,aa,bb,aa,aa,aa,aa,aa,bb,aa,aa,bb,aa,bb,aa,bb,aa,aa,aa,aa,aa,aa,bb,aa,bb,aa,bb,bb,aa,bb,bb,bb,bb,aa,aa,bb,bb,bb,bb,bb,bb,aa,bb,aa,bb,bb,bb,aa,bb,bb,bb,bb,bb,bb,aa,aa,bb,aa,aa,aa,bb,aa,aa,bb,aa,bb,bb,aa,bb,bb,aa,aa,aa,bb,bb,bb,aa,bb,aa,aa,bb,aa,bb,aa,aa,bb,aa,aa,aa,bb,aa,bb,bb,aa,bb,aa,aa,aa,ca,aa,bb,aa,aa,aa,aa,aa,aa,aa,aa,bb,aa,bb,aa,bb,aa,bb,bb,aa,bb,aa,aa,aa,bb,bb,bb,aa,aa,aa,aa,aa,aa,bb,bb,bb,bb,bb,aa,bb,aa,aa,aa,aa,aa,aa,bb,aa,bb,aa,aa,bb,bb,bb,bb,bb,bb,bb,bb,aa,aa,aa,aa,aa,bb,aa,bb,bb,bb,aa,bb,aa,aa,bb,aa,bb,bb,aa,bb,aa,bb,aa,bb,ac,aa,bb,aa,bb,bb,aa,aa,bb,aa,bb,bb,aa,aa,aa,aa,aa,aa,bb,bb,aa,bb,aa,bb,aa,bb,bb,aa,bb,bb,aa,bb,aa,bb,bb,bb,aa,aa,aa,aa,aa,aa,aa,bb,bb,bb,bb,bb,bb,aa,aa,bb,aa,bb,bb,aa,bb,bb,aa,aa,bb,bb,bb,bb,bb,aa,bb,aa,bb,aa,aa,bb,aa,aa,bb,aa,aa,bb,bb,bb,aa,bb,bb,bb,aa,aa,aa,bb,bb,aa,bb,aa,aa,bb,bb,aa,aa,bb,bb,aa,bb,bb,bb,aa,bb,aa,aa,bb,bb,bb,bb,aa,aa,bb,aa,aa,aa,aa,aa,bb,aa,aa,aa,aa,bb,bb,aa,bb,bb,aa,aa,bb,bb,aa,aa,aa,bb,aa,aa,bb,aa,bb,aa,bb,aa,aa,bb,aa,aa,bb,bb,bb,aa,aa,aa,bb,bb,bb,aa,aa,bb,aa,aa,aa,bb,bb,bb,bb,bb,aa,aa,aa,bb,bb,aa,aa,aa,bb,bb,bb,bb,bb,bb,bb,bb,bb,bb,bb,bb,bb,aa,bb,bb,bb,aa,bb,bb,aa,aa,bb,aa,bb,bb,bb,aa,bb,aa,aa,bb,bb,aa,aa,aa,bb,bb,aa,bb,aa,aa,bb,aa,aa,aa,aa,bb,bb,aa,aa,aa,aa,bb,bb,aa,aa,aa,bb,aa,bb,bb,aa,bb,bb,bb,bb,aa,bb,aa,aa,aa,aa,aa,bb,aa,bb,bb,bb,bb,bb,aa,aa,bb,bb,aa,aa,bb,aa,bb,aa,bb,bb,aa,bb,bb,aa,bc,bb,aa,aa,aa,aa,bb,bb,bb,aa,aa,bb,aa,bb,bb,bb,aa,aa,bb,aa,bb,aa,bb,bb,aa,aa,aa,bb,bb,bb,bb,aa,bb,bb,aa,bb,aa,aa,bb,bb,aa,bb,aa,aa,aa,bb,bb,bb,bb,aa,aa,bb,bb,aa,aa,aa,bb,bb,bb,bb,bb,bb,bb,bb,bb,bb,bb,aa,aa,aa,aa,aa,bb,aa,aa,aa,aa,aa,bb,bb,bb,bb,aa,aa,bb,aa,bb,aa,bb,bb,bb,bb,bb,bb,aa,bb,bb,bb,aa,aa,bb,aa,aa,aa,bb,bb,bb,aa,bb,bb,aa,bb,bb,aa,aa,bb,bb,bb,aa,aa,aa,aa,bb,bb,bb,aa,bb,bb,bb,aa,bb,bb,aa,aa,aa,bb,bb,aa,aa,bb,aa,bb,aa,bb,aa,bb,aa,aa,aa,bb,bb,bb,bb,bb,aa,aa,aa,aa,aa,aa,aa,bb,aa,aa,bb,bb,aa,bb,bb,aa,bb,bb,aa,aa,aa,aa,bb,bb,bb,bb,aa,bb,aa,bb,aa,bb,bb,aa,bb,aa,bb,bb,bb,bb,aa,bb,bb,bb,aa,aa,bb,bb,bb,aa,bb,bb,bb,aa,bb,bb,bb,aa,bb,bb,aa,bb,bb,aa,aa,aa,aa,aa,bb,bb,bb,aa,aa,aa,aa,aa,bb,aa,bb,bb,aa,bb,bb,aa,bb,aa,aa,aa,aa,bb,bb,aa,bb,aa,bb,bb,bb,bb,bb,bb,aa,aa,bb,aa,bb,bb,aa,bb,bb,aa,bb,bb,aa,bb,bb,aa,bb,aa,aa,bb,aa,bb,aa,bb,aa,bb,aa,aa,aa,aa,bb,bb,bb,bb,aa,aa,bb,bb,bb,aa,bb,bb,aa,bb,aa,aa,bb,bb,aa,aa,bb,aa,bb,aa,aa,bb,aa,aa,bb,bb,bb,bb,bb,aa,aa,aa,bb,aa,aa,aa,bb,aa,aa,aa,bb,bb,bb,aa,aa,aa,bb,bb,aa,bb,bb,bb,bb,bb,bb,aa,aa,bb,bb,bb,bb,bb,aa,aa,aa,aa,bb,bb,aa,aa,aa,aa,bb,bb,bb,bb,aa,aa,bb,aa,aa,bb,aa,bb,bb,bb,aa,aa,bb,aa,aa,aa,aa,bb,aa,bb,bb,bb,aa,bb,bb,bb,aa,bb,bb,bb,bb,aa,bb,bb,aa,bb,aa,aa,bb,aa,aa,aa,aa,aa,aa,bb,bb,bb,bb,aa,bb,bb,bb,bb,bb,bb,aa,aa,aa,aa,bb,aa,bb,bb,bb,aa,aa,aa,aa,aa,aa,aa,aa,aa,bb,aa,bb,bb,bb,aa,aa,bb,bb,aa,aa,bb,bb,bb,bb,aa,bb,bb,aa,aa,aa,bb,bb,bb,bb,bb,aa,bb,bb,aa,bb,aa,aa,bb,aa,bb,bb,aa,bb,bb,aa,bb,aa,aa,aa,bb,bb,aa,bb,aa,bb,bb,aa,aa,bb,aa,aa,aa,aa,bb,bb,bb,bb,aa,bb,bb,aa,aa,bb,aa,aa,bb,bb,aa,bb,bb,aa,aa,bb,aa,aa,bb,bb,bb,aa,aa,bb,aa,aa,bb,aa,bb,aa,bb,aa,bb,bb,bb,bb,bb,aa,aa,bb,aa,aa,bb,bb,aa,bb,aa,bb,aa,aa,bb,bb,aa,bb,bb,aa,bb,bb,aa,bb,aa,bb,aa,bb,aa,bb,bb,bb,bb,aa,bb,bb,bb,bb,bb,aa,aa,aa,aa,bb,bb,aa,bb,aa,bb,bb,bb,bb,aa,aa,bb,aa,aa,aa,aa,aa,bb,aa,bb,aa,aa,aa,bb,aa,aa,bb,aa,aa,aa,aa,bb,aa,aa,aa,aa,bb,bb,bb,bb,aa,bb,aa,bb,bb,bb,bb,aa,bb,aa,bb,bb,bb,aa,aa,aa,aa,aa,aa,bb,aa,bb,bb,bb,aa,aa,aa,bb,aa,bb,aa,aa,aa,bb,aa,bb,aa,aa,aa,bb,bb,aa,bb,bb,aa,aa,aa,aa,aa,bb,bb,bc,aa,bb,bb,aa,aa,aa,aa,aa,aa,aa,aa,bb,aa,bb,bb,aa,aa,aa,bb,bb,aa,bb,bb,bb,aa,bb,aa,bb,aa,bb,bb,aa,bb,aa,aa,aa,aa,bb,bb,bb,aa,aa,bb,bb,bb,aa,aa,aa,aa,aa,bb,aa,bb,aa,bb,aa,bb,bb,bb,aa,bb,aa,aa,bb,bb,aa,bb,aa,aa,aa,aa,aa,bb,bb,aa,bb,bb,bb,bb,aa,bb,bb,aa,bb,bb,aa,bb,aa,aa,aa,aa,aa,bb,aa,aa,aa,bb,bb,aa,bb,bb,bb,aa,aa,bb,bb,aa,aa,aa,aa,aa,bb,bb,bb,bb,aa,aa,aa,aa,bb,aa,aa,bb,aa,bb,bb,bb,aa,bb,aa,aa,bb,aa,bb,bb,aa,bb,aa,bb,aa,bb,aa,aa,bb,aa,aa,bb,bb,bb,bb,bb,aa,bb,bb,aa,aa,bb,aa,aa,bb,bb,bb,aa,bb,aa,bb,aa,aa,bb,aa,aa,bb,aa,bb,aa,bb,aa,bb,bb,bb,aa,bb,aa,bb,bb,bb,aa,aa,bb,bb,bb,bb,bb,aa,aa,bb,aa,bb,aa,bb,bb,bb,bb,bb,bb,aa,bb,aa,bb,aa,aa,bb,bb,aa,bb,aa,bb,aa,bb,bb,bb,aa,bb,aa,aa,aa,aa,aa,aa,bb,bb,aa,bb,aa,bb,aa,bb,aa,aa,aa,bb,bb,bb,aa,bb,bb,aa,aa,aa,bb,aa,bb,bb,aa,aa,bb,bb,aa,bb,aa,aa,bb,aa,bb,aa,aa,aa,aa,aa,aa,aa,aa,bb,bb,bb,bb,bb,bb,bb,bb,bb,aa,bb,bb,aa,aa,bb,bb,bb,bb,bb,aa,bb,bb,aa,bb,aa,bb,aa,aa,bb,bb,bb,aa,aa,aa,bb,aa,aa,bb,aa,bb,bb,bb,aa,bb,aa,aa,bb,aa,bb,bb,aa,aa,aa,aa,aa,aa,aa,bb,aa,bb,bb,aa,aa,bb,aa,bb,aa,aa,aa,aa,bb,aa,bb,aa,aa,bb,aa,bb,bb,aa,aa,aa,aa,bb,bb,bb,aa,bb,aa,aa,aa,aa,aa,aa,bb,aa,aa,bb,aa,bb,bb,bb,aa,aa,aa,bb,aa,bb,bb,aa,aa,aa,bb,bb,bb,aa,bb,bb,bb,aa,aa,aa,bb,aa,aa,bb,aa,aa,bb,bb,aa,bb,aa,aa,aa,bb,aa,bb,bb,aa,bb,aa,aa,aa,bb,bb,aa,aa,aa,bb,bb,bb,aa,aa,bb,aa,aa,aa,aa,bb,bb,bb,aa,bb,bb,aa,bb,bb,bb,aa,bb,bb,bb,bb,bb,aa,aa,aa,aa,aa,bb,bb,bb,bb,bb,aa,aa,bb,aa,bb,bb,bb,bb,bb,bb,aa,bb,bb,aa,bb,bb,aa,aa,bb,bb,bb,aa,aa,aa,aa,bb,bb,aa,bb,aa,bb,aa,aa,aa,aa,aa,bb,bb,bb,bb,aa,aa,bb,bb,bb,bb,aa,aa,bb,aa,bb,aa,aa,aa,aa,aa,bb,bb,bb,bb,aa,bb,aa,aa,aa,bb,bb,aa,bb,bb,bb,aa,aa,aa,bb,aa,aa,bb,aa,bb,aa,bb,aa,aa,aa,aa,bb,aa,aa,bb,aa,aa,bb,bb,bb,aa,aa,aa,bb,bb,bb,bb,aa,aa,bb,bb,bb,bb,aa,bb,aa,aa,aa,bb,aa,bb,aa,aa,bb,aa,bb,bb,aa,aa,bb,aa,aa,aa,bb,bb,bb,aa,bb,bb,bb,bb,bb,aa,aa,aa,aa,bb,bb,aa,aa,aa,aa,aa,aa,aa,bb,aa,bb,aa,bb,bb,bb,bb,aa,aa,aa,aa,bb,aa,aa,bb,aa,aa,aa,bb,aa,aa,bb,aa,bb,bb,aa,bb,aa,bb,bb,bb,bb,aa,aa,aa,aa,aa,bb,bb,aa,bb,bb,aa,bb,aa,bb,bb,bb,bb,aa,bb,aa,bb,bb,aa,bb,aa,bb,bb,aa,aa,bb,bb,aa,bb,bb,aa,bb,bb,aa,bb,bb,aa,aa,bb,bb,aa,aa,aa,aa,aa,aa,bb,aa,bb,bb,aa,bb,bb,bb,aa,bb,aa,aa,aa,aa,aa,aa,bb,aa,aa,aa,aa,aa,bb,aa,bb,aa,bb,aa,bb,bb,bb,bb,bb,bb,aa,aa,bb,bb,bb,aa,bb,aa,aa,bb,aa,bb,bb,bb,aa,bb,aa,bb,aa,aa,aa,aa,bb,bb,aa,aa,aa,aa,bb,bb,aa,aa,aa,bb,bb,aa,bb,bb,bb,aa,aa,aa,bb,bb,aa,bb,bb,bb,bb,aa,aa,aa,bb,aa,aa,bb,aa,aa,aa,aa,bb,bb,bb,bb,aa,bb,aa,bb,aa,bb,aa,bb,bb,aa,aa,bb,aa,aa,bb,bb,bb,bb,bb,aa,bb,bb,bb,bb,aa,bb,aa,bb,aa,bb,bb,aa,bb,bb,aa,aa,bb,bb,aa,bb,bb,bb,aa,aa,aa,aa,bb,aa,aa,bb,aa,aa,aa,bb,bb,aa,aa,bb,bb,aa,aa,aa,aa,bb,bb,aa,bb,aa,aa,aa,aa,bb,aa,bb,bb,bb,bb,aa,bb,aa,bb,aa,bb,bb,aa,aa,bb,aa,aa,aa,bb,aa,aa,aa,aa,aa,aa,aa,bb,bb,bb,aa,bb,aa,aa,bb,bb,bb,aa,aa,bb,aa,bb,bb,bb,bb,aa,aa,bb,bb,aa,bb,bb,aa,aa,bb,aa,aa,aa,aa,aa,bb,bb,aa,aa,aa,bb,bb,bb,aa,bb,aa,bb,aa,bb,aa,bb,bb,aa,bb,bb,aa,bb,aa,bb,bb,aa,aa,aa,bb,aa,aa,aa,aa,aa,aa,aa,bb,bb,bb,bb,bb,aa,aa,bb,aa,aa,aa,bb,bb,aa,aa,aa,aa,bb,bb,aa,aa,bb,aa,bb,bb,bb,bb,aa,aa,bb,bb,aa,aa,aa,bb,aa,bb,bb,aa,bb,aa,aa,aa,bb,bb,aa,bb,bb,aa,bb,bb,bb,bb,bb,aa,bb,aa,aa,aa,bb,aa,aa,bb,bb,aa,bb,bb,bb,aa,aa,aa,bb,aa,aa,aa,bb,aa,aa,aa,bb,aa,aa,aa,bb,aa,aa,aa,bb,aa,aa,bb,bb,aa,bb,aa,bb,aa,bb,aa,aa,bb,aa,bb,aa,aa,bb,bb,bb,aa,aa,bb,aa,bb,aa,aa,bb,bb,bb,aa,bb,bb,bb,bb,bb,aa,bb,bb,bb,bb,aa,aa,bb,bb,bb,bb,bb,bb,bb,bb,bb,aa,aa,bb,aa,bb,aa,bb,bb,bb,aa,aa,aa,aa,bb,aa,aa,bb,aa,bb,bb,aa,bb,bb,aa,bb,bb,bb,aa,bb,bb,aa,bb,bb,aa,aa,bb,aa,aa,aa,aa,aa,bb,bb,aa,bb,bb,bb,bb,bb,aa,aa,aa,aa,aa,aa,aa,bb,aa,bb,aa,bb,bb,bb,aa,bb,bb,bb,bb,aa,bb,bb,aa,aa,bb,aa,bb,bb,aa,bb,aa,aa,bb,bb,aa,bb,aa,aa,aa,bb,bb,bb,aa,aa,aa,aa,aa,aa,bb,bb,bb,aa,aa,bb,aa,bb,bb,bb,bb,bb,aa,bb,aa,bb,aa,aa,bb,bb,aa,bb,bb,aa,aa,aa,bb,aa,aa,aa,aa,bb,bb,bb,bb,aa,aa,aa,aa,aa,aa,aa,aa,aa,aa,bb,bb,bb,bb,aa,bb,aa,aa,aa,aa,bb,bb,aa,aa,aa,aa,aa,bb,bb,aa,bb,bb,bb,aa,aa,bb,aa,aa,bb,bb,aa,aa,bb,bb,aa,aa,aa,bb,bb,bb,aa,aa,aa,aa,aa,aa,aa,aa,aa,bb,aa,aa,aa,bb,aa,aa,bb,bb,aa,aa,aa,aa,bb,bb,aa,aa,bb,aa,aa,aa,aa,bb,aa,aa,aa,bb,bb,aa,aa,aa,bb,aa,aa,bb,bb,aa,bb,aa,bb,aa,aa,aa,aa,aa,bb,bb,bb,aa,bb,bb,aa,aa,aa,aa,aa,aa,aa,aa,bb,aa,bb,aa,bb,aa,bb,aa,aa,aa,bb,aa,bb,bb,aa,aa,aa,aa,bb,aa,bb,aa,bb,bb,aa,bb,bb,bb,bb,aa,aa,bb,aa,bb,aa,aa,aa,aa,bb,bb,bb,aa,aa,bb,aa,bb,aa,aa,aa,bb,aa,bb,bb,aa,aa,aa,bb,aa,bb,bb,aa,bb,bb,aa,aa,aa,aa,bb,aa,bb,bb,aa,aa,aa,bb,aa,bb,bb,aa,aa,bb,aa,bb,bb,bb,bb,aa,aa,bb,aa,bb,aa,aa,bb,bb,aa,bb,aa,aa,aa,bb,aa,aa,bb,aa,aa,aa,aa,bb,aa,bb,aa,aa,bb,bb,aa,bb,bb,bb,bb,aa,aa,bb,bb,aa,aa,aa,bb,bb,aa,bb,bb,aa,aa,bb,bb,bb,aa,aa,aa,bb,bb,aa,bb,bb,aa,aa,bb,aa,bb,aa,aa,bb,aa,bb,bb,bb,aa,bb,aa,bb,bb,bb,aa,bb,aa,bb,aa,bb,bb,bb,aa,bb,bb,bb,aa,aa,bb,bb,aa,aa,aa,bb,aa,bb,aa,bb,aa,bb,aa,bb,aa,bb,aa,aa,bb,bb,aa,aa,bb,bb,bb,bb,aa,aa,bb,bb,aa,bb,bb,bb,aa,aa,bb,bb,aa,aa,bb,aa,aa,bb,bb,aa,bb,bb,bb,aa,bb,bb,aa,aa,bb,aa,aa,aa,bb,bb,aa,aa,aa,aa,aa,bb,aa,aa,aa,aa,aa,bb,bb,aa,aa,aa,aa,aa,aa,bb,aa,aa,aa,aa,bb,aa,aa,bb,aa,aa,bb,bb,bb,bb,bb,aa,bb,bb,bb,aa,bb,bb,aa,bb,aa,bb,bb,bb,bb,aa,aa,aa,bb,bb,aa,bb,bb,aa,bb,aa,aa,aa,bb,bb,aa,aa,bb,aa,bb,bb,aa,aa,bb,aa,bb,bb,aa,aa,aa,aa,bb,bb,bb,aa,bb,aa,bb,aa,aa,bb,aa,bb,aa,aa,bb,aa,bb,bb,aa,aa,bb,bb,bb,aa,aa,aa,bb,bb,aa,aa,bb,bb,aa,aa,aa,aa,aa,bb,aa,bb,aa,bb,aa,bb,bb,aa,aa,aa,bb,aa,bb,aa,bb,aa,bb,bb,bb,aa,bb,aa,aa,aa,bb,bb,bb,bb,bb,bb,bb,bb,bb,aa,aa,aa,bb,bb,aa,bb,bb,bb,bb,bb,aa,aa,bb,bb,bb,bb,bb,bb,bb,bb,bb,bb,bb,aa,aa,bb,aa,bb,bb,aa,bb,aa,aa,bb,bb,bb,bb,bb,bb,aa,bb,aa,bb,aa,bb,aa,aa,aa,aa,aa,bb,aa,bb,bb,bb,aa,bb,bb,aa,bb,bb,bb,aa,bb,aa,aa,bb,bb,aa,aa,bb,aa,bb,bb,bb,aa,bb,aa,bb,aa,bb,bb,aa,bb,aa,bb,bb,aa,bb,bb,aa,bb,bb,bb,aa,bb,bb,aa,bb,bb,bb,bb,aa,bb,aa,bb,aa,aa,aa,bb,aa,aa,bb,aa,aa,bb,bb,aa,bb,bb,bb,bb,aa,bb,bb,bb,bb,bb,aa,bb,aa,aa,bb,aa,aa,bb,bb,aa,bb,aa,aa,bb,bb,aa,bb,bb,aa,bb,aa,bb,bb,aa,bb,aa,aa,aa,aa,bb,aa,bb,bb,bb,aa,bb,aa,bb,aa,aa,aa,bb,bb,aa,bb,bb,bb,aa,bb,aa,aa,aa,aa,aa,aa,aa,bb,bb,bb,aa,bb,aa,bb,aa,aa,aa,aa,bb,bb,aa,aa,aa,bb,aa,bb,bb,bb,bb,bb,bb,bb,aa,aa,aa,bb,aa,bb,aa,aa,bb,bb,bb,aa,aa,bb,bb,bb,aa,bb,aa,aa,bb,aa,bb,bb,bb,aa,bb,aa,aa,aa,bb,bb,bb,aa,aa,bb,aa,bb,bb,bb,bb,aa,bb,aa,bb,bb,bb,bb,bb,aa,aa,aa,aa,aa,bb,bb,bb,bb,aa,aa,bb,bb,aa,bb,bb,aa,bb,aa,bb,bb,bb,aa,aa,bb,bb,aa,aa,bb,aa,bb,aa,bb,bb,bb,aa,aa,aa,aa,aa,aa,bb,bb,bb,aa,aa,bb,bb,aa,bb,aa,bb,aa,aa,bb,bb,aa,aa,bb,bb,aa,bb,aa,aa,aa,bb,bb,aa,aa,aa,aa,bb,bb,bb,bb,bb,bb,bb,bb,bb,aa,aa,aa,bb,bb,bb,bb,bb,bb,bb,bb,bb,bb,bb,bb,aa,bb,bb,aa,aa,aa,aa,aa,aa,aa,bb,aa,aa,aa,aa,bb,aa,bb,bb,aa,aa,aa,bb,aa,aa,bb,bb,bb,bb,aa,aa,aa,bb,bb,bb,aa,bb,aa,aa,bb,bb,aa,bb,aa,bb,bb,aa,aa,aa,bb,bb,bb,bb,aa,bb,aa,bb,bb,aa,bb,aa,aa,aa,aa,bb,aa,bb,aa,aa,aa,bb,aa,aa,aa,bb,aa,aa,aa,aa,aa,aa,bb,bb,bb,bb,bb,aa,aa,bb,aa,bb,bb,aa,aa,bb,aa,bb,bb,bb,bb,bb,aa,bb,bb,aa,bb,aa,bb,bb,aa,aa,aa,aa,aa,aa,bb,aa,aa,aa,bb,aa,bb,bb,aa,aa,bb,bb,aa,aa,aa,aa,aa,aa,bb,aa,aa,bb,aa,bb,bb,aa,bb,bb,bb,aa,aa,bb,bb,bb,aa,aa,bb,bb,aa,aa,aa,bb,aa,aa,bb,aa,bb,bb,bb,aa,bb,bb,aa,aa,bb,aa,bb,bb,bb,aa,aa,aa,bb,aa,aa,bb,aa,aa,bb,aa,aa,bb,aa,bb,aa,aa,bb,aa,bb,bb,bb,bb,bb,aa,bb,bb,bb,bb,aa,bb,bb,aa,bb,aa,aa,bb,aa,aa,bb,bb,bb,aa,bb,bb,bb,bb,bb,bb,aa,bb,bb,bb,aa,bb,bb,aa,bb,bb,aa,aa,aa,bb,bb,aa,bb,aa,bb,aa,aa,bb,bb,bb,aa,aa,aa,aa,aa,aa,aa,bb,aa,bb,bb,aa,aa,bb,bb,aa,aa,aa,aa,bb,aa,bb,bb,bb,bb,aa,bb,aa,aa,bb,aa,aa,aa,bb,aa,aa,bb,bb,bb,aa,bb,aa,bb,aa,bb,aa,aa,bb,aa,bb,bb,aa,bb,bb,aa,aa,aa,bb,aa,aa,bb,bb,bb,bb,aa,bb,aa,aa,aa,bb,bb,bb,bb,bb,bb,bb,aa,aa,bb,bb,aa,bb,bb,aa,aa,aa,bb,aa,bb,bb,aa,aa,aa,aa,aa,aa,aa,bb,aa,aa,bb,aa,bb,aa,bb,aa,aa,bb,aa,aa,aa,bb,bb,bb,bb,aa,bb,bb,aa,aa,aa,aa,aa,aa,aa,bb,bb,aa,bb,aa,aa,aa,aa,aa,aa,aa,bb,bb,aa,aa,bb,aa,aa,aa,bb,bb,bb,aa,bb,bb,aa,aa,bb,aa,bb,bb,bb,bb,aa,aa,aa,bb,bb,aa,bb,aa,aa,aa,bb,aa,bb,bb,bb,bb,aa,bb,aa,bb,aa,bb,aa,aa,aa,bb,bb,bb,bb,aa,bb,aa,aa,aa,aa,aa,aa,bb,aa,aa,bb,bb,bb,aa,aa,bb,bb,bb,bb,aa,aa,bb,bb,aa,bb,bb,bb,bb,bb,aa,aa,bb,bb,bb,bb,aa,aa,aa,aa,bb,bb,aa,aa,bb,aa,bb,bb,aa,bb,bb,bb,aa,aa,bb,bb,bb,aa,aa,bb,aa,aa,aa,bb,bb,bb,bb,bb,aa,aa,bb,bb,aa,aa,aa,aa,aa,bb,bb,bb,bb,bb,bb,bb,aa,aa,bb,bb,bb,aa,aa,aa,aa,aa,aa,bb,bb,bb,aa,bb,bb,bb,aa,aa,aa,aa,bb,aa,aa,bb,bb,aa,aa,bb,bb,aa,bb,aa,aa,bb,aa,bb,aa,bb,aa,aa,bb,bb,aa,aa,bb,aa,bb,bb,aa,bb,aa,aa,bb,aa,bb,bb,aa,aa,bb,aa,bb,aa,bb,bb,bb,bb,aa,aa,bb,bb,bb,aa,bb,bb,aa,bb,aa,aa,aa,aa,aa,aa,bb,aa,bb,aa,bb,aa,bb,bb,bb,aa,aa,bb,aa,aa,aa,aa,aa,bb,aa,bb,bb,bb,aa,aa,bb,bb,aa,aa,aa,bb,bb,bb,bb,aa,aa,aa,aa,bb,aa,aa,bb,bb,bb,aa,aa,bb,aa,bb,bb,aa,bb,aa,bb,aa,bb,aa,aa,bb,bb,aa,bb,bb,aa,aa,bb,aa,bb,aa,bb,aa,aa,bb,bb,aa,bb,bb,bb,bb,bb,aa,bb,bb,aa,aa,aa,aa,aa,bb,aa,bb,bb,aa,aa,aa,bb,bb,aa,bb,bb,bb,aa,bb,bb,bb,aa,aa,aa,aa,aa,bb,aa,aa,aa,aa,aa,bb,bb,aa,aa,bb,bb,bb,bb,aa,aa,aa,aa,bb,aa,aa,aa,aa,bb,aa,aa,aa,bb,aa,bb,aa,bb,aa,bb,aa,aa,bb,aa,bb,bb,aa,bb,aa,bb,bb,aa,aa,aa,aa,bb,aa,bb,bb,bb,aa,aa,aa,bb,bb,bb,bb,bb,bb,bb,bb,aa,bb,bb,aa,aa,aa,bb,aa,aa,aa,aa,bb,aa,bb,bb,bb,bb,bb,bb,bb,bb,bb,bb,bb,bb,aa,aa,aa,bb,bb,bb,bb,aa,bb,bb,aa,bb,bb,bb,aa,bb,bb,aa,bb,bb,bb,bb,bb,aa,bb,bb,aa,aa,aa,bb,aa,bb,bb,bb,aa,aa,bb,aa,bb,aa,aa,aa,bb,aa,bb,bb,bb,bb,bb,bb,bb,aa,aa,bb,bb,bb,bb,bb,aa,aa,aa,aa,bb,aa,aa,aa,bb,aa,aa,bb,bb,aa,bb,aa,bb,bb,bb,bb,bb,aa,bb,bb,aa,aa,aa,aa,aa,aa,aa,bb,bb,bb,aa,bb,bb,aa,bb,bb,bb,aa,bb,bb,aa,aa,aa,bb,bb,aa,bb,aa,aa,bb,bb,bb,aa,aa,bb,aa,bb,bb,bb,bb,bb,bb,aa,bb,aa,aa,aa,aa,aa,bb,bb,aa,aa,bb,aa,bb,bb,aa,aa,aa,aa,bb,bb,bb,bb,aa,bb,aa,aa,aa,aa,bb,aa,bb,aa,aa,bb,bb,aa,aa,aa,aa,aa,bb,bb,aa,bb,bb,bb,bb,bb,bb,bb,aa,bb,aa,aa,bb,bb,aa,bb,aa,bb,aa,aa,aa,bb,aa,aa,aa,bb,aa,aa,aa,bb,bb,aa,bb,bb,bb,aa,aa,bb,bb,bb,aa,aa,bb,aa,aa,aa,bb,bb,bb,aa,bb,bb,bb,bb,aa,aa,aa,aa,bb,aa,bb,bb,aa,bb,bb,aa,aa,bb,aa,aa,aa,aa,bb,aa,bb,bb,bb,aa,bb,bb,aa,aa,bb,aa,bb,aa,bb,aa,aa,bb,bb,aa,bb,aa,bb,aa,aa,aa,aa,bb,aa,aa,bb,bb,aa,aa,bb,bb,bb,bb,bb,aa,bb,bb,aa,bb,bb,bb,aa,bb,aa,aa,aa,bb,bb,aa,aa,bb,aa,bb,aa,bb,aa,aa,aa,aa,aa,bb,bb,aa,aa,aa,aa,aa,aa,aa,bb,bb,bb,aa,bb,aa,aa,bb,aa,aa,aa,bb,aa,aa,bb,aa,aa,bb,aa,aa,aa,bb,bb,bb,aa,aa,bb,aa,bb,aa,aa,bb,aa,aa,aa,aa,bb,aa,aa,aa,bb,aa,bb,bb,aa,bb,aa,bb,aa,bb,aa,aa,aa,bb,aa,bb,aa,aa,bb,bb,bb,bb,aa,bb,aa,bb,aa,bb,bb,bb,aa,aa,bb,bb,aa,aa,aa,bb,aa,bb,bb,bb,bb,bb,aa,aa,bb,aa,aa,aa,aa,aa,aa,aa,bb,aa,aa,bb,aa,aa,bb,aa,aa,bb,aa,bb,aa,aa,bb,bb,aa,bb,aa,bb,bb,aa,aa,bb,bb,aa,aa,aa,aa,bb,aa,aa,aa,bb,bb,aa,bb,bb,aa,bb,bb,aa,aa,aa,aa,aa,aa,bb,bb,bb,aa,aa,aa,bb,bb,aa,aa,aa,aa,aa,aa,bb,bb,bb,bb,aa,aa,bb,bb,aa,bb,aa,bb,bb,bb,aa,bb,bb,aa,bb,aa,aa,aa,aa,bb,bb,bb,aa,aa,aa,aa,bb,bb,bb,aa,bb,bb,aa,aa,aa,bb,aa,bb,aa,bb,aa,aa,bb,aa,aa,aa,aa,bb,bb,bb,aa,bb,aa,aa,bb,bb,bb,aa,bb,bb,aa,aa,aa,aa,bb,aa,bb,bb,bb,bb,bb,aa,aa,aa,bb,aa,aa,bb,aa,bb,aa,bb,bb,bb,bb,aa,aa,bb,aa,aa,aa,aa,aa,aa,bb,aa,aa,aa,bb,aa,bb,bb,aa,bb,aa,bb,bb,bb,aa,aa,aa,aa,bb,aa,aa,bb,bb,aa,bb,aa,bb,aa,bb,aa,aa,bb,bb,aa,bb,aa,aa,bb,aa,aa,bb,aa,aa,bb,bb,aa,aa,aa,aa,bb,aa,aa,aa,aa,bb,bb,bb,aa,aa,aa,aa,bb,aa,bb,bb,bb,bb,aa,aa,bb,bb,bb,bb,aa,bb,aa,aa,bb,bb,bb,bb,bb,bb,bb,bb,bb,bb,aa,bb,aa,bb,aa,aa,bb,bb,aa,bb,bb,bb,aa,bb,bb,bb,bb,bb,bb,bb,bb,aa,bb,aa,aa,bb,bb,bb,bb,aa,aa,bb,bb,aa,bb,bb,aa,aa,aa,bb,bb,bb,aa,bb,bb,aa,aa,bb,aa,aa,bb,aa,bb,bb,bb,bb,bb,aa,aa,bb,bb,bb,bb,aa,bb,bb,aa,bb,aa,aa,bb,bb,aa,aa,bb,bb,aa,aa,bb,bb,bb,bb,bb,aa,bb,bb,aa,aa,aa,aa,bb,aa,aa,aa,aa,bb,aa,aa,bb,bb,aa,bb,bb,aa,bb,aa,bb,bb,aa,bb,aa,aa,bb,bb,bb,aa,aa,aa,aa,bb,aa,aa,bb,aa,bb,bb,aa,aa,aa,aa,bb,aa,aa,aa,aa,aa,aa,aa,aa,aa,aa,aa,aa,aa,aa,bb,bb,bb,bb,aa,bb,bb,bb,bb,bb,aa,aa,aa,aa,bb,aa,bb,bb,aa,aa,aa,aa,aa,bb,bb,bb,bb,aa,bb,aa,aa,aa,bb,aa,bb,bb,bb,bb,aa,bb,bb,bb,bb,bb,aa,bb,bb,aa,bb,aa,bb,aa,aa,aa,bb,aa,aa,aa,aa,aa,bb,aa,bb,aa,aa,bb,bb,bb,bb,aa,bb,bb,aa,aa,aa,bb,bb,aa,aa,aa,bb,aa,bb,aa,bb,aa,aa,aa,bb,bb,aa,aa,aa,aa,aa,aa,aa,bb,aa,aa,aa,aa,aa,bb,aa,bb,bb
MAY154.GT,bb,ba,ba,ba,ba,ba,ab,ab,ba,ab,ab,ba,ab,ba,ba,ab,ab,ab,ba,ba,ab,ba,ba,ab,ab,ba,ab,ab,ab,ab,ab,ab,ab,ab,ba,ba,ab,ab,ba,ab,ab,ba,ba,ba,ba,ab,ab,ab,ba,ba,ba,ab,ab,ba,ba,ba,ba,ba,ba,ab,ba,ba,ba,ab,ba,ab,ba,ba,ba,ba,ba,ab,ba,ab,ab,ab,ba,ab,ab,ba,ba,ba,ba,ab,ab,ab,ab,ba,ba,ab,ab,ba,ab,ba,ba,ab,ab,ba,ab,ab,ab,ba,ba,ab,ba,ba,ba,ab,ba,ab,ab,ab,ab,ab,ba,ba,ab,ba,ba,ba,ab,ba,ba,ab,ba,ab,ab,ba,ab,ab,ba,ab,ab,ba,ab,ab,ba,ab,ab,ba,ba,ab,ba,ab,ab,ba,ab,ba,ba,ba,ba,ab,ab,ab,ba,ba,ba,ba,ab,ba,ab,ba,ba,ab,ba,ab,ba,ba,ba,ab,ba,ba,ba,ab,ab,ba,ba,ba,ba,ab,ba,ba,ba,ab,ba,ba,ab,ba,ab,ab,ba,ab,ab,ab,ab,ab,ba,ab,ab,ba,ab,ba,ab,ab,ab,ab,ba,ab,ab,ba,ba,ab,ab,ba,ab,ab,ba,ba,ba,ab,ba,ba,ab,ab,ab,ba,ba,ab,ab,ba,ab,ba,ab,ba,ab,ab,ba,ab,ba,ab,ab,ab,ab,ab,ba,ab,ab,ab,ba,ba,ba,ba,ba,ab,ba,ba,ba,ba,ab,ab,ab,ab,ab,ba,ab,ab,ba,ba,ba,ba,ba,ba,ba,ab,ab,ba,ab,ab,ba,ba,ab,ba,ab,ba,ba,ab,ab,ba,ba,ab,ba,ba,ba,ba,ba,ba,ab,ab,ba,ba,ba,ab,ba,ba,ba,ab,ab,ab,ba,ab,ab,ab,ba,ba,ab,ab,ba,ab,ba,ab,ba,ab,ab,ab,ba,ab,ba,ba,ba,ab,ba,ba,ba,ba,ab,ba,ab,ab,ba,ba,ba,ba,ba,ba,ab,ab,ab,ba,ba,ab,ba,ba,ba,ab,ba,ab,ab,ab,ba,ba,ab,ba,ab,ab,ab,ab,ab,ab,ab,ab,ab,ba,ba,ab,ab,ab,ab,ba,ba,ba,ba,ab,ab,ab,ba,ba,ba,ba,ba,ba,ba,ab,ab,ba,ab,ba,ba,ba,ab,ba,ab,ba,ba,ba,ba,ab,ab,ab,ab,ba,ba,ab,ba,ba,ab,ab,ab,ba,ab,ab,ba,ba,ba,ba,ab,ab,ab,ab,ba,ab,ba,ba,ba,ba,ba,ba,ba,ab,ab,ba,ab,ab,ba,ba,ba,ab,ba,ab,ab,ba,ba,ba,ba,ba,ba,ba,ba,ab,ab,ab,ba,ab,ab,ab,ba,ab,ba,ab,ba,ab,ab,ba,ba,ab,ba,ba,ba,ab,ba,ba,ba,ab,ab,ba,ba,ba,ab,ab,ba,ab,ba,ab,ba,ba,ba,ba,ba,ab,ba,ba,ab,ba,ba,ba,ba,ab,ba,ba,ba,ba,ba,ba,ba,ab,ab,ab,ba,ab,ba,ab,ba,ab,ab,ba,ab,ab,ba,ab,ab,ab,ab,ba,ab,ba,ba,ab,ab,ab,ab,ba,ba,ab,ba,ba,ba,ab,ab,ab,ab,ba,ab,ba,ab,ab,ab,ba,ba,ab,ab,ba,ba,ba,ba,ab,ab,ba,ab,ab,ba,ba,ab,ab,ba,ba,ba,ab,ab,ba,ba,ba,ab,ba,ab,ab,ba,ba,ba,ba,ab,ba,ba,ba,ab,ab,ba,ab,ab,ba,ba,ba,ba,ab,ab,ba,ba,ba,ba,ab,ab,ba,ab,ab,ab,ab,ba,ab,ba,ab,ba,ba,ba,ba,ab,ab,ba,ba,ab,ba,ab,ab,ab,ba,ab,ab,ab,ba,ba,ab,ab,ba,ba,ab,ba,ba,ab,ba,ab,ba,ab,ba,ba,ab,ba,ba,ab,ab,ab,ab,ab,ab,ba,ba,ab,ba,ba,ba,ba,ba,ba,ba,ab,ba,ab,ba,ba,ab,ba,ab,ab,ba,ab,ba,ab,ab,ab,ba,ba,ba,ba,ba,ab,ab,ba,ba,ba,ba,ab,ab,ab,ba,ab,ab,ba,ab,ba,ba,ab,ab,ba,ab,ab,ab,ba,ba,ab,ba,ab,ba,ab,ba,ba,ba,ab,ab,ab,ba,ba,ba,ab,ab,ba,ab,ba,ab,ba,ab,ba,ba,ab,ba,ba,ab,ab,ba,ba,ab,ba,ab,ba,ba,ab,ba,ba,ab,ba,ba,ba,ab,ab,ba,ab,ab,ba,ba,ab,ab,ab,ab,ba,ba,ab,ba,ab,ba,ba,ba,ab,ab,ba,ba,ba,ba,ab,ab,ab,ab,ba,ab,ba,ab,ba,ab,ba,ab,ab,ba,ba,ab,ab,ab,ab,ab,ab,ab,ab,ab,ba,ba,ba,ab,ba,ab,ba,ba,ab,ab,ab,ab,ba,ba,ab,ab,ba,ab,ab,ab,ab,ba,ab,ba,ba,ba,ab,ab,ab,ba,ba,ba,ba,ba,ba,ba,ab,ab,ba,ba,ab,ba,ab,ab,ab,ba,ab,ba,ab,ba,ba,ab,ab,ab,ab,ba,ab,ba,ab,ab,ab,ab,ba,ba,ab,ab,ab,ab,ab,ab,ba,ba,ab,ba,ab,ab,ba,ab,ab,ab,ba,ba,ab,ab,ab,ab,ab,ba,ab,ab,ba,ab,ba,ba,ab,ba,ba,ba,ba,ab,ab,ba,ab,ba,ab,ab,ba,ab,ab,ab,ba,ba,ba,ba,ba,ba,ab,ba,ba,ab,ab,ab,ab,ab,ab,ba,ba,ab,ba,ba,ba,ab,ab,ab,ba,ba,ab,ba,ab,ba,ba,ba,ab,ba,ab,ba,ab,ab,ba,ab,ab,ba,ba,ba,ba,ba,ba,ab,ba,ba,ab,ab,ba,ba,ba,ba,ba,ba,ab,ab,ba,ab,ba,ab,ba,ba,ba,ab,ba,ba,ab,ab,ba,ab,ab,ab,ba,ab,ba,ab,ba,ab,ab,ba,ba,ba,ab,ba,ab,ab,ba,ab,ab,ba,ba,ba,ba,ab,ba,ab,ab,ba,ab,ab,ba,ab,ab,ba,ab,ba,ba,ab,ba,ab,ab,ba,ba,ab,ab,ab,ab,ab,ab,ab,ba,ba,ab,ba,ab,ba,ab,ab,ba,ab,ab,ab,ba,ab,ba,ab,ba,ab,ab,ba,ba,ab,ab,bb,ab,ab,ba,ba,ba,ba,ab,ab,ab,ba,ab,ba,ab,ba,ba,ba,ab,ba,ba,ba,ab,ab,ba,ba,ab,ab,ba,ab,ba,ab,ab,ba,ba,ab,ba,ba,ab,ab,ab,ba,ba,ab,ba,ba,ba,ba,ab,ba,ab,ab,ab,ab,ba,ab,ab,ab,ab,ab,ab,ab,ab,ab,ab,ab,ab,ba,ba,ba,ab,ba,ba,ba,ab,ba,ba,ba,ba,ab,ba,ba,ab,ba,ba,ab,ab,ab,ab,ba,ba,ba,ba,ab,ba,ba,ba,ba,ab,ba,ba,ab,ba,ba,ba,ba,ba,ba,ab,ba,ba,ba,ab,ab,ba,ba,ab,ba,ba,ab,ba,ab,ab,ba,ba,ba,ba,ba,ba,ba,ba,ba,ba,ab,ab,ba,ba,ab,ab,ab,ab,ab,ab,ba,bb,ba,ba,ab,ba,ab,ba,ab,ab,ba,ba,ba,ab,ba,ba,ba,ab,ab,ab,ab,ba,ab,ab,ab,ba,ba,ba,ba,ba,ab,ba,ab,ba,ab,ba,ab,ba,ab,ba,ab,ab,ab,ab,ab,ba,ba,ab,ab,ba,ab,ab,ba,ba,ab,ba,ba,ab,ba,ba,ba,ab,ab,ab,ba,ba,ba,ba,ab,ab,ab,ba,ba,ba,ba,ba,ab,ba,ba,ab,ba,ba,ab,ba,ba,ba,ba,ab,ab,ab,ba,ab,ba,ab,ba,ab,ba,ab,ab,ab,ba,ba,ba,ba,ba,ab,ab,ab,ba,ab,ab,ba,ab,ba,ab,ab,ba,ba,ab,ab,ba,ba,ab,ba,bb,ab,ba,ba,ab,ab,ba,ba,ab,ba,ab,ba,ab,ab,ba,ab,ab,ab,ab,ab,ba,ab,ab,ba,ba,ab,ab,ab,ab,ba,ab,ab,ab,ba,ba,ba,ba,ba,ab,ba,ab,ba,ab,ab,ba,ab,ab,ab,ba,ab,ba,ba,ab,ba,ba,ab,ba,ab,ba,ab,ab,ab,ab,ba,ab,ba,ba,ab,ab,ab,ba,ab,ab,ab,ba,ab,ab,ab,ba,ab,ba,ab,ab,ab,ba,ab,ba,ab,ba,ba,ab,ab,ab,ba,ba,ba,ba,ba,ba,ab,ab,ab,ab,ab,ab,ba,ab,ba,ba,ba,ab,ba,ab,ba,ba,ab,ab,ab,ba,ab,ba,ab,ab,ab,ba,ba,ba,ab,ab,ab,ba,ab,ba,ba,ba,ab,ab,ab,ba,ab,ba,ab,ab,ab,ab,ab,ba,ba,ba,ba,ba,ba,ab,ba,ab,ab,ba,ba,ab,ab,ba,ab,ba,ab,ba,ba,ab,ab,ab,ab,ba,ab,ba,ab,ba,ab,ab,ab,ab,ba,ba,ab,ba,ab,ba,ab,ba,ba,ba,ab,ab,ab,ba,ba,ba,ab,ba,ba,ba,ab,ba,ba,ba,ba,ab,ab,ab,ab,ab,ba,ba,ab,ab,ba,ab,ba,ba,ba,ba,ba,ab,ba,ab,ab,ba,ba,ba,ba,ab,ab,ba,ab,ba,ab,ab,ab,ba,ba,ab,ab,ba,ab,ab,ba,ba,ba,ba,ab,ab,ab,ba,ab,ab,ba,ba,ba,ab,ab,ba,ab,ba,ab,ab,ab,ba,ba,ab,ab,ba,ab,ab,ba,ba,ab,ab,ba,ab,ba,ba,ab,ab,ba,ba,ba,ab,ba,ab,ba,ba,ab,ab,ab,ba,ba,ab,ba,ab,ab,ab,ba,ab,ab,ab,ab,ab,ba,ba,ab,ab,ba,ba,ba,ba,ab,ab,ab,ba,ba,ab,ba,ba,ba,ba,ab,ba,ba,ab,ba,ba,ba,ab,ba,ab,ba,ab,ab,ba,ba,ab,ba,ba,ba,ab,ba,ab,ab,ab,ab,ab,ab,ba,ba,ba,ba,ab,ab,ab,ba,ab,ba,ba,ba,ba,ab,ba,ab,ba,ab,ba,ba,ba,ab,ba,ab,ab,ab,ab,ab,ba,ab,ab,ba,ba,ba,ba,ab,ba,ab,ba,ba,ba,ba,ba,ba,ba,ab,ab,ab,ba,ab,ab,ba,ba,ab,ba,ba,ab,ab,ab,ba,ba,ab,ab,ab,ab,ba,ab,ab,ba,ab,ab,ab,ab,ab,ba,ab,ba,ba,ab,ba,ab,ba,ab,ab,ab,ba,ab,ab,ab,ba,ab,ab,ab,ba,ab,ab,ab,ab,ab,ab,ab,ba,ba,ba,ab,ab,ba,ab,ba,ab,ab,ab,ab,ab,ab,ba,ab,ba,ab,ab,ab,ba,ba,ab,ab,ba,ab,ab,ba,ba,ba,ba,ba,ab,ab,ba,ba,ba,ba,ba,ab,ab,ba,ba,ab,ab,ba,ba,ab,ba,ba,ba,ba,ab,ab,ba,ab,ab,ba,ab,ba,ab,ab,ab,ab,ba,ab,ba,ba,ba,ba,ba,ab,ba,ba,ab,ba,ab,ab,ba,ab,ab,ab,ba,ab,ab,ba,ab,ba,ba,ba,ba,ab,ab,ab,ba,ab,ba,ba,ba,ab,ab,ba,ab,ab,ba,ba,ba,ba,ba,ab,ab,ba,ab,ab,ab,ab,ab,ab,ba,ba,ba,ab,ab,bb,aa,ab,ba,ba,ba,ba,ba,ab,ab,ba,ab,ba,ba,ab,ab,ab,ba,ab,ba,ba,ab,ba,ba,ab,ba,ba,ba,ba,ba,ba,ba,ab,ba,ba,ba,ba,ba,ab,ab,ab,ba,ba,ba,ab,ab,ab,ab,ab,ba,ab,ba,ab,ab,ba,ab,ba,ba,ba,ba,ab,ab,ba,ab,ba,ab,ab,ab,ab,ba,ba,ba,ba,ab,ba,ba,ab,ab,ba,ab,ba,ab,ba,ba,ab,ab,ab,ba,ab,ba,ab,ba,ab,ab,ab,ab,ab,ba,ab,ba,ab,ab,ab,ba,ab,ba,ba,ba,ba,ab,ab,ba,ab,ba,ba,ab,ab,ab,ba,ba,ba,ab,ab,ab,ab,ab,ba,ab,ab,ab,ab,ab,ab,ab,ab,ba,ab,ba,ba,ab,ba,ba,ba,ab,ba,ba,ba,ab,ba,ba,ba,ba,ba,ba,ab,ba,ab,ab,ab,ab,ba,ab,ba,ba,ba,ba,ab,ba,ab,ab,ab,ab,ab,ab,ba,ba,ab,ab,ab,ba,ab,ba,ab,ba,ab,ab,ba,ba,ba,ba,ab,ab,ab,ab,ab,ba,ba,ba,ba,ba,ab,ba,ab,ab,ba,ba,ba,ab,ba,ab,ab,ba,ba,ab,ab,ab,ab,ab,ab,ab,ab,ab,ab,ba,ab,ba,ab,ab,ab,ab,ab,ba,ba,ab,ba,ba,ab,ab,ab,ab,ba,ba,ba,ab,ba,ba,ba,ba,ab,ab,ba,ba,ab,ab,ba,ba,ba,ab,ab,ab,ab,ab,ab,ba,ba,ba,ba,ba,ab,ab,ba,ba,ab,ab,ba,ba,ba,ba,ab,ab,ba,ab,aa,ba,ba,ab,ba,ab,ba,ab,ba,ab,ba,ab,ab,ab,ba,ab,ba,ab,ab,ba,ba,ab,ba,ba,ba,ab,ab,ba,ba,ab,ba,ab,ba,ab,ab,ba,ba,ab,ba,ab,ab,ba,ab,ab,ba,ba,ab,ba,ab,ba,ba,ba,ab,ab,ab,ab,ba,ba,ba,ab,ba,ba,ba,ba,ba,ba,ba,ab,ab,ba,ba,ba,ba,ab,ba,ba,ab,ab,ab,ab,ab,ab,ba,ba,ba,ab,ba,ba,ab,ba,ba,ab,ab,ab,ab,ab,ba,ba,ab,ba,ba,ab,ab,ba,ab,ba,ab,ab,ab,ab,ba,ba,ab,ba,ba,ba,ab,ab,ba,ba,ab,ba,ab,ab,ba,ab,ab,ab,ab,ab,ba,ab,ba,ba,ba,ba,ab,ba,ba,ba,ba,ab,ba,ba,ab,ab,ab,ab,ab,ba,ab,ab,ba,ab,ba,ba,ba,ba,ab,ab,ba,ab,ab,ab,ab,ba,ba,ab,ba,ab,ab,ab,ba,ba,ba,ab,ab,ab,ba,ba,ab,ab,ba,ab,ba,ba,ba,ba,ba,ba,ba,ab,ba,ba,ba,ba,ab,ba,ab,ba,ab,ab,ab,ab,ba,ab,ba,ba,ab,ba,ba,ab,ba,ba,ba,ba,ba,ab,ba,ab,ab,ab,ba,ba,ab,ba,ba,ab,ab,ab,ab,ab,ab,ba,ba,ab,ba,ba,ba,ba,ba,ba,ba,ab,ab,ab,ab,ba,ba,ba,ab,ba,ab,ba,ab,ba,ab,ba,ab,ab,ba,ba,ab,ba,ab,ab,ba,ba,ab,ba,ab,ba,ba,ab,ab,ab,ab,ba,ab,ab,ab,ba,ba,ba,ba,ba,ba,ba,ba,ab,ba,ba,ba,ba,ab,ab,ab,ba,ab,ab,ab,ab,ab,ab,ba,ba,ab,ab,ab,ba,ba,ab,ab,ab,ab,ba,ab,ab,ba,ba,ba,ba,ab,ba,ba,ab,ba,ab,ab,ba,ab,ab,ab,ab,ba,ab,ba,ba,ab,ba,ba,ba,ba,ba,ab,ab,ba,ab,ab,ab,ab,ab,ab,ba,ba,ab,ba,ab,ab,ba,ab,ba,ba,ab,ab,ab,ba,ba,ab,ba,ab,ab,ab,ba,ba,ba,ab,ba,ab,ab,ba,ba,ba,ba,ab,ba,ba,ba,ab,ab,ba,ab,ba,ba,ab,ab,ba,ab,ab,ab,ab,ab,ba,ba,ab,ab,ba,ab,ab,ba,ab,ba,ab,ba,ba,ba,bb,aa,ab,ba,ab,ba,ba,ab,ab,ba,ab,ba,ab,ba,ba,ab,ab,ab,ab,ab,ab,ab,ba,ab,ba,ab,ab,bb,ba,ba,ab,ba,ba,ba,ab,ab,ba,ab,ab,ba,ab,ba,ba,ba,ba,ab,ab,ba,ba,ba,ab,ab,ba,ab,ba,ba,ab,ba,ba,ab,ab,ba,ba,ab,ba,ab,ba,ba,ba,ba,ba,ba,bb,ba,ba,ab,ab,ab,ab,ab,ab,ab,ba,ba,ab,ab,ba,ba,ba,ba,ba,ba,ba,ba,ba,ab,ab,ba,ba,ba,ab,ab,ba,ba,ab,ab,ab,ba,ba,ab,ab,ab,ab,ba,ab,ab,ab,ba,ab,ba,ab,ba,ba,ab,ba,ab,ba,ab,ab,ba,ab,ab,ab,ab,ab,ba,ba,ba,ab,ab,ab,ba,ba,ba,ab,ab,ab,ab,ab,ab,ba,ba,ba,ba,ab,ab,ab,ba,ba,ba,ab,ba,ba,ab,ba,ab,ab,ab,ab,ab,ab,ab,ba,ab,ba,ab,ba,ba,ab,ba,ab,ba,ba,ba,ab,ab,ab,ab,ab,ba,ab,ba,ba,ba,ab,ba,ab,ba,ba,ab,ab,ba,ba,ba,ba,ab,ab,ba,ab,ab,ba,ab,ba,ab,ab,ab,ba,ab,ab,ab,ba,ab,ab,ba,ba,ba,ba,ab,ab,ba,ab,ba,ba,ab,ab,ab,ab,ab,ba,ba,ab,ba,ba,ab,ab,ab,ba,ba,ba,ab,ba,ba,ba,ba,ab,ba,ba,ba,ab,ba,ba,ab,ab,ba,ba,ab,ab,ba,ab,ba,ba,ab,ab,ab,ab,ab,ab,ab,ba,ba,ba,ba,ba,ba,ab,ab,ba,ba,ba,ab,ab,ba,ba,ba,ba,ba,ba,ab,ba,ab,ab,ab,ba,ab,ab,ab,ab,ba,ab,ba,ab,ba,ba,ab,ba,ba,ab,ab,ba,ab,ba,ba,ba,ba,ba,ba,ab,ba,ba,ba,ba,ba,ba,ba,ab,ba,ba,ba,ab,ba,ba,ab,ab,ab,ab,ab,ba,ab,ab,ab,ab,ab,ab,ab,ba,ba,ab,ba,ba,ba,ba,ba,ab,ab,ab,ba,ba,ab,ab,ab,ab,ab,ba,ba,ab,ba,ab,ab,ba,ab,ba,ab,ab,ab,ba,ba,ab,ab,ba,ba,ba,ab,ab,ab,ab,ab,ba,ab,ba,ba,ba,ba,ab,ab,ab,ab,ab,ba,ba,ab,ba,ab,ab,ba,ba,ab,ab,ba,ba,ab,ba,ba,ab,ab,ab,ba,ab,ba,ba,ba,ab,ab,ab,ab,ba,ba,ba,ba,ab,ab,ba,ab,ab,ab,ab,ba,ab,ab,ab,ba,ab,ab,ab,ab,ab,ba,ba,ba,ba,ab,ba,ba,ab,ba,ab,ab,ab,ab,ba,ab,ba,ba,ba,ba,ab,ba,ab,ab,ab,ba,ba,ba,ab,ab,ab,ba,ba,ba,ba,ba,ab,ab,ab,ab,ba,ba,ab,ab,ba,ba,ba,ab,ab,ba,ab,ab,ab,ba,ba,ab,ab,ba,ba,ba,ab,ba,ab,ab,ba,ba,ba,ab,ba,ba,ab,ba,ba,ab,ba,ba,ab,ab,ab,ba,ba,ba,ba,ab,ab,ba,ab,ab,ba,ba,ab,ba,ba,ba,ab,ba,ab,ab,ba,ab,ba,ba,ab,ba,ba,ba,ba,ba,ba,ab,ba,ba,ab,ba,ba,ab,ab,ba,ba,ba,ab,ba,ba,ab,ab,ab,ba,ab,ba,ab,ab,ab,ab,ba,ba,ba,ba,ba,ab,ab,ba,ab,ab,ba,ab,ba,ab,ab,ba,ab,ab,ab,ab,ab,ab,ab,ab,ab,ba,ba,ba,ba,ab,ab,ba,ba,ab,ab,ba,ab,ab,ba,ba,ab,ab,ab,ab,ab,ab,ab,ba,ab,ba,ab,ba,ba,ba,ab,ab,ba,ab,ba,ba,ab,ba,ba,ab,ab,ab,ab,ba,ab,ba,ba,ab,ab,ba,ab,ba,ab,ba,ba,ab,ba,ba,ba,ab,ba,ab,ba,ba,ab,ba,ba,ba,ba,ab,ba,ab,ba,ab,ab,ab,ba,ba,ab,ba,ba,ab,ab,ba,ab,ba,ab,ba,ba,ab,ab,ab,ba,ab,ba,ab,ab,ba,ab,ab,ab,ab,ba,ab,ba,ab,ba,ab,ab,ba,ab,ab,ba,ba,ba,ba,ab,ab,ba,ba,ab,ab,ab,ab,ab,ba,ab,ab,ba,ab,ab,ab,ab,ba,ba,ab,ba,ba,ab,ab,ba,ab,ab,ba,ab,ba,ab,ab,ba,ba,ab,ab,ab,ab,ab,ba,ab,ba,ba,ab,ba,ba,ba,ba,ba,ba,ba,ba,ab,ab,bb,ab,ab,ab,ba,ab,ab,ab,ab,ba,ab,ab,bb,bb,bb,aa,bb,bb,ab,ab,bb,ba,ba,ab,ab,ab,ba,ba,ba,ba,ba,ab,ba,ba,ba,ab,ab,ab,ab,ab,ab,ba,ba,ab,ab,ba,ba,ab,ab,ba,ab,ab,ba,ba,ab,ab,ba,ab,ba,ab,ab,ab,ba,ba,ab,ab,ab,ab,ba,ba,ba,ab,ba,ab,ba,ba,ba,ab,ba,ab,ab,ab,ba,ab,ba,ba,ab,ab,ba,ab,ba,ba,ab,ab,ba,ab,ab,ba,ab,ba,ba,ba,ba,ba,ba,ab,ab,ba,ba,ba,ab,ba,ba,ab,ab,ab,ba,ab,ba,ab,ab,ba,ba,ba,ba,ba,ab,ab,ba,ab,ba,ab,ab,ba,ba,ab,ba,ba,ab,ab,ab,ba,ba,ab,ba,ab,ab,ab,ba,ab,ba,ab,ab,ba,ab,ab,ab,ab,ab,ba,ab,ab,ab,ab,ba,ab,ba,ba,ba,ab,ba,ab,ba,ab,ab,ab,ab,ba,ba,ba,ab,ab,ba,ba,ba,ab,ba,ba,ab,ab,ab,ab,ba,ba,ab,ab,ba,ab,ab,ba,ba,ba,ab,ba,ab,ab,ab,ba,ba,ba,ba,ab,ab,ba,ba,ba,ab,ab,ba,ab,ba,ab,ab,ab,ba,ba,ba,ba,ba,ba,ab,ab,ab,ba,ab,ab,ba,ab,ba,ba,ab,ba,ab,ba,aa,bb,ab,ab,ab,ab,ba,ab,ab,ab,ab,ab,ba,ab,ab,ba,ba,ab,ba,ab,ab,ba,ba,ab,ab,ab,ab,ba,ba,ab,ab,ab,ab,ab,ab,ba,ab,ba,ba,ba,ab,ba,ab,ba,ba,ba,ba,ba,ab,ab,ba,ba,ba,ba,ba,ab,ba,ab,ab,ab,ba,ab,ba,ab,ba,ab,ba,ab,ba,ab,ba,ab,ba,ba,ba,ab,ab,ba,ba,ab,ba,ab,ab,ab,ab,ba,ab,ba,ba,ab,ba,ab,ba,ba,ab,ba,ab,ba,ab,ba,ba,ab,ab,ab,ba,ab,ab,ab,ab,ba,ab,ba,ba,ba,ab,ba,ba,ab,ba,ba,ba,ba,ab,ba,ab,ba,ab,ba,ba,ba,ba,ab,ba,ba,ab,ab,ab,ba,ba,ba,ba,ba,ab,ab,ba,ba,ab,ba,ba,ab,ba,ba,ba,ba,ab,ba,ba,ab,ba,ba,ab,ab,ba,ba,ba,ab,ab,ab,ba,ab,ba,ba,ba,ab,ba,ab,ab,ab,ba,ab,ab,ba,ba,ab,ba,ba,ab,ab,ba,ab,ba,ba,ab,ba,ab,ba,ab,ab,ba,ba,ba,ba,ba,ab,ab,ba,ba,ba,ab,ab,ba,ab,ba,ba,ba,ba,ba,ab,ba,ba,ab,ab,ab,ba,ab,ba,ba,ba,ab,ab,ab,ba,ab,ab,ab,ba,ab,ba,ab,ca,ba,ab,ba,ab,ab,ba,ba,ba,ab,ab,ba,ba,ba,ba,ab,ba,ab,ba,ab,ab,ba,ba,ab,ba,ba,ab,ab,ba,ba,ab,ab,ab,ab,ab,ba,ba,ba,ab,ba,ab,ba,ba,ab,ba,ba,ba,ab,ba,ab,ab,ab,ab,ab,ba,ba,ba,ba,ab,ba,ab,ab,ab,ab,ab,ba,ba,ab,ba,ba,ab,ab,ba,ab,ab,ba,ab,ab,ab,ab,ba,ba,ab,ab,ba,ba,ab,ab,ab,ba,ba,ab,ab,ab,ba,ab,ba,ba,ab,ba,ab,ab,ba,ab,ab,ba,ba,ab,ab,ba,ab,ba,ba,ab,ba,ab,ba,ba,ba,ba,ab,ab,ab,ba,ab,ba,ba,ba,ba,ba,ba,ba,ba,ab,ab,ba,ab,ab,ab,ab,ab,ba,ba,ba,ab,ab,ba,ab,ba,ba,ab,ab,ba,ba,ba,ba,ba,ab,ab,ab,ba,ab,ba,ab,ba,ba,ba,ba,ab,ab,ab,ab,ab,ab,ab,ab,ab,ba,ba,ab,ba,ab,ab,ab,ab,ba,ab,ba,ab,ba,ab,ab,ab,ab,ba,ab,ab,ab,ba,ba,ab,ab,ab,ab,ab,ba,ba,ba,ba,ba,ba,ab,ba,ab,ab,ba,ba,ba,ba,ab,ab,ba,ab,ba,ba,ab,ba,ba,ba,ab,ba,ab,ab,ab,ab,ba,ba,ba,ba,ab,ab,ba,ba,ab,ab,ba,ba,ba,ab,ab,ba,ab,ba,ba,ba,ba,ab,ba,ab,ab,ab,ba,ab,ba,ab,ab,ab,ba,ab,ab,ba,ba,ab,ab,ba,ab,ab,ba,ab,ba,ba,ab,ab,ab,ba,ab,ba,ba,ba,ab,ab,ab,ba,ab,ab,ba,ba,ba,ba,ab,ba,ba,ab,ab,ba,ba,ab,ba,ab,ba,ba,ab,ba,ab,ba,ab,ab,ba,ba,ba,ab,ab,ba,ba,ba,ab,ba,ba,ab,ba,ab,ba,ba,ba,ab,ab,ab,ab,ab,ab,ba,ba,ba,ab,ba,ba,ab,ba,ab,ab,ab,ba,ab,ab,ab,ab,ab,ab,ab,ab,ab,ba,ba,ab,ba,ab,ab,ab,ba,ba,ab,ab,ba,ba,ab,ab,ab,ab,ba,ba,ba,ab,ab,ba,ab,ba,ab,ab,ab,ab,ba,ba,ab,ab,ba,ba,ba,ab,ba,ba,ba,ba,ab,ab,ab,ba,ba,ba,ab,ab,ba,ab,ba,ba,ab,ab,ab,ab,ab,ba,ba,ab,ab,ab,ba,ab,ba,ab,ba,ba,ab,ba,ab,ba,ab,ba,ab,ab,ba,ab,ba,ab,ba,ab,ab,ab,ba,ba,ab,ab,ab,ab,ba,ab,ab,ab,ba,ba,ba,ba,ab,ab,ab,ba,ab,ab,ba,ba,ab,ab,ba,ba,ba,ab,ba,ba,ab,ab,ba,ba,ba,ba,ab,ba,ab,ba,ab,ba,ba,ab,ab,ba,ab,ba,ba,ba,ba,ba,ba,ab,ab,ba,ab,ab,ba,ba,ab,ba,ba,ab,ba,ba,ba,ba,ba,ab,ab,ba,ab,ab,ba,ba,ab,ab,ab,ab,ab,ba,ba,ba,ab,bb,aa,bb,ba,ba,ba,ba,ba,ba,ab,ab,ba,ab,ab,ab,ab,ab,ba,ba,ab,ba,ab,ba,ba,ab,ba,ab,ba,ab,ab,ba,ab,ba,ba,ba,ba,ab,ab,ab,ba,ab,ab,ba,ba,ba,ab,ab,ab,ba,ba,ba,ab,ab,ab,ab,ab,ab,ba,ab,ba,ab,ba,ab,ba,ab,ab,ba,ab,ab,ba,ab,ab,ab,ba,ba,ba,ab,ab,ba,ab,ab,ba,ab,ba,ab,ab,ab,ba,ba,ab,ba,ab,ab,ba,ba,ba,ab,ba,ba,ba,ba,ab,ba,ba,ab,ba,ab,ab,ba,ba,ba,ba,ba,ab,ab,ba,ba,ab,ba,ab,ba,ab,ab,ab,ba,ba,ab,ab,ba,ab,ba,ba,ba,ba,ba,ab,ab,ab,ab,ab,ab,ba,ab,ba,ba,ba,ab,ba,ba,ba,ba,ba,ab,ba,ba,ab,ab,ab,ab,ba,ab,ba,ab,ab,ab,ba,ab,ba,ab,ab,ab,ab,ba,ba,ba,ba,ab,ba,ba,ba,ba,ba,ab,ba,ba,ba,ab,ba,ba,ba,ab,ba,ba,ba,ab,ba,ab,ab,ab,ab,ba,ab,ab,ba,ba,ba,ab,ba,ba,ba,ab,ab,ab,ba,ba,ba,ab,ba,ab,ab,ba,ba,ba,ab,ba,ba,ba,ab,ab,ab,ba,ab,ab,ab,ab,ab,ba,ab,ba,ab,ab,ab,ab,ab,ba,ab,ba,ba,ab,ba,ba,ab,ba,ba,ab,ba,ab,aa,ab,ba,ba,ba,ba,ab,ab,ba,ba,ab,ab,ba,ab,ba,ba,ba,ba,ba,ab,ba,ab,ab,ba,ab,ba,ba,ab,ba,ab,ab,ba,ab,ba,ba,ab,ba,ab,ab,ba,ab,ab,ba,ab,ab,ba,ba,ab,ba,ab,ab,ba,ab,ba,ba,ab,ba,ab,ba,ba,ba,ab,ab,ab,ab,ab,ab,ba,ba,ab,ab,ba,ba,ab,ba,ab,ab,ba,ab,ab,ab,ab,ab,ab,ab,ab,ba,ab,ab,ba,ab,ab,ba,ab,ab,ab,ab,ab,ab,ba,ba,ab,ba,ba,ab,ba,ba,ba,ba,ba,ab,ba,ba,ab,ba,ab,ba,ab,ba,ba,ba,ba,ba,ba,ab,ba,ab,ba,ab,ab,ba,ab,ab,ab,ab,ba,ba,ab,ab,ab,ab,ab,ab,ba,ab,ba,ab,ab,ab,ba,ab,ab,ab,ab,ab,ab,ba,ba,ab,ba,ba,ba,ab,ba,ba,ab,ba,ab,ab,ba,ab,ab,ba,ba,ba,ab,ab,ab,ba,ab,ba,ba,ab,ba,ab,ba,ba,ab,ba,ba,ba,ab,ba,ab,ab,ba,ab,ba,ba,ba,ba,ba,ab,ba,ba,ba,ba,ba,ba,ba,ba,ab,ba,ab,ba,ab,ba,ab,ab,ba,ab,ba,ba,ba,ab,ab,ab,bb,bb,ba,ba,ba,ba,ab,ab,ab,ab,ab,ba,ab,ba,ba,ba,ba,ba,ba,ab,ba,ab,ba,ba,ab,ab,ab,ab,ab,ab,ab,ab,ba,ba,ba,ba,ba,ab,ba,ab,ab,ab,ba,ab,ba,ba,ab,ba,ab,ab,ba,aa,bb,ab,ba,ab,ba,ba,ab,ba,ab,ab,ba,ba,ab,ba,ab,ab,ba,ba,ba,ba,ba,ba,ab,ab,ba,ab,ba,ab,ba,ab,ab,ba,ab,ab,ba,ab,bb,ab,ab,ab,ba,ba,ba,ba,ba,ba,ba,ab,ab,ab,ab,ab,ab,ba,ba,ab,ba,ab,ab,ba,ab,ab,ba,ba,ab,ab,ab,ab,ab,ba,ab,ba,ab,ba,ba,ab,ba,ba,ab,ba,ba,ab,ab,ab,ba,ab,ab,ab,ba,ba,ba,ab,aa,bb,ab,ba,ba,ab,ab,ba,ba,ab,ab,ba,ab,ab,ab,ba,ab,ba,ba,ab,ab,ab,ab,ba,ba,ab,ba,ba,ba,ba,ba,ab,ba,ba,ba,ba,ab,ab,ba,ab,ab,ba,ba,aa,ab,ba,ba,ba,ab,ba,ba,ab,ba,ab,ba,ab,ba,ba,ab,ba,ba,ab,ab,ab,ba,ba,ba,ab,ab,ab,ba,ba,ab,ba,ba,ba,ab,ab,ab,ab,ab,ba,ba,ba,ab,ab,ba,ba,ba,ab,ab,ab,ab,ab,ab,ab,ab,ab,ab,ab,ab,ab,ba,ab,ab,ab,ba,ab,ab,ba,ba,ab,ba,ab,ab,ab,ba,ab,ba,ba,ab,ab,ba,ba,ba,ab,ab,ba,ab,ba,ba,ab,ba,ba,ba,ba,ab,ab,ba,ba,ba,ba,ab,ab,ba,ba,ba,ab,ba,ab,ab,ba,ab,ab,ab,ab,ba,aa,ba,ba,ba,ba,ba,ab,ba,ab,ab,-,ab,aa,ba,ba,ab,ab,ba,ba,ab,ba,ab,ba,ab,ab,ba,ab,ab,ba,ac,ab,ba,ba,ba,ba,ab,ab,ab,ba,ba,ab,ba,ab,ab,ab,ba,ba,ab,ba,ab,ba,ab,ab,ba,ba,ba,ab,ab,ab,ab,ba,ab,ab,ba,ab,ba,ba,ab,ab,ba,ab,ba,ba,ba,ab,ab,ab,ab,ba,ba,ab,ab,ba,ba,ba,ab,ab,ab,ab,ab,ab,ab,ab,ab,ab,ab,ba,ba,ba,ba,ba,ab,ba,ba,ba,ba,ba,ab,ab,ab,ab,ba,ba,ab,ba,ab,ba,ab,ab,ab,ab,ab,ab,ba,ab,ab,ab,ba,ba,ab,ba,ba,ba,ab,ab,ab,ab,ab,ab,ba,ab,ba,ba,ba,ab,ab,ab,ab,ba,ba,ba,ab,ab,ab,ba,ab,ab,ab,ba,ab,ab,ba,ba,ba,ba,ab,ba,ba,ab,ba,ab,ba,ab,ba,ab,ba,ba,ba,ab,ab,ab,ab,ab,ba,ba,ba,ba,ba,ba,ab,ba,ba,ba,ab,ab,ba,ab,ab,ba,ba,ab,ab,ba,ba,ba,ab,ab,ab,ab,ba,ab,ba,ab,ab,ba,ba,ba,ba,ba,ab,ab,ab,ab,ba,ab,ab,ab,ba,ba,ba,ab,ab,ba,bb,ab,ab,ba,ab,ab,ab,ba,ab,ab,ba,ab,ab,ba,ba,ba,ba,ba,ab,ab,ab,ba,ba,ba,ba,ba,ab,ba,ab,ab,ba,ab,ab,ba,ab,ab,ba,ba,ba,ab,ab,ba,ab,ba,ab,ab,ab,ab,ab,ab,ba,ba,ab,ba,ab,ab,ba,ab,ab,ba,ab,ab,ba,ab,ab,ba,ab,ba,ba,ab,ba,ab,ba,ab,ba,ab,ba,ba,ba,ba,ab,ab,ab,ab,ba,ba,ab,ab,ab,ba,ab,ab,ba,ab,ba,ba,ab,ab,ba,ba,ab,ba,ab,ba,ba,ab,ba,ba,ab,ab,ab,ab,ab,ba,ba,ba,ab,ba,ba,ba,ab,ba,ba,ba,ab,ab,ab,ba,ba,ba,ab,ab,ba,ab,ab,ab,ab,ab,ab,ba,ba,ab,ab,ab,ab,ab,ba,ba,ba,ba,ab,ab,ba,ba,ba,ba,ab,ab,ab,ab,ba,ba,ab,ba,ba,ab,ba,ab,ab,ab,ba,ba,ab,ba,ba,ba,ba,bc,ba,ab,ab,ab,ba,ab,ab,ab,ba,ab,ab,ab,ab,ba,ab,ab,ba,ab,ba,ba,ab,ba,ba,ba,ba,ba,ba,ab,ab,ab,aa,ba,ab,ab,ab,ab,ab,ab,ba,ba,ba,bb,ab,ba,ab,ab,ab,ba,ba,ba,ba,ba,ba,ba,ba,ba,ab,ba,ab,ab,ab,ba,ba,ab,ab,ba,ba,ab,ab,ab,ab,ba,ab,ab,ba,ba,ba,ab,ab,ab,ab,ab,ba,ab,ab,ba,ab,ba,ba,ab,ba,ab,ab,ba,ab,ab,ba,ab,ba,ba,ba,ab,ab,ba,ab,ba,ab,ab,ba,ba,ab,ba,ba,ba,ba,ab,ab,ab,ab,ba,ab,ab,ba,ba,ab,ba,ba,ab,ab,ba,ab,ab,ba,ba,ab,ba,ba,ab,ab,ab,ba,ba,ab,ba,ba,ab,ba,ab,ba,ab,ba,ab,ab,ab,ab,ab,ba,ba,ab,ba,ba,ab,ab,ba,ab,ba,ab,ba,ba,ab,ab,ba,ab,ab,ba,ab,ab,ba,ab,ba,ab,ba,ab,ba,ab,ab,ab,ab,ba,ab,ab,ab,ab,ab,ba,ba,ba,ba,ab,ab,aa,ab,ba,ab,ab,ab,ab,ba,bb,ab,ba,ba,ba,ba,ba,ab,ba,ab,ba,ba,ba,ab,ba,ba,ab,ba,ba,ba,ba,ab,ba,ba,ba,ba,ab,ab,ab,ab,ba,ab,ba,ab,ab,ab,ab,ba,ab,ba,ab,ab,ab,ba,ba,ba,ba,ba,ba,ab,ba,ab,ab,ab,ba,ba,ba,ab,ba,ab,ba,ba,ba,ab,ba,ab,ba,ba,ba,ab,ab,ba,ab,ab,ba,ba,ba,ba,ba,ab,ab,ab,ba,ab,ab,ba,ba,ba,ba,ba,bb,ba,ba,ab,ba,ab,ab,ba,ba,ba,ab,ab,ba,ab,ab,ab,ba,ab,ba,ab,ba,ab,ab,ba,ab,ba,ba,ba,ba,ab,ab,ab,ba,ba,ab,ab,ab,ba,ba,ba,ba,ba,ab,ba,ab,ba,ab,ba,ab,ab,ab,ba,ab,ba,ba,ab,ab,ba,ab,ba,ba,ba,ba,ba,ab,ab,ba,ab,ab,ab,ab,ba,ab,ab,ba,ab,ab,ba,ab,ba,ba,ba,ba,ba,ab,ba,ba,ba,ab,ab,ba,ab,ab,ab,ba,ba,ab,ab,ba,ba,ba,ba,ba,ab,ab,ab,ab,ba,ba,ba,ba,ab,ba,ba,ab,ba,ab,ab,ab,ba,ab,ba,ba,ab,ba,ab,ab,ba,ab,bb,ab,ba,ab,ba,ba,ab,ba,ba,ab,ab,ab,ab,ab,ba,ab,ab,ba,ba,ab,ba,ba,ab,ab,ab,ba,ab,ba,ab,ba,ba,ab,ba,ba,ab,ba,ab,ba,ab,ba,ab,ab,ab,ba,ab,ba,ab,ab,ab,ba,ba,ab,ab,ab,ab,ab,ba,ba,ab,ba,ab,ba,ab,ab,ab,ab,ab,ab,ba,ab,ba,ab,ba,ba,ab,ab,ba,ab,ba,ab,ba,ab,ab,ab,ba,ab,ba,ba,ba,ba,ba,ba,ab,ab,ba,ab,ba,ab,ba,ab,ba,ba,ba,ab,ab,ab,ba,ab,ab,ba,ba,ba,aa,ba,ab,ab,ba,ba,ab,ab,ba,ab,ba,ba,ab,ba,ab,ba,ba,ba,ba,ba,ba,ba,ba,ab,ab,ab,ab,ab,ab,ab,ab,ab,ba,ab,ab,ba,ba,ab,ab,ab,ab,ab,ba,ab,ab,ba,ab,ba,ab,ba,ba,ab,ab,ab,ba,ba,ba,ab,ba,ba,ab,ba,ab,ab,ab,ba,ab,ba,ba,ab,ba,ab,ab,ba,ba,ba,ba,ba,ba,ba,ab,ba,ab,ab,ba,ba,ab,ba,ab,ba,ba,ba,ba,ab,ba,ab,ba,ba,ab,ba,ab,ab,ba,ba,ba,ba,ab,ab,ab,ba,ab,ba,ba,ba,ba,ba,ba,ab,ba,ba,ab,ba,ab,ab,ab,ba,ba,ba,ab,ba,ab,ab,ba,ba,ba,ab,ab,ab,ba,ab,ab,ab,ba,ba,ba,ab,ba,ba,ab,ba,ba,ab,ab,ba,ab,ba,ba,ba,ab,ba,ab,ab,ba,ab,ba,ba,ba,ab,ab,ba,ba,ba,ab,ab,ab,ba,ba,ab,ba,ba,ba,ba,ab,ab,ab,ba,ab,ab,ba,ab,ab,ab,ba,ab,ab,ab,ab,ab,ba,ba,ba,ba,ba,ab,ab,ab,ab,ab,ba,ba,ab,ba,ab,ab,ab,ab,ab,ab,ba,ab,ab,ba,ab,ab,ba,ba,ab,ab,ab,ba,ba,ba,ba,ab,ab,ba,ab,ba,ab,ba,ba,ba,ba,ba,ab,ab,ab,ab,ba,ba,ab,ab,ab,ab,ba,ba,ab,ba,ab,ba,ba,ba,ba,ba,ab,ab,ab,ab,ba,ab,ba,ba,ba,ab,ab,ba,ab,ab,ab,ba,ba,ba,ab,ba,ba,ab,ba,ab,ba,ab,ba,ba,ba,ba,ab,ba,ba,ab,ba,ba,ab,ab,ab,ba,ba,ba,ab,ab,ab,ab,ba,ba,ab,ab,ab,ab,ba,ab,ba,ba,ba,ab,ba,ab,ba,ba,ab,ba,ab,ab,ba,ba,ab,ba,ba,ba,ab,ab,ab,ba,ab,ab,ab,ab,ab,ba,ba,ba,ba,ab,ab,ba,ba,ba,ba,ba,ba,ba,ab,ba,ab,ba,ab,ab,ab,ab,ba,ba,ba,ba,ab,ba,ba,ab,ba,ba,ba,ab,ba,ba,ab,ba,ab,ab,ba,ab,ba,ab,ab,ab,ab,ba,ba,ba,ba,ba,ab,ab,ba,ab,ab,ba,ab,ba,ab,ab,ab,ab,ba,ab,ba,ab,ab,ba,ab,ba,ab,ab,ba,ba,ab,ab,ba,ab,ab,ba,ab,ab,ba,ab,ab,ba,ba,ab,ab,ba,ba,ba,ba,ba,ba,ab,ba,ab,ab,ba,ab,ab,ab,ba,ab,ba,ba,ba,ba,ba,ba,ab,ba,ba,ba,ba,ba,ab,ba,ab,ba,ab,ba,ab,ab,ab,ab,ab,ab,ba,ba,ab,ab,ab,ba,ab,ba,ba,ab,ba,ab,ab,ab,ba,ab,ba,ab,ba,ba,ba,ba,ab,ab,ba,ba,ba,ba,ab,ab,ba,ba,ba,ab,ab,ba,ab,ab,ab,ba,ba,ba,ab,ab,ba,ab,ab,ab,ab,ba,ba,ba,ab,ba,ba,ab,ba,ba,ba,ba,ab,ab,ab,ab,ba,ab,ba,ab,ba,ab,ba,ab,ab,ba,ba,ab,ba,ba,ab,ab,ab,ab,ab,ba,ab,ab,ab,ab,ba,ab,ba,ab,ba,ab,ab,ba,ab,ab,ba,ba,ab,ab,ba,ab,ab,ab,ba,ba,ba,ba,ab,ba,ba,ab,ba,ba,ba,ab,ab,ba,ba,ab,ab,ba,ba,ba,ba,ab,ab,ba,ab,ba,ba,ba,ba,ab,ba,ab,ab,ab,ab,ba,ab,ba,ab,ba,ab,ab,ba,ba,ab,ba,ba,ba,ab,ba,ba,ba,ba,ba,ba,ba,ab,ab,ab,ba,ab,ba,ba,ab,ab,ab,ba,ba,ab,ba,ab,ab,ab,ab,ba,ba,ab,ab,ba,ab,ab,ba,ba,ab,ba,ba,ba,ba,ba,ab,ab,ba,ba,ba,ab,ab,ab,ba,ab,ba,ab,ba,ab,ba,ab,ab,ba,ab,ab,ba,ab,ba,ab,ab,ba,ba,ba,ab,ba,ba,ba,ba,ba,ba,ba,ab,ab,ab,ab,ab,ba,ba,ab,ba,ba,ba,ab,ab,ba,ba,ba,ba,ab,ab,ba,ba,ab,ba,ab,ab,ab,ab,ba,ba,ab,ab,ba,ba,ba,ab,ba,ab,ab,ba,ab,ba,ba,ba,ab,ab,ba,ab,ab,ba,ab,ab,ab,ab,ab,ba,ab,ba,ba,ba,ab,ba,ba,ab,ab,ba,ab,ab,ab,ba,ba,ba,ab,ba,ba,ba,ab,ba,ba,ba,ab,ba,ba,ba,ab,ba,ba,ba,ab,ba,ba,ab,ab,ba,ab,ba,ab,ba,ab,ba,ba,ab,ba,ab,ba,ba,ab,ab,ab,ba,ba,ab,ba,ab,ba,ba,ab,ab,ab,ba,ab,ab,ab,ab,ab,ba,ab,ab,ab,ab,ba,ba,ab,ab,ab,ab,ab,ab,ab,ab,ab,ba,ba,ab,ba,ab,ba,ab,ab,ab,ba,ba,ba,ba,ab,ba,ba,ab,ba,ab,ab,ba,ab,ab,ba,ab,ab,ab,ba,ab,ab,ba,ab,ab,ba,ba,ab,ba,ba,ba,ba,ba,ab,ab,ba,ab,ab,ab,ab,ab,ba,ba,ba,ba,ba,ba,ba,ab,ba,ab,ba,ab,ab,ab,ba,ab,ab,ab,ab,ba,ab,ab,ba,ba,ab,ba,ab,ab,ba,ab,ba,ba,ab,ab,ba,ab,ba,ba,ba,ab,ab,ab,ba,ba,ba,ba,ba,ba,ab,ab,ab,ba,ba,ab,ba,ab,ab,ab,ab,ab,ba,ab,ba,ab,ba,ba,ab,ab,ba,ab,ab,ba,ba,ba,ab,ba,ba,ba,ba,ab,ab,ab,ab,ba,ba,ba,ba,ba,ba,ba,ba,ba,ba,ab,ab,ab,ab,ba,ab,ba,ba,ba,ba,ab,ab,ba,ba,ba,ba,ba,ab,ab,ba,ab,ab,ab,ba,ba,ab,ba,ba,ab,ab,ba,ba,ab,ab,ba,ba,ba,ab,ab,ab,ba,ba,ba,ba,ba,ba,ba,ba,ba,ab,ba,ba,ba,ab,ba,ba,ab,ab,ba,ba,ba,ba,ab,ab,ba,ba,ab,ba,ba,ba,ba,ab,ba,ba,ba,ab,ab,ba,ba,ba,ab,ba,ba,ab,ab,ba,ab,ba,ab,ba,ba,ba,ba,ba,ab,ab,ab,ba,ab,ab,ba,ba,ba,ba,ba,ba,ba,ba,ab,ba,ab,ba,ab,ba,ab,ba,ba,ba,ab,ba,ab,ab,ba,ba,ba,ba,ab,ba,ab,ba,ab,ab,ba,ab,ab,ab,ab,ba,ba,ab,bb,ab,ba,ba,ba,ba,ab,ab,ab,ba,ba,ab,ba,ab,ba,ba,ba,ab,ba,ab,ab,ba,ba,ba,ab,ba,ab,ab,ba,ab,ab,ba,ba,ba,ba,ab,bb,ab,ab,ba,ba,ba,ab,ba,ab,ab,ba,ba,ab,ba,ab,ab,ab,ab,ba,ba,ab,ba,ab,ba,ba,ab,ab,ba,ab,ba,ba,ba,ab,ba,ba,ab,ba,ba,ba,ba,ab,ba,ab,ba,ba,ab,ab,ba,ab,ab,ab,ab,ba,ba,ab,ab,ba,ba,ba,ab,ab,ba,ab,ab,ba,ba,ab,ab,ab,ba,ba,ba,ab,ab,ba,ab,ab,ba,ba,ab,ba,ab,ba,ba,ab,ba,ab,ab,ab,ba,ab,ba,ab,ab,ab,ba,ab,ba,ab,ba,ab,ab,ab,ba,ab,ab,ab,ba,ba,ab,ab,ba,ba,ba,ab,ba,ab,ba,ab,ba,ab,ba,ab,ba,ab,ba,ba,ab,ab,ba,ba,ab,ab,ab,ab,ba,ba,ab,ab,ba,ab,ab,ab,ba,ba,ab,ab,ba,ba,ab,ba,ba,ab,ab,ba,ab,ab,ab,ba,ab,ab,ba,ba,ab,ba,ba,ba,ab,ab,ba,ba,ba,ba,ba,ab,ba,ba,ba,ba,ba,ab,ab,ba,ba,ba,ba,ba,ba,ab,ba,ba,ba,ba,ab,ba,ba,ab,ba,ba,ab,ab,ab,ab,ab,ba,ab,ab,ab,ba,ab,ab,ba,ab,ba,ab,ab,ab,ab,ba,ba,ba,ab,ab,ba,ab,ab,ba,ab,ba,ba,ba,ab,ab,ba,ba,ab,ba,ab,ab,ba,ba,ab,ba,ab,ab,ba,ba,ba,ba,ab,ab,ab,ba,ab,ba,ab,ba,ba,ab,ba,ab,ba,ba,ab,ba,ab,ab,ba,ba,ab,ab,ab,ba,ba,ba,ab,ab,ba,ba,ab,ab,ba,ba,ba,ba,ba,ab,ba,ab,ba,ab,ba,ab,ab,ba,ba,ba,ab,ba,ab,ba,ab,ba,ab,ab,ab,ba,ab,ba,ba,ba,ab,ab,ab,ab,ab,ab,ab,ab,ab,ba,ba,ba,ab,ab,ba,ab,ab,ab,ab,ab,ba,ba,ab,ab,ab,ab,ab,ab,ab,ab,ab,ab,ab,ba,ba,ab,ba,ab,ab,ba,ab,ba,ba,ab,ab,ab,ab,ab,ab,ba,ab,ba,ab,ba,ab,ba,ba,ba,ba,ba,ab,ba,ab,ab,ab,ba,ab,ab,ba,ab,ab,ab,ba,ab,ba,ba,ab,ab,ba,ba,ab,ba,ab,ab,ab,ba,ab,ba,ab,ba,ab,ab,ba,ab,ba,ab,ab,ba,ab,ab,ba,ab,ab,ab,ba,ab,ab,ba,ab,ab,ab,ab,ba,ab,ba,ab,ba,ba,ba,ab,ba,ba,ab,ba,ba,ab,ab,ba,ab,ab,ab,ab,ba,ab,ab,ab,ab,ab,ba,ab,ba,ba,ab,ba,ba,ab,ab,ba,ab,ba,ba,ab,ab,ba,ab,ab,ba,ab,ba,ab,ab,ba,ab,ba,ba,ba,ba,ab,ba,ab,ab,ab,ba,ab,ba,ab,ba,ba,ba,ab,ab,ba,ab,ab,ab,ba,ab,ba,ba,ba,ba,ba,ba,ba,ab,ab,ab,ba,ab,ba,ab,ba,ba,ba,ba,ab,ab,ba,ba,ba,ab,ba,ab,ab,ab,ab,ab,ab,ab,ba,ba,ba,ab,ba,ab,ba,ba,ab,ab,ab,ba,ba,ab,ab,ab,ba,ab,ba,ba,ab,ba,ab,ab,ab,ba,ab,ba,ba,ba,ab,ab,ab,ba,ba,ab,ba,ab,ab,ab,ab,ba,ab,ba,ab,ab,ab,ab,ab,ba,ba,ba,ba,ba,ab,ab,ab,ab,ba,ba,ab,ab,ba,ab,ab,ba,ab,ba,ab,ab,ab,ba,ba,ab,ab,ba,ba,ab,ba,ab,ba,ab,ab,ab,ba,ba,ba,ba,ba,ba,ab,ab,ab,ba,ba,ab,ab,ba,ab,ba,ab,ba,ba,ab,ab,ba,ba,ab,ab,ba,ab,ba,ba,ba,ab,ab,ba,ba,ba,ba,ab,ab,ab,ab,ab,ab,ab,ab,ab,ba,ba,ba,ab,ab,ab,ab,ab,ab,ab,ab,ab,ab,ab,ab,ba,ab,ab,ba,ba,ba,ba,ba,ba,ba,ab,ba,ba,ba,ba,ab,ba,ab,ab,ba,ba,ba,ab,ba,ba,ab,ab,ab,ab,ba,ba,ba,ab,ab,ab,ba,ab,ba,ba,ab,ab,ba,ab,ba,ab,ab,ba,ba,ba,ab,ab,ab,ab,ba,ab,ba,ab,ab,ba,ab,ba,ba,ba,ba,ab,ba,ab,ba,ba,ba,ab,ba,ba,ba,ab,ba,ba,ba,ba,ba,ba,ab,ab,ab,ab,ab,ba,ba,ab,ba,ab,ab,ba,ba,ab,ba,ab,ab,ab,ab,ab,ba,ab,ab,ba,ab,ba,ab,ab,ba,ba,ba,ba,ba,ba,ab,ba,ba,ba,ab,ba,ab,ab,ba,ba,ab,ab,ba,ba,ba,ba,ba,ba,ab,ba,ba,ab,ba,ab,ab,ba,ab,ab,ab,ba,ba,ab,ab,ab,ba,ba,ab,ab,ba,ba,ba,ab,ba,ba,ab,ba,ab,ab,ab,ba,ab,ab,ba,ba,ab,ba,ab,ab,ab,ba,ba,ba,ab,ba,ba,ab,ba,ba,ab,ba,ba,ab,ba,ab,ba,ba,ab,ba,ab,ab,ab,ab,ab,ba,ab,ab,ab,ab,ba,ab,ab,ba,ab,ba,ba,ab,ba,ba,ab,ab,ab,ba,ab,ab,ab,ab,ab,ab,ba,ab,ab,ab,ba,ab,ab,ba,ab,ab,ba,ba,ba,ab,ab,ba,ab,ba,ab,ba,ba,ab,ab,ab,ba,ba,ba,ba,bb,bb,ba,ab,ba,ab,ab,ba,ba,ab,ab,ba,ba,ba,ba,ab,ba,ab,ab,ab,ab,ba,ab,ba,ba,ab,ba,ba,ba,ab,ba,ba,ab,ab,ab,ba,ab,ba,ab,ba,ab,ba,ba,ab,ba,ab,ab,ba,ab,ab,ba,ba,ba,ab,ba,ba,ab,ab,ab,ab,ba,ab,ba,ba,ba,ab,ab,ab,ab,ab,ab,ab,ba,ba,ab,ab,ba,ab,ab,ba,ba,ba,ab,ba,ab,ab,ba,ba,ba,ba,ba,ba,ba,ab,ba,ba,ab,ba,ab,ba,ab,ba,ba,ab,ba,ba,ba,ab,ab,ab,ab,ba,ab,ab,ba,ba,ba,ba,ba,ba,ba,ab,ab,ba,ab,bb,bb,bb,ba,ba,ba,ba,ab,ab,ba,ba,ab,ba,ba,ba,ab,ab,ab,ba,ab,ab,ba,ba,ab,ba,ab,ab,ab,ab,ba,ba,ba,ab,ab,ba,ab,ba,ba,ba,ab,ba,ab,ab,ab,ab,ba,ab,ba,ab,ba,ab,ba,ba,ba,ab,ab,ab,ab,ba,ab,ba,ba,ba,ba,ba,ba,ab,ba,ba,ab,ab,ab,ba,ba,ab,ab,ab,ab,ba,ba,ab,ab,ba,ab,ab,ab,ab,ab,ba,ba,ab,ab,ab,ab,ba,ba,ba,ba,ab,ab,ba,ba,ab,ba,ab,ab,ba,ab,ab,ab,ba,ba,ab,ab,ab,ba,ba,ab,ba,ba,ba,ab,ab,ab,ab,ab,ba,ba,ab,ab,ba,ba,ba,ba,ba,ab,ab,ab,ab,ab,ab,ab,ba,ba,ab,ab,ab,ba,ba,ba,ba,ba,ba,ab,ab,ab,ba,ab,ab,ab,ba,ba,ba,ba,ab,ba,ba,ab,ab,ba,ba,ab,ab,ba,ab,ba,ba,ab,ba,ab,ba,ab,ba,ba,ba,ab,ba,ba,ab,ba,ab,ab,ba,ab,ba,ba,ab,ba,ab,ab,ba,ba,ab,ba,ab,ba,ab,ab,ab,ab,ba,ba,ab,ab,ab,ba,ab,ab,ba,ab,ba,ba,ba,ba,ba,ba,ab,ba,ab,ba,ab,ba,ab,ab,ab,ba,ba,ab,ba,ba,ba,ba,ba,ab,ba,ab,ab,ab,ba,ba,ab,ab,ba,ba,ba,ab,ab,ab,ab,ba,ba,ba,ba,ab,ba,ba,ab,ab,ab,ba,ba,ab,ba,ab,ab,ba,ab,ba,ab,ba,ab,ba,ba,ab,ab,ba,ab,ab,ba,ba,ab,ba,ab,ba,ab,ba,ba,ab,ab,ba,ab,ab,ab,ab,ab,ba,ab,ab,ba,ba,ba,ba,ba,ab,ba,ab,ab,ba,ba,ba,ab,ab,ba,ab,ab,ab,ba,ab,ab,ab,ba,ba,ba,ba,ba,ab,ba,ba,ba,ba,ba,ab,ab,ba,ba,ab,ab,ab,ab,ba,ba,ba,ba,ab,ba,ba,ba,ba,ab,ba,ba,ba,ab,ba,ab,ba,ab,ba,ab,ba,ba,ab,ba,ab,ab,ba,ab,ba,ab,ab,ba,ba,ba,ba,ab,ba,ab,ab,ab,ba,ba,ba,ab,ab,ab,ab,ab,ab,ab,ab,ba,ab,ab,ba,ba,ba,ab,ba,ba,ba,ba,ab,ba,ab,ab,ab,ab,ab,ab,ab,ab,ab,ab,ab,ab,ba,ba,ba,ab,ab,ab,ab,ba,ab,ab,ba,ab,ab,ab,ba,ab,ab,ba,ab,ab,ab,ab,ab,ba,ab,ab,ba,ba,ba,ab,ba,ab,ab,ab,ba,ba,ab,ba,ab,ba,ba,ba,ab,ba,ab,ab,ab,ab,ab,ab,ab,ba,ba,ab,ab,ab,ab,ab,ba,ba,ba,ba,ab,ba,ba,ba,ab,ba,ba,ab,ab,ba,ab,ba,ab,ab,ab,ab,ab,ba,ab,ab,ba,ba,ba,ba,ba,ba,ba,ab,ab,ab,ba,ab,ab,ba,ab,ab,ab,ba,ab,ab,ba,ba,ba,ab,ab,ba,ab,ba,ba,ab,ab,ab,ba,ba,ab,ba,ab,ab,ab,ab,ab,ab,ba,ab,ba,ba,ba,ba,ba,ab,ab,ba,ba,ab,ba,ab,ab,ba,ba,ba,ba,ab,ab,ab,ab,ba,ab,ba,ba,ba,ba,ab,ba,ab,ba,ba,ab,ab,ba,ba,ba,ba,ba,ab,ab,ba,ab,ab,ab,ab,ab,ab,ab,ba,ab,ba,ba,ab,ab,ba,ab,ba,ab,ba,ba,ba,ab,ba,ba,ba,ab,ba,ba,ba,ab,ab,ba,ab,ab,ab,ba,ba,ab,ab,ab,ba,ba,ab,ba,ba,ba,ab,ab,ab,ba,ab,ab,ab,ab,ba,ba,ba,ba,ab,ba,ab,ab,ba,ab,ab,ba,ba,ab,ba,ba,ba,ba,ab,ba,ab,ab,ab,ba,ab,ab,ba,ba,ab,ba,ab,ba,ab,ba,ba,ab,ab,ba,ab,ba,ab,ba,ba,ba,ba,ab,ba,ba,ab,ab,ba,ba,ab,ab,ab,ab,ab,ba,ab,ab,ba,ab,ab,ab,ba,ab,ba,ba,ba,ab,ab,ba,ba,ab,ba,ab,ba,ab,ba,ba,ba,ba,ba,ab,ab,ba,ba,ba,ba,ba,ba,ba,ab,ab,ab,ba,ab,ba,ba,ab,ba,ba,ba,ab,ba,ba,ab,ba,ba,ab,ba,ba,ba,ab,ab,ab,ba,ba,ab,ba,ab,ba,ba,ab,ba,ba,ba,ba,ab,ba,ba,ba,ab,ba,ab,ab,ba,ab,ba,ab,ba,ab,ba,ba,ba,ab,ba,ab,ba,ba,ab,ab,ab,ab,ba,ab,ba,ab,ba,ab,ab,ab,ba,ba,ab,ab,ba,ba,ba,ab,ba,ab,ab,ab,ab,ab,ba,ba,ab,ba,ba,ba,ba,ba,ba,ba,ab,ba,ba,ab,ba,ba,ab,ba,ba,ab,ba,ab,ba,ba,ab,ab,ba,ab,ba,ab,ab,ba,ba,ab,ab,ba,ba,ba,ba,ab,ba,ba,ba,ab,ab,ba,ab,ab,ba,ab,ab,ba,ba,ba,ba,ba,ba,ab,ab,ab,ba,ba,ba,ab,ab,ba,ba,ba,ba,ba,ba,ab,ab,ab,ab,bb,ba,ab,ab,ba,ab,ba,ab,ab,ab,ba,ab,ab,ba,ab,ba,ba,ba,ba,ab,ab,ab,ba,ba,ba,ba,ab,ab,ab,ba,ab,ab,ba,ba,ba,ab,ba,ab,ba,ab,ba,ba,ab,ba,ba,ba,ba,ab,ab,ab,ba,ab,ba,ba,ab,ab,ab,ba,ab,ab,ba,ba,ba,ba,ab,ba,ab,ab,ab,ab,ab,ba,ba,ba,ab,ba,ba,ab,ba,ab,ba,ab,ab,ab,ab,ba,ba,ab,ba,ba,ba,ba,ba,ba,ab,ba,ba,ba,ab,ba,ab,ab,ba,ab,ba,ab,ab,ab,ba,ba,ba,ba,ab,ba,ba,ab,ab,ba,ab,ba,ab,ba,ab,ba,ba,ab,ab,ba,ab,ba,ba,ab,ba,ba,ab,ba,ba,ab,ab,ba,ba,ba,ba,ab,ba,ba,ba,ba,ab,ab,ab,ba,ba,ba,ba,ab,ba,ab,ab,ab,ab,ba,ba,ab,ab,ab,ab,ba,ab,ba,ba,ab,ab,ab,ab,ab,ab,ab,ab,ab,ab,ba,ab,ba,ab,ba,ba,ab,ab,ba,ab,ab,ab,ba,ab,ab,ab,ab,ab,ab,ab,ab,ba,ab,ba,ba,ab,ab,ab,ab,ba,ba,ab,ab,ba,ab,ab,ba,ba,ba,ab,ab,ab,ba,ab,ab,ba,ba,ab,ba,ba,ab,ba,ab,ab,ab,ab,ab,ba,ba,ab,ab,ab,ab,ba,ab,ab,ba,ab,ba,ba,ab,ab,ba,ba,ab,ab,ba,ba,ab,ab,ab,ab,ab,ba,ab,ab,ba,ba,ba,ba,ab,ba,ba,ba,ba,ab,ba,ba,ab,ab,ba,ab,ab,ba,ab,ba,ab,ab,ba,ab,ba,ba,ab,ab,ab,ba,ba,ba,ba,ab,ba,ba,ab,ba,ab,ab,ba,ba,ba,ba,ab,ba,ba,ba,ba,ba,ba,ba,ba,ba,ba,ba,ba,ba,ba,ab,ab,ab,ab,ba,ab,ab,ab,ab,ab,ba,ba,ba,ba,ab,ba,ab,ab,ba,ba,ba,ba,ba,ab,ab,ab,ab,ba,ab,ba,ba,ba,ab,ba,ab,ab,ab,ab,ba,ab,ab,ab,ab,ab,ba,ab,ab,ba,ab,ba,ab,ba,ba,ba,ab,ba,ba,ba,ba,ba,ab,ba,ab,ba,ba,ab,ab,ab,ab,ba,ab,ab,ba,ba,ba,ab,ab,ba,ba,ba,ab,ba,ab,ba,ab,ba,ba,ba,ab,ab,ba,ba,ba,ba,ba,ba,ba,ab,ba,ba,ba,ba,ba,ab,ba,ab,ab
MAY155.GT,bb,ba,ba,ba,ba,ba,ab,ab,ba,ab,ab,ba,ab,ba,ba,ab,ab,ab,ba,ba,ab,ba,ba,ab,ab,ba,ab,ab,ab,ab,ab,ab,ab,ab,ba,ba,ab,ab,ba,ab,ab,ba,ba,ba,ba,ab,ab,ab,ba,ba,ba,ab,ab,ba,ba,ba,ba,ba,ba,ab,ba,ba,ba,ab,ba,ab,ba,ba,ba,ba,ba,ab,ba,ab,ab,ab,ba,ab,ab,ba,ba,ba,ba,ab,ab,ab,ab,ba,ba,ab,ab,ba,ab,ba,ba,ab,ab,ba,ab,ab,ab,ba,ba,ab,ba,ba,ba,ab,ba,ab,ab,ab,ab,ab,ba,ba,ab,ba,ba,ba,ab,ba,ba,ab,ba,ab,ab,ba,ab,ab,ba,ab,ab,ba,ab,ab,ba,ab,ab,ba,ba,ab,ba,ab,ab,ba,ab,ba,ba,ba,ba,ab,ab,ab,ba,ba,ba,ba,ab,ba,ab,ba,ba,ab,ba,ab,ba,ba,ba,ab,ba,ba,ba,ab,ab,ba,ba,ba,ba,ab,ba,ba,ba,ab,ba,ba,ab,ba,ab,ab,ba,ab,ab,ab,ab,ab,ba,ab,ab,ba,ab,ba,ab,ab,ab,ab,ba,ab,ab,ba,ba,ab,ab,ba,ab,ab,ba,ba,ba,ab,ba,ba,ab,ab,ab,ba,ba,ab,ab,ba,ab,ba,ab,ba,ab,ab,ba,ab,ba,ab,ab,ab,ab,ab,ba,ab,ab,ab,ba,ba,ba,ba,ba,ab,ba,ba,ba,ba,ab,ab,ab,ab,ab,ba,ab,ab,ba,ba,ba,ba,ba,ba,ba,ab,ab,ba,ab,ab,ba,ba,ab,ba,ab,ba,ba,ab,ab,ba,ba,ab,ba,ba,ba,ba,ba,ba,ab,ab,ba,ba,ba,ab,ba,ba,ba,ab,ab,ab,ba,ab,ab,ab,ba,ba,ab,ab,ba,ab,ba,ab,ba,ab,ab,ab,ba,ab,ba,ba,ba,ab,ba,ba,ba,ba,ab,ba,ab,ab,ba,ba,ba,ba,ba,ba,ab,ab,ab,ba,ba,ab,ba,ba,ba,ab,ba,ab,ab,ab,ba,ba,ab,ba,ab,ab,ab,ab,ab,ab,ab,ab,ab,ba,ba,ab,ab,ab,ab,ba,ba,ba,ba,ab,ab,ab,ba,ba,ba,ba,ba,ba,ba,ab,ab,ba,ab,ba,ba,ba,ab,ba,ab,ba,ba,ba,ba,ab,ab,ab,ab,ba,ba,ab,ba,ba,ab,ab,ab,ba,ab,ab,ba,ba,ba,ba,ab,ab,ab,ab,ba,ab,ba,ba,ba,ba,ba,ba,ba,ab,ab,ba,ab,ab,ba,ba,ba,ab,ba,ab,ab,ba,ba,ba,ba,ba,ba,ba,ba,ab,ab,ab,ba,ab,ab,ab,ba,ab,ba,ab,ba,ab,ab,ba,ba,ab,ba,ba,ba,ab,ba,ba,ba,ab,ab,ba,ba,ba,ab,ab,ba,ab,ba,ab,ba,ba,ba,ba,ba,ab,ba,ba,ab,ba,ba,ba,ba,ab,ba,ba,ba,ba,ba,ba,ba,ab,ab,ab,ba,ab,ba,ab,ba,ab,ab,ba,ab,ab,ba,ab,ab,ab,ab,ba,ab,ba,ba,ab,ab,ab,ab,ba,ba,ab,ba,ba,ba,ab,ab,ab,ab,ba,ab,ba,ab,ab,ab,ba,ba,ab,ab,ba,ba,ba,ba,ab,ab,ba,ab,ab,ba,ba,ab,ab,ba,ba,ba,ab,ab,ba,ba,ba,ab,ba,ab,ab,ba,ba,ba,ba,ab,ba,ba,ba,ab,ab,ba,ab,ab,ba,ba,ba,ba,ab,ab,ba,ba,ba,ba,ab,ab,ba,ab,ab,ab,ab,ba,ab,ba,ab,ba,ba,ba,ba,ab,ab,ba,ba,ab,ba,ab,ab,ab,ba,ab,ab,ab,ba,ba,ab,ab,ba,ba,ab,ba,ba,ab,ba,ab,ba,ab,ba,ba,ab,ba,ba,ab,ab,ab,ab,ab,ab,ba,ba,ab,ba,ba,ba,ba,ba,ba,ba,ab,ba,ab,ba,ba,ab,ba,ab,ab,ba,ab,ba,ab,ab,ab,ba,ba,ba,ba,ba,ab,ab,ba,ba,ba,ba,ab,ab,ab,ba,ab,ab,ba,ab,ba,ba,ab,ab,ba,ab,ab,ab,ba,ba,ab,ba,ab,ba,ab,ba,ba,ba,ab,ab,ab,ba,ba,ba,ab,ab,ba,ab,ba,ab,ba,ab,ba,ba,ab,ba,ba,ab,ab,ba,ba,ab,ba,ab,ba,ba,ab,ba,ba,ab,ba,ba,ba,ab,ab,ba,ab,ab,ba,ba,ab,ab,ab,ab,ba,ba,ab,ba,ab,ba,ba,ba,ab,ab,ba,ba,ba,ba,ab,ab,ab,ab,ba,ab,ba,ab,ba,ab,ba,ab,ab,ba,ba,ab,ab,ab,ab,ab,ab,ab,ab,ab,ba,ba,ba,ab,ba,ab,ba,ba,ab,ab,ab,ab,ba,ba,ab,ab,ba,ab,ab,ab,ab,ba,ab,ba,ba,ba,ab,ab,ab,ba,ba,ba,ba,ba,ba,ba,ab,ab,ba,ba,ab,ba,ab,ab,ab,ba,ab,ba,ab,ba,ba,ab,ab,ab,ab,ba,ab,ba,ab,ab,ab,ab,ba,ba,ab,ab,ab,ab,ab,ab,ba,ba,ab,ba,ab,ab,ba,ab,ab,ab,ba,ba,ab,ab,ab,ab,ab,ba,ab,ab,ba,ab,ba,ba,ab,ba,ba,ba,ba,ab,ab,ba,ab,ba,ab,ab,ba,ab,ab,ab,ba,ba,ba,ba,ba,ba,ab,ba,ba,ab,ab,ab,ab,ab,ab,ba,ba,ab,ba,ba,ba,ab,ab,ab,ba,ba,ab,ba,ab,ba,ba,ba,ab,ba,ab,ba,ab,ab,ba,ab,ab,ba,ba,ba,ba,ba,ba,ab,ba,ba,ab,ab,ba,ba,ba,ba,ba,ba,ab,ab,ba,ab,ba,ab,ba,ba,ba,ab,ba,ba,ab,ab,ba,ab,ab,ab,ba,ab,ba,ab,ba,ab,ab,ba,ba,ba,ab,ba,ab,ab,ba,ab,ab,ba,ba,ba,ba,ab,ba,ab,ab,ba,ab,ab,ba,ab,ab,ba,ab,ba,ba,ab,ba,ab,ab,ba,ba,ab,ab,ab,ab,ab,ab,ab,ba,ba,ab,ba,ab,ba,ab,ab,ba,ab,ab,ab,ba,ab,ba,ab,ba,ab,ab,ba,ba,ab,ab,bb,ab,ab,ba,ba,ba,ba,ab,ab,ab,ba,ab,ba,ab,ba,ba,ba,ab,ba,ba,ba,ab,ab,ba,ba,ab,ab,ba,ab,ba,ab,ab,ba,ba,ab,ba,ba,ab,ab,ab,ba,ba,ab,ba,ba,ba,ba,ab,ba,ab,ab,ab,ab,ba,ab,ab,ab,ab,ab,ab,ab,ab,ab,ab,ab,ab,ba,ba,ba,ab,ba,ba,ba,ab,ba,ba,ba,ba,ab,ba,ba,ab,ba,ba,ab,ab,ab,ab,ba,ba,ba,ba,ab,ba,ba,ba,ba,ab,ba,ba,ab,ba,ba,ba,ba,ba,ba,ab,ba,ba,ba,ab,ab,ba,ba,ab,ba,ba,ab,ba,ab,ab,ba,ba,ba,ba,ba,ba,ba,ba,ba,ba,ab,ab,ba,ba,ab,ab,ab,ab,ab,ab,ba,bb,ba,ba,ab,ba,ab,ba,ab,ab,ba,ba,ba,ab,ba,ba,ba,ab,ab,ab,ab,ba,ab,ab,ab,ba,ba,ba,ba,ba,ab,ba,ab,ba,ab,ba,ab,ba,ab,ba,ab,ab,ab,ab,ab,ba,ba,ab,ab,ba,ab,ab,ba,ba,ab,ba,ba,ab,ba,ba,ba,ab,ab,ab,ba,ba,ba,ba,ab,ab,ab,ba,ba,ba,ba,ba,ab,ba,ba,ab,ba,ba,ab,ba,ba,ba,ba,ab,ab,ab,ba,ab,ba,ab,ba,ab,ba,ab,ab,ab,ba,ba,ba,ba,ba,ab,ab,ab,ba,ab,ab,ba,ab,ba,ab,ab,ba,ba,ab,ab,ba,ba,ab,ba,bb,ab,ba,ba,ab,ab,ba,ba,ab,ba,ab,ba,ab,ab,ba,ab,ab,ab,ab,ab,ba,ab,ab,ba,ba,ab,ab,ab,ab,ba,ab,ab,ab,ba,ba,ba,ba,ba,ab,ba,ab,ba,ab,ab,ba,ab,ab,ab,ba,ab,ba,ba,ab,ba,ba,ab,ba,ab,ba,ab,ab,ab,ab,ba,ab,ba,ba,ab,ab,ab,ba,ab,ab,ab,ba,ab,ab,ab,ba,ab,ba,ab,ab,ab,ba,ab,ba,ab,ba,ba,ab,ab,ab,ba,ba,ba,ba,ba,ba,ab,ab,ab,ab,ab,ab,ba,ab,ba,ba,ba,ab,ba,ab,ba,ba,ab,ab,ab,ba,ab,ba,ab,ab,ab,ba,ba,ba,ab,ab,ab,ba,ab,ba,ba,ba,ab,ab,ab,ba,ab,ba,ab,ab,ab,ab,ab,ba,ba,ba,ba,ba,ba,ab,ba,ab,ab,ba,ba,ab,ab,ba,ab,ba,ab,ba,ba,ab,ab,ab,ab,ba,ab,ba,ab,ba,ab,ab,ab,ab,ba,ba,ab,ba,ab,ba,ab,ba,ba,ba,ab,ab,ab,ba,ba,ba,ab,ba,ba,ba,ab,ba,ba,ba,ba,ab,ab,ab,ab,ab,ba,ba,ab,ab,ba,ab,ba,ba,ba,ba,ba,ab,ba,ab,ab,ba,ba,ba,ba,ab,ab,ba,ab,ba,ab,ab,ab,ba,ba,ab,ab,ba,ab,ab,ba,ba,ba,ba,ab,ab,ab,ba,ab,ab,ba,ba,ba,ab,ab,ba,ab,ba,ab,ab,ab,ba,ba,ab,ab,ba,ab,ab,ba,ba,ab,ab,ba,ab,ba,ba,ab,ab,ba,ba,ba,ab,ba,ab,ba,ba,ab,ab,ab,ba,ba,ab,ba,ab,ab,ab,ba,ab,ab,ab,ab,ab,ba,ba,ab,ab,ba,ba,ba,ba,ab,ab,ab,ba,ba,ab,ba,ba,ba,ba,ab,ba,ba,ab,ba,ba,ba,ab,ba,ab,ba,ab,ab,ba,ba,ab,ba,ba,ba,ab,ba,ab,ab,ab,ab,ab,ab,ba,ba,ba,ba,ab,ab,ab,ba,ab,ba,ba,ba,ba,ab,ba,ab,ba,ab,ba,ba,ba,ab,ba,ab,ab,ab,ab,ab,ba,ab,ab,ba,ba,ba,ba,ab,ba,ab,ba,ba,ba,ba,ba,ba,ba,ab,ab,ab,ba,ab,ab,ba,ba,ab,ba,ba,ab,ab,ab,ba,ba,ab,ab,ab,ab,ba,ab,ab,ba,ab,ab,ab,ab,ab,ba,ab,ba,ba,ab,ba,ab,ba,ab,ab,ab,ba,ab,ab,ab,ba,ab,ab,ab,ba,ab,ab,ab,ab,ab,ab,ab,ba,ba,ba,ab,ab,ba,ab,ba,ab,ab,ab,ab,ab,ab,ba,ab,ba,ab,ab,ab,ba,ba,ab,ab,ba,ab,ab,ba,ba,ba,ba,ba,ab,ab,ba,ba,ba,ba,ba,ab,ab,ba,ba,ab,ab,ba,ba,ab,ba,ba,ba,ba,ab,ab,ba,ab,ab,ba,ab,ba,ab,ab,ab,ab,ba,ab,ba,ba,ba,ba,ba,ab,ba,ba,ab,ba,ab,ab,ba,ab,ab,ab,ba,ab,ab,ba,ab,ba,ba,ba,ba,ab,ab,ab,ba,ab,ba,ba,ba,ab,ab,ba,ab,ab,ba,ba,ba,ba,ba,ab,ab,ba,ab,ab,ab,ab,ab,ab,ba,ba,ba,ab,ab,bb,aa,ab,ba,ba,ba,ba,ba,ab,ab,ba,ab,ba,ba,ab,ab,ab,ba,ab,ba,ba,ab,ba,ba,ab,ba,ba,ba,ba,ba,ba,ba,ab,ba,ba,ba,ba,ba,ab,ab,ab,ba,ba,ba,ab,ab,ab,ab,ab,ba,ab,ba,ab,ab,ba,ab,ba,ba,ba,ba,ab,ab,ba,ab,ba,ab,ab,ab,ab,ba,ba,ba,ba,ab,ba,ba,ab,ab,ba,ab,ba,ab,ba,ba,ab,ab,ab,ba,ab,ba,ab,ba,ab,ab,ab,ab,ab,ba,ab,ba,ab,ab,ab,ba,ab,ba,ba,ba,ba,ab,ab,ba,ab,ba,ba,ab,ab,ab,ba,ba,ba,ab,ab,ab,ab,ab,ba,ab,ab,ab,ab,ab,ab,ab,ab,ba,ab,ba,ba,ab,ba,ba,ba,ab,ba,ba,ba,ab,ba,ba,ba,ba,ba,ba,ab,ba,ab,ab,ab,ab,ba,ab,ba,ba,ba,ba,ab,ba,ab,ab,ab,ab,ab,ab,ba,ba,ab,ab,ab,ba,ab,ba,ab,ba,ab,ab,ba,ba,ba,ba,ab,ab,ab,ab,ab,ba,ba,ba,ba,ba,ab,ba,ab,ab,ba,ba,ba,ab,ba,ab,ab,ba,ba,ab,ab,ab,ab,ab,ab,ab,ab,ab,ab,ba,ab,ba,ab,ab,ab,ab,ab,ba,ba,ab,ba,ba,ab,ab,ab,ab,ba,ba,ba,ab,ba,ba,ba,ba,ab,ab,ba,ba,ab,ab,ba,ba,ba,ab,ab,ab,ab,ab,ab,ba,ba,ba,ba,ba,ab,ab,ba,ba,ab,ab,ba,ba,ba,ba,ab,ab,ba,ab,aa,ba,ba,ab,ba,ab,ba,ab,ba,ab,ba,ab,ab,ab,ba,ab,ba,ab,ab,ba,ba,ab,ba,ba,ba,ab,ab,ba,ba,ab,ba,ab,ba,ab,ab,ba,ba,ab,ba,ab,ab,ba,ab,ab,ba,ba,ab,ba,ab,ba,ba,ba,ab,ab,ab,ab,ba,ba,ba,ab,ba,ba,ba,ba,ba,ba,ba,ab,ab,ba,ba,ba,ba,ab,ba,ba,ab,ab,ab,ab,ab,ab,ba,ba,ba,ab,ba,ba,ab,ba,ba,ab,ab,ab,ab,ab,ba,ba,ab,ba,ba,ab,ab,ba,ab,ba,ab,ab,ab,ab,ba,ba,ab,ba,ba,ba,ab,ab,ba,ba,ab,ba,ab,ab,ba,ab,ab,ab,ab,ab,ba,ab,ba,ba,ba,ba,ab,ba,ba,ba,ba,ab,ba,ba,ab,ab,ab,ab,ab,ba,ab,ab,ba,ab,ba,ba,ba,ba,ab,ab,ba,ab,ab,ab,ab,ba,ba,ab,ba,ab,ab,ab,ba,ba,ba,ab,ab,ab,ba,ba,ab,ab,ba,ab,ba,ba,ba,ba,ba,ba,ba,ab,ba,ba,ba,ba,ab,ba,ab,ba,ab,ab,ab,ab,ba,ab,ba,ba,ab,ba,ba,ab,ba,ba,ba,ba,ba,ab,ba,ab,ab,ab,ba,ba,ab,ba,ba,ab,ab,ab,ab,ab,ab,ba,ba,ab,ba,ba,ba,ba,ba,ba,ba,ab,ab,ab,ab,ba,ba,ba,ab,ba,ab,ba,ab,ba,ab,ba,ab,ab,ba,ba,ab,ba,ab,ab,ba,ba,ab,ba,ab,ba,ba,ab,ab,ab,ab,ba,ab,ab,ab,ba,ba,ba,ba,ba,ba,ba,ba,ab,ba,ba,ba,ba,ab,ab,ab,ba,ab,ab,ab,ab,ab,ab,ba,ba,ab,ab,ab,ba,ba,ab,ab,ab,ab,ba,ab,ab,ba,ba,ba,ba,ab,ba,ba,ab,ba,ab,ab,ba,ab,ab,ab,ab,ba,ab,ba,ba,ab,ba,ba,ba,ba,ba,ab,ab,ba,ab,ab,ab,ab,ab,ab,ba,ba,ab,ba,ab,ab,ba,ab,ba,ba,ab,ab,ab,ba,ba,ab,ba,ab,ab,ab,ba,ba,ba,ab,ba,ab,ab,ba,ba,ba,ba,ab,ba,ba,ba,ab,ab,ba,ab,ba,ba,ab,ab,ba,ab,ab,ab,ab,ab,ba,ba,ab,ab,ba,ab,ab,ba,ab,ba,ab,ba,ba,ba,bb,aa,ab,ba,ab,ba,ba,ab,ab,ba,ab,ba,ab,ba,ba,ab,ab,ab,ab,ab,ab,ab,ba,ab,ba,ab,ab,bb,ba,ba,ab,ba,ba,ba,ab,ab,ba,ab,ab,ba,ab,ba,ba,ba,ba,ab,ab,ba,ba,ba,ab,ab,ba,ab,ba,ba,ab,ba,ba,ab,ab,ba,ba,ab,ba,ab,ba,ba,ba,ba,ba,ba,bb,ba,ba,ab,ab,ab,ab,ab,ab,ab,ba,ba,ab,ab,ba,ba,ba,ba,ba,ba,ba,ba,ba,ab,ab,ba,ba,ba,ab,ab,ba,ba,ab,ab,ab,ba,ba,ab,ab,ab,ab,ba,ab,ab,ab,ba,ab,ba,ab,ba,ba,ab,ba,ab,ba,ab,ab,ba,ab,ab,ab,ab,ab,ba,ba,ba,ab,ab,ab,ba,ba,ba,ab,ab,ab,ab,ab,ab,ba,ba,ba,ba,ab,ab,ab,ba,ba,ba,ab,ba,ba,ab,ba,ab,ab,ab,ab,ab,ab,ab,ba,ab,ba,ab,ba,ba,ab,ba,ab,ba,ba,ba,ab,ab,ab,ab,ab,ba,ab,ba,ba,ba,ab,ba,ab,ba,ba,ab,ab,ba,ba,ba,ba,ab,ab,ba,ab,ab,ba,ab,ba,ab,ab,ab,ba,ab,ab,ab,ba,ab,ab,ba,ba,ba,ba,ab,ab,ba,ab,ba,ba,ab,ab,ab,ab,ab,ba,ba,ab,ba,ba,ab,ab,ab,ba,ba,ba,ab,ba,ba,ba,ba,ab,ba,ba,ba,ab,ba,ba,ab,ab,ba,ba,ab,ab,ba,ab,ba,ba,ab,ab,ab,ab,ab,ab,ab,ba,ba,ba,ba,ba,ba,ab,ab,ba,ba,ba,ab,ab,ba,ba,ba,ba,ba,ba,ab,ba,ab,ab,ab,ba,ab,ab,ab,ab,ba,ab,ba,ab,ba,ba,ab,ba,ba,ab,ab,ba,ab,ba,ba,ba,ba,ba,ba,ab,ba,ba,ba,ba,ba,ba,ba,ab,ba,ba,ba,ab,ba,ba,ab,ab,ab,ab,ab,ba,ab,ab,ab,ab,ab,ab,ab,ba,ba,ab,ba,ba,ba,ba,ba,ab,ab,ab,ba,ba,ab,ab,ab,ab,ab,ba,ba,ab,ba,ab,ab,ba,ab,ba,ab,ab,ab,ba,ba,ab,ab,ba,ba,ba,ab,ab,ab,ab,ab,ba,ab,ba,ba,ba,ba,ab,ab,ab,ab,ab,ba,ba,ab,ba,ab,ab,ba,ba,ab,ab,ba,ba,ab,ba,ba,ab,ab,ab,ba,ab,ba,ba,ba,ab,ab,ab,ab,ba,ba,ba,ba,ab,ab,ba,ab,ab,ab,ab,ba,ab,ab,ab,ba,ab,ab,ab,ab,ab,ba,ba,ba,ba,ab,ba,ba,ab,ba,ab,ab,ab,ab,ba,ab,ba,ba,ba,ba,ab,ba,ab,ab,ab,ba,ba,ba,ab,ab,ab,ba,ba,ba,ba,ba,ab,ab,ab,ab,ba,ba,ab,ab,ba,ba,ba,ab,ab,ba,ab,ab,ab,ba,ba,ab,ab,ba,ba,ba,ab,ba,ab,ab,ba,ba,ba,ab,ba,ba,ab,ba,ba,ab,ba,ba,ab,ab,ab,ba,ba,ba,ba,ab,ab,ba,ab,ab,ba,ba,ab,ba,ba,ba,ab,ba,ab,ab,ba,ab,ba,ba,ab,ba,ba,ba,ba,ba,ba,ab,ba,ba,ab,ba,ba,ab,ab,ba,ba,ba,ab,ba,ba,ab,ab,ab,ba,ab,ba,ab,ab,ab,ab,ba,ba,ba,ba,ba,ab,ab,ba,ab,ab,ba,ab,ba,ab,ab,ba,ab,ab,ab,ab,ab,ab,ab,ab,ab,ba,ba,ba,ba,ab,ab,ba,ba,ab,ab,ba,ab,ab,ba,ba,ab,ab,ab,ab,ab,ab,ab,ba,ab,ba,ab,ba,ba,ba,ab,ab,ba,ab,ba,ba,ab,ba,ba,ab,ab,ab,ab,ba,ab,ba,ba,ab,ab,ba,ab,ba,ab,ba,ba,ab,ba,ba,ba,ab,ba,ab,ba,ba,ab,ba,ba,ba,ba,ab,ba,ab,ba,ab,ab,ab,ba,ba,ab,ba,ba,ab,ab,ba,ab,ba,ab,ba,ba,ab,ab,ab,ba,ab,ba,ab,ab,ba,ab,ab,ab,ab,ba,ab,ba,ab,ba,ab,ab,ba,ab,ab,ba,ba,ba,ba,ab,ab,ba,ba,ab,ab,ab,ab,ab,ba,ab,ab,ba,ab,ab,ab,ab,ba,ba,ab,ba,ba,ab,ab,ba,ab,ab,ba,ab,ba,ab,ab,ba,ba,ab,ab,ab,ab,ab,ba,ab,ba,ba,ab,ba,ba,ba,ba,ba,ba,ba,ba,ab,ab,bb,ab,ab,ab,ba,ab,ab,ab,ab,ba,ab,ab,bb,bb,bb,aa,bb,bb,ab,ab,bb,ba,ba,ab,ab,ab,ba,ba,ba,ba,ba,ab,ba,ba,ba,ab,ab,ab,ab,ab,ab,ba,ba,ab,ab,ba,ba,ab,ab,ba,ab,ab,ba,ba,ab,ab,ba,ab,ba,ab,ab,ab,ba,ba,ab,ab,ab,ab,ba,ba,ba,ab,ba,ab,ba,ba,ba,ab,ba,ab,ab,ab,ba,ab,ba,ba,ab,ab,ba,ab,ba,ba,ab,ab,ba,ab,ab,ba,ab,ba,ba,ba,ba,ba,ba,ab,ab,ba,ba,ba,ab,ba,ba,ab,ab,ab,ba,ab,ba,ab,ab,ba,ba,ba,ba,ba,ab,ab,ba,ab,ba,ab,ab,ba,ba,ab,ba,ba,ab,ab,ab,ba,ba,ab,ba,ab,ab,ab,ba,ab,ba,ab,ab,ba,ab,ab,ab,ab,ab,ba,ab,ab,ab,ab,ba,ab,ba,ba,ba,ab,ba,ab,ba,ab,ab,ab,ab,ba,ba,ba,ab,ab,ba,ba,ba,ab,ba,ba,ab,ab,ab,ab,ba,ba,ab,ab,ba,ab,ab,ba,ba,ba,ab,ba,ab,ab,ab,ba,ba,ba,ba,ab,ab,ba,ba,ba,ab,ab,ba,ab,ba,ab,ab,ab,ba,ba,ba,ba,ba,ba,ab,ab,ab,ba,ab,ab,ba,ab,ba,ba,ab,ba,ab,ba,aa,bb,ab,ab,ab,ab,ba,ab,ab,ab,ab,ab,ba,ab,ab,ba,ba,ab,ba,ab,ab,ba,ba,ab,ab,ab,ab,ba,ba,ab,ab,ab,ab,ab,ab,ba,ab,ba,ba,ba,ab,ba,ab,ba,ba,ba,ba,ba,ab,ab,ba,ba,ba,ba,ba,ab,ba,ab,ab,ab,ba,ab,ba,ab,ba,ab,ba,ab,ba,ab,ba,ab,ba,ba,ba,ab,ab,ba,ba,ab,ba,ab,ab,ab,ab,ba,ab,ba,ba,ab,ba,ab,ba,ba,ab,ba,ab,ba,ab,ba,ba,ab,ab,ab,ba,ab,ab,ab,ab,ba,ab,ba,ba,ba,ab,ba,ba,ab,ba,ba,ba,ba,ab,ba,ab,ba,ab,ba,ba,ba,ba,ab,ba,ba,ab,ab,ab,ba,ba,ba,ba,ba,ab,ab,ba,ba,ab,ba,ba,ab,ba,ba,ba,ba,ab,ba,ba,ab,ba,ba,ab,ab,ba,ba,ba,ab,ab,ab,ba,ab,ba,ba,ba,ab,ba,ab,ab,ab,ba,ab,ab,ba,ba,ab,ba,ba,ab,ab,ba,ab,ba,ba,ab,ba,ab,ba,ab,ab,ba,ba,ba,ba,ba,ab,ab,ba,ba,ba,ab,ab,ba,ab,ba,ba,ba,ba,ba,ab,ba,ba,ab,ab,ab,ba,ab,ba,ba,ba,ab,ab,ab,ba,ab,ab,ab,ba,ab,ba,ab,ca,ba,ab,ba,ab,ab,ba,ba,ba,ab,ab,ba,ba,ba,ba,ab,ba,ab,ba,ab,ab,ba,ba,ab,ba,ba,ab,ab,ba,ba,ab,ab,ab,ab,ab,ba,ba,ba,ab,ba,ab,ba,ba,ab,ba,ba,ba,ab,ba,ab,ab,ab,ab,ab,ba,ba,ba,ba,ab,ba,ab,ab,ab,ab,ab,ba,ba,ab,ba,ba,ab,ab,ba,ab,ab,ba,ab,ab,ab,ab,ba,ba,ab,ab,ba,ba,ab,ab,ab,ba,ba,ab,ab,ab,ba,ab,ba,ba,ab,ba,ab,ab,ba,ab,ab,ba,ba,ab,ab,ba,ab,ba,ba,ab,ba,ab,ba,ba,ba,ba,ab,ab,ab,ba,ab,ba,ba,ba,ba,ba,ba,ba,ba,ab,ab,ba,ab,ab,ab,ab,ab,ba,ba,ba,ab,ab,ba,ab,ba,ba,ab,ab,ba,ba,ba,ba,ba,ab,ab,ab,ba,ab,ba,ab,ba,ba,ba,ba,ab,ab,ab,ab,ab,ab,ab,ab,ab,ba,ba,ab,ba,ab,ab,ab,ab,ba,ab,ba,ab,ba,ab,ab,ab,ab,ba,ab,ab,ab,ba,ba,ab,ab,ab,ab,ab,ba,ba,ba,ba,ba,ba,ab,ba,ab,ab,ba,ba,ba,ba,ab,ab,ba,ab,ba,ba,ab,ba,ba,ba,ab,ba,ab,ab,ab,ab,ba,ba,ba,ba,ab,ab,ba,ba,ab,ab,ba,ba,ba,ab,ab,ba,ab,ba,ba,ba,ba,ab,ba,ab,ab,ab,ba,ab,ba,ab,ab,ab,ba,ab,ab,ba,ba,ab,ab,ba,ab,ab,ba,ab,ba,ba,ab,ab,ab,ba,ab,ba,ba,ba,ab,ab,ab,ba,ab,ab,ba,ba,ba,ba,ab,ba,ba,ab,ab,ba,ba,ab,ba,ab,ba,ba,ab,ba,ab,ba,ab,ab,ba,ba,ba,ab,ab,ba,ba,ba,ab,ba,ba,ab,ba,ab,ba,ba,ba,ab,ab,ab,ab,ab,ab,ba,ba,ba,ab,ba,ba,ab,ba,ab,ab,ab,ba,ab,ab,ab,ab,ab,ab,ab,ab,ab,ba,ba,ab,ba,ab,ab,ab,ba,ba,ab,ab,ba,ba,ab,ab,ab,ab,ba,ba,ba,ab,ab,ba,ab,ba,ab,ab,ab,ab,ba,ba,ab,ab,ba,ba,ba,ab,ba,ba,ba,ba,ab,ab,ab,ba,ba,ba,ab,ab,ba,ab,ba,ba,ab,ab,ab,ab,ab,ba,ba,ab,ab,ab,ba,ab,ba,ab,ba,ba,ab,ba,ab,ba,ab,ba,ab,ab,ba,ab,ba,ab,ba,ab,ab,ab,ba,ba,ab,ab,ab,ab,ba,ab,ab,ab,ba,ba,ba,ba,ab,ab,ab,ba,ab,ab,ba,ba,ab,ab,ba,ba,ba,ab,ba,ba,ab,ab,ba,ba,ba,ba,ab,ba,ab,ba,ab,ba,ba,ab,ab,ba,ab,ba,ba,ba,ba,ba,ba,ab,ab,ba,ab,ab,ba,ba,ab,ba,ba,ab,ba,ba,ba,ba,ba,ab,ab,ba,ab,ab,ba,ba,ab,ab,ab,ab,ab,ba,ba,ba,ab,bb,aa,bb,ba,ba,ba,ba,ba,ba,ab,ab,ba,ab,ab,ab,ab,ab,ba,ba,ab,ba,ab,ba,ba,ab,ba,ab,ba,ab,ab,ba,ab,ba,ba,ba,ba,ab,ab,ab,ba,ab,ab,ba,ba,ba,ab,ab,ab,ba,ba,ba,ab,ab,ab,ab,ab,ab,ba,ab,ba,ab,ba,ab,ba,ab,ab,ba,ab,ab,ba,ab,ab,ab,ba,ba,ba,ab,ab,ba,ab,ab,ba,ab,ba,ab,ab,ab,ba,ba,ab,ba,ab,ab,ba,ba,ba,ab,ba,ba,ba,ba,ab,ba,ba,ab,ba,ab,ab,ba,ba,ba,ba,ba,ab,ab,ba,ba,ab,ba,ab,ba,ab,ab,ab,ba,ba,ab,ab,ba,ab,ba,ba,ba,ba,ba,ab,ab,ab,ab,ab,ab,ba,ab,ba,ba,ba,ab,ba,ba,ba,ba,ba,ab,ba,ba,ab,ab,ab,ab,ba,ab,ba,ab,ab,ab,ba,ab,ba,ab,ab,ab,ab,ba,ba,ba,ba,ab,ba,ba,ba,ba,ba,ab,ba,ba,ba,ab,ba,ba,ba,ab,ba,ba,ba,ab,ba,ab,ab,ab,ab,ba,ab,ab,ba,ba,ba,ab,ba,ba,ba,ab,ab,ab,ba,ba,ba,ab,ba,ab,ab,ba,ba,ba,ab,ba,ba,ba,ab,ab,ab,ba,ab,ab,ab,ab,ab,ba,ab,ba,ab,ab,ab,ab,ab,ba,ab,ba,ba,ab,ba,ba,ab,ba,ba,ab,ba,ab,aa,ab,ba,ba,ba,ba,ab,ab,ba,ba,ab,ab,ba,ab,ba,ba,ba,ba,ba,ab,ba,ab,ab,ba,ab,ba,ba,ab,ba,ab,ab,ba,ab,ba,ba,ab,ba,ab,ab,ba,ab,ab,ba,ab,ab,ba,ba,ab,ba,ab,ab,ba,ab,ba,ba,ab,ba,ab,ba,ba,ba,ab,ab,ab,ab,ab,ab,ba,ba,ab,ab,ba,ba,ab,ba,ab,ab,ba,ab,ab,ab,ab,ab,ab,ab,ab,ba,ab,ab,ba,ab,ab,ba,ab,ab,ab,ab,ab,ab,ba,ba,ab,ba,ba,ab,ba,ba,ba,ba,ba,ab,ba,ba,ab,ba,ab,ba,ab,ba,ba,ba,ba,ba,ba,ab,ba,ab,ba,ab,ab,ba,ab,ab,ab,ab,ba,ba,ab,ab,ab,ab,ab,ab,ba,ab,ba,ab,ab,ab,ba,ab,ab,ab,ab,ab,ab,ba,ba,ab,ba,ba,ba,ab,ba,ba,ab,ba,ab,ab,ba,ab,ab,ba,ba,ba,ab,ab,ab,ba,ab,ba,ba,ab,ba,ab,ba,ba,ab,ba,ba,ba,ab,ba,ab,ab,ba,ab,ba,ba,ba,ba,ba,ab,ba,ba,ba,ba,ba,ba,ba,ba,ab,ba,ab,ba,ab,ba,ab,ab,ba,ab,ba,ba,ba,ab,ab,ab,bb,bb,ba,ba,ba,ba,ab,ab,ab,ab,ab,ba,ab,ba,ba,ba,ba,ba,ba,ab,ba,ab,ba,ba,ab,ab,ab,ab,ab,ab,ab,ab,ba,ba,ba,ba,ba,ab,ba,ab,ab,ab,ba,ab,ba,ba,ab,ba,ab,ab,ba,aa,bb,ab,ba,ab,ba,ba,ab,ba,ab,ab,ba,ba,ab,ba,ab,ab,ba,ba,ba,ba,ba,ba,ab,ab,ba,ab,ba,ab,ba,ab,ab,ba,ab,ab,ba,ab,bb,ab,ab,ab,ba,ba,ba,ba,ba,ba,ba,ab,ab,ab,ab,ab,ab,ba,ba,ab,ba,ab,ab,ba,ab,ab,ba,ba,ab,ab,ab,ab,ab,ba,ab,ba,ab,ba,ba,ab,ba,ba,ab,ba,ba,ab,ab,ab,ba,ab,ab,ab,ba,ba,ba,ab,aa,bb,ab,ba,ba,ab,ab,ba,ba,ab,ab,ba,ab,ab,ab,ba,ab,ba,ba,ab,ab,ab,ab,ba,ba,ab,ba,ba,ba,ba,ba,ab,ba,ba,ba,ba,ab,ab,ba,ab,ab,ba,ba,aa,ab,ba,ba,ba,ab,ba,ba,ab,ba,ab,ba,ab,ba,ba,ab,ba,ba,ab,ab,ab,ba,ba,ba,ab,ab,ab,ba,ba,ab,ba,ba,ba,ab,ab,ab,ab,ab,ba,ba,ba,ab,ab,ba,ba,ba,ab,ab,ab,ab,ab,ab,ab,ab,ab,ab,ab,ab,ab,ba,ab,ab,ab,ba,ab,ab,ba,ba,ab,ba,ab,ab,ab,ba,ab,ba,ba,ab,ab,ba,ba,ba,ab,ab,ba,ab,ba,ba,ab,ba,ba,ba,ba,ab,ab,ba,ba,ba,ba,ab,ab,ba,ba,ba,ab,ba,ab,ab,ba,ab,ab,ab,ab,ba,aa,ba,ba,ba,ba,ba,ab,ba,ab,ab,-,ab,aa,ba,ba,ab,ab,ba,ba,ab,ba,ab,ba,ab,ab,ba,ab,ab,ba,ac,ab,ba,ba,ba,ba,ab,ab,ab,ba,ba,ab,ba,ab,ab,ab,ba,ba,ab,ba,ab,ba,ab,ab,ba,ba,ba,ab,ab,ab,ab,ba,ab,ab,ba,ab,ba,ba,ab,ab,ba,ab,ba,ba,ba,ab,ab,ab,ab,ba,ba,ab,ab,ba,ba,ba,ab,ab,ab,ab,ab,ab,ab,ab,ab,ab,ab,ba,ba,ba,ba,ba,ab,ba,ba,ba,ba,ba,ab,ab,ab,ab,ba,ba,ab,ba,ab,ba,ab,ab,ab,ab,ab,ab,ba,ab,ab,ab,ba,ba,ab,ba,ba,ba,ab,ab,ab,ab,ab,ab,ba,ab,ba,ba,ba,ab,ab,ab,ab,ba,ba,ba,ab,ab,ab,ba,ab,ab,ab,ba,ab,ab,ba,ba,ba,ba,ab,ba,ba,ab,ba,ab,ba,ab,ba,ab,ba,ba,ba,ab,ab,ab,ab,ab,ba,ba,ba,ba,ba,ba,ab,ba,ba,ba,ab,ab,ba,ab,ab,ba,ba,ab,ab,ba,ba,ba,ab,ab,ab,ab,ba,ab,ba,ab,ab,ba,ba,ba,ba,ba,ab,ab,ab,ab,ba,ab,ab,ab,ba,ba,ba,ab,ab,ba,bb,ab,ab,ba,ab,ab,ab,ba,ab,ab,ba,ab,ab,ba,ba,ba,ba,ba,ab,ab,ab,ba,ba,ba,ba,ba,ab,ba,ab,ab,ba,ab,ab,ba,ab,ab,ba,ba,ba,ab,ab,ba,ab,ba,ab,ab,ab,ab,ab,ab,ba,ba,ab,ba,ab,ab,ba,ab,ab,ba,ab,ab,ba,ab,ab,ba,ab,ba,ba,ab,ba,ab,ba,ab,ba,ab,ba,ba,ba,ba,ab,ab,ab,ab,ba,ba,ab,ab,ab,ba,ab,ab,ba,ab,ba,ba,ab,ab,ba,ba,ab,ba,ab,ba,ba,ab,ba,ba,ab,ab,ab,ab,ab,ba,ba,ba,ab,ba,ba,ba,ab,ba,ba,ba,ab,ab,ab,ba,ba,ba,ab,ab,ba,ab,ab,ab,ab,ab,ab,ba,ba,ab,ab,ab,ab,ab,ba,ba,ba,ba,ab,ab,ba,ba,ba,ba,ab,ab,ab,ab,ba,ba,ab,ba,ba,ab,ba,ab,ab,ab,ba,ba,ab,ba,ba,ba,ba,bc,ba,ab,ab,ab,ba,ab,ab,ab,ba,ab,ab,ab,ab,ba,ab,ab,ba,ab,ba,ba,ab,ba,ba,ba,ba,ba,ba,ab,ab,ab,aa,ba,ab,ab,ab,ab,ab,ab,ba,ba,ba,bb,ab,ba,ab,ab,ab,ba,ba,ba,ba,ba,ba,ba,ba,ba,ab,ba,ab,ab,ab,ba,ba,ab,ab,ba,ba,ab,ab,ab,ab,ba,ab,ab,ba,ba,ba,ab,ab,ab,ab,ab,ba,ab,ab,ba,ab,ba,ba,ab,ba,ab,ab,ba,ab,ab,ba,ab,ba,ba,ba,ab,ab,ba,ab,ba,ab,ab,ba,ba,ab,ba,ba,ba,ba,ab,ab,ab,ab,ba,ab,ab,ba,ba,ab,ba,ba,ab,ab,ba,ab,ab,ba,ba,ab,ba,ba,ab,ab,ab,ba,ba,ab,ba,ba,ab,ba,ab,ba,ab,ba,ab,ab,ab,ab,ab,ba,ba,ab,ba,ba,ab,ab,ba,ab,ba,ab,ba,ba,ab,ab,ba,ab,ab,ba,ab,ab,ba,ab,ba,ab,ba,ab,ba,ab,ab,ab,ab,ba,ab,ab,ab,ab,ab,ba,ba,ba,ba,ab,ab,aa,ab,ba,ab,ab,ab,ab,ba,bb,ab,ba,ba,ba,ba,ba,ab,ba,ab,ba,ba,ba,ab,ba,ba,ab,ba,ba,ba,ba,ab,ba,ba,ba,ba,ab,ab,ab,ab,ba,ab,ba,ab,ab,ab,ab,ba,ab,ba,ab,ab,ab,ba,ba,ba,ba,ba,ba,ab,ba,ab,ab,ab,ba,ba,ba,ab,ba,ab,ba,ba,ba,ab,ba,ab,ba,ba,ba,ab,ab,ba,ab,ab,ba,ba,ba,ba,ba,ab,ab,ab,ba,ab,ab,ba,ba,ba,ba,ba,bb,ba,ba,ab,ba,ab,ab,ba,ba,ba,ab,ab,ba,ab,ab,ab,ba,ab,ba,ab,ba,ab,ab,ba,ab,ba,ba,ba,ba,ab,ab,ab,ba,ba,ab,ab,ab,ba,ba,ba,ba,ba,ab,ba,ab,ba,ab,ba,ab,ab,ab,ba,ab,ba,ba,ab,ab,ba,ab,ba,ba,ba,ba,ba,ab,ab,ba,ab,ab,ab,ab,ba,ab,ab,ba,ab,ab,ba,ab,ba,ba,ba,ba,ba,ab,ba,ba,ba,ab,ab,ba,ab,ab,ab,ba,ba,ab,ab,ba,ba,ba,ba,ba,ab,ab,ab,ab,ba,ba,ba,ba,ab,ba,ba,ab,ba,ab,ab,ab,ba,ab,ba,ba,ab,ba,ab,ab,ba,ab,bb,ab,ba,ab,ba,ba,ab,ba,ba,ab,ab,ab,ab,ab,ba,ab,ab,ba,ba,ab,ba,ba,ab,ab,ab,ba,ab,ba,ab,ba,ba,ab,ba,ba,ab,ba,ab,ba,ab,ba,ab,ab,ab,ba,ab,ba,ab,ab,ab,ba,ba,ab,ab,ab,ab,ab,ba,ba,ab,ba,ab,ba,ab,ab,ab,ab,ab,ab,ba,ab,ba,ab,ba,ba,ab,ab,ba,ab,ba,ab,ba,ab,ab,ab,ba,ab,ba,ba,ba,ba,ba,ba,ab,ab,ba,ab,ba,ab,ba,ab,ba,ba,ba,ab,ab,ab,ba,ab,ab,ba,ba,ba,aa,ba,ab,ab,ba,ba,ab,ab,ba,ab,ba,ba,ab,ba,ab,ba,ba,ba,ba,ba,ba,ba,ba,ab,ab,ab,ab,ab,ab,ab,ab,ab,ba,ab,ab,ba,ba,ab,ab,ab,ab,ab,ba,ab,ab,ba,ab,ba,ab,ba,ba,ab,ab,ab,ba,ba,ba,ab,ba,ba,ab,ba,ab,ab,ab,ba,ab,ba,ba,ab,ba,ab,ab,ba,ba,ba,ba,ba,ba,ba,ab,ba,ab,ab,ba,ba,ab,ba,ab,ba,ba,ba,ba,ab,ba,ab,ba,ba,ab,ba,ab,ab,ba,ba,ba,ba,ab,ab,ab,ba,ab,ba,ba,ba,ba,ba,ba,ab,ba,ba,ab,ba,ab,ab,ab,ba,ba,ba,ab,ba,ab,ab,ba,ba,ba,ab,ab,ab,ba,ab,ab,ab,ba,ba,ba,ab,ba,ba,ab,ba,ba,ab,ab,ba,ab,ba,ba,ba,ab,ba,ab,ab,ba,ab,ba,ba,ba,ab,ab,ba,ba,ba,ab,ab,ab,ba,ba,ab,ba,ba,ba,ba,ab,ab,ab,ba,ab,ab,ba,ab,ab,ab,ba,ab,ab,ab,ab,ab,ba,ba,ba,ba,ba,ab,ab,ab,ab,ab,ba,ba,ab,ba,ab,ab,ab,ab,ab,ab,ba,ab,ab,ba,ab,ab,ba,ba,ab,ab,ab,ba,ba,ba,ba,ab,ab,ba,ab,ba,ab,ba,ba,ba,ba,ba,ab,ab,ab,ab,ba,ba,ab,ab,ab,ab,ba,ba,ab,ba,ab,ba,ba,ba,ba,ba,ab,ab,ab,ab,ba,ab,ba,ba,ba,ab,ab,ba,ab,ab,ab,ba,ba,ba,ab,ba,ba,ab,ba,ab,ba,ab,ba,ba,ba,ba,ab,ba,ba,ab,ba,ba,ab,ab,ab,ba,ba,ba,ab,ab,ab,ab,ba,ba,ab,ab,ab,ab,ba,ab,ba,ba,ba,ab,ba,ab,ba,ba,ab,ba,ab,ab,ba,ba,ab,ba,ba,ba,ab,ab,ab,ba,ab,ab,ab,ab,ab,ba,ba,ba,ba,ab,ab,ba,ba,ba,ba,ba,ba,ba,ab,ba,ab,ba,ab,ab,ab,ab,ba,ba,ba,ba,ab,ba,ba,ab,ba,ba,ba,ab,ba,ba,ab,ba,ab,ab,ba,ab,ba,ab,ab,ab,ab,ba,ba,ba,ba,ba,ab,ab,ba,ab,ab,ba,ab,ba,ab,ab,ab,ab,ba,ab,ba,ab,ab,ba,ab,ba,ab,ab,ba,ba,ab,ab,ba,ab,ab,ba,ab,ab,ba,ab,ab,ba,ba,ab,ab,ba,ba,ba,ba,ba,ba,ab,ba,ab,ab,ba,ab,ab,ab,ba,ab,ba,ba,ba,ba,ba,ba,ab,ba,ba,ba,ba,ba,ab,ba,ab,ba,ab,ba,ab,ab,ab,ab,ab,ab,ba,ba,ab,ab,ab,ba,ab,ba,ba,ab,ba,ab,ab,ab,ba,ab,ba,ab,ba,ba,ba,ba,ab,ab,ba,ba,ba,ba,ab,ab,ba,ba,ba,ab,ab,ba,ab,ab,ab,ba,ba,ba,ab,ab,ba,ab,ab,ab,ab,ba,ba,ba,ab,ba,ba,ab,ba,ba,ba,ba,ab,ab,ab,ab,ba,ab,ba,ab,ba,ab,ba,ab,ab,ba,ba,ab,ba,ba,ab,ab,ab,ab,ab,ba,ab,ab,ab,ab,ba,ab,ba,ab,ba,ab,ab,ba,ab,ab,ba,ba,ab,ab,ba,ab,ab,ab,ba,ba,ba,ba,ab,ba,ba,ab,ba,ba,ba,ab,ab,ba,ba,ab,ab,ba,ba,ba,ba,ab,ab,ba,ab,ba,ba,ba,ba,ab,ba,ab,ab,ab,ab,ba,ab,ba,ab,ba,ab,ab,ba,ba,ab,ba,ba,ba,ab,ba,ba,ba,ba,ba,ba,ba,ab,ab,ab,ba,ab,ba,ba,ab,ab,ab,ba,ba,ab,ba,ab,ab,ab,ab,ba,ba,ab,ab,ba,ab,ab,ba,ba,ab,ba,ba,ba,ba,ba,ab,ab,ba,ba,ba,ab,ab,ab,ba,ab,ba,ab,ba,ab,ba,ab,ab,ba,ab,ab,ba,ab,ba,ab,ab,ba,ba,ba,ab,ba,ba,ba,ba,ba,ba,ba,ab,ab,ab,ab,ab,ba,ba,ab,ba,ba,ba,ab,ab,ba,ba,ba,ba,ab,ab,ba,ba,ab,ba,ab,ab,ab,ab,ba,ba,ab,ab,ba,ba,ba,ab,ba,ab,ab,ba,ab,ba,ba,ba,ab,ab,ba,ab,ab,ba,ab,ab,ab,ab,ab,ba,ab,ba,ba,ba,ab,ba,ba,ab,ab,ba,ab,ab,ab,ba,ba,ba,ab,ba,ba,ba,ab,ba,ba,ba,ab,ba,ba,ba,ab,ba,ba,ba,ab,ba,ba,ab,ab,ba,ab,ba,ab,ba,ab,ba,ba,ab,ba,ab,ba,ba,ab,ab,ab,ba,ba,ab,ba,ab,ba,ba,ab,ab,ab,ba,ab,ab,ab,ab,ab,ba,ab,ab,ab,ab,ba,ba,ab,ab,ab,ab,ab,ab,ab,ab,ab,ba,ba,ab,ba,ab,ba,ab,ab,ab,ba,ba,ba,ba,ab,ba,ba,ab,ba,ab,ab,ba,ab,ab,ba,ab,ab,ab,ba,ab,ab,ba,ab,ab,ba,ba,ab,ba,ba,ba,ba,ba,ab,ab,ba,ab,ab,ab,ab,ab,ba,ba,ba,ba,ba,ba,ba,ab,ba,ab,ba,ab,ab,ab,ba,ab,ab,ab,ab,ba,ab,ab,ba,ba,ab,ba,ab,ab,ba,ab,ba,ba,ab,ab,ba,ab,ba,ba,ba,ab,ab,ab,ba,ba,ba,ba,ba,ba,ab,ab,ab,ba,ba,ab,ba,ab,ab,ab,ab,ab,ba,ab,ba,ab,ba,ba,ab,ab,ba,ab,ab,ba,ba,ba,ab,ba,ba,ba,ba,ab,ab,ab,ab,ba,ba,ba,ba,ba,ba,ba,ba,ba,ba,ab,ab,ab,ab,ba,ab,ba,ba,ba,ba,ab,ab,ba,ba,ba,ba,ba,ab,ab,ba,ab,ab,ab,ba,ba,ab,ba,ba,ab,ab,ba,ba,ab,ab,ba,ba,ba,ab,ab,ab,ba,ba,ba,ba,ba,ba,ba,ba,ba,ab,ba,ba,ba,ab,ba,ba,ab,ab,ba,ba,ba,ba,ab,ab,ba,ba,ab,ba,ba,ba,ba,ab,ba,ba,ba,ab,ab,ba,ba,ba,ab,ba,ba,ab,ab,ba,ab,ba,ab,ba,ba,ba,ba,ba,ab,ab,ab,ba,ab,ab,ba,ba,ba,ba,ba,ba,ba,ba,ab,ba,ab,ba,ab,ba,ab,ba,ba,ba,ab,ba,ab,ab,ba,ba,ba,ba,ab,ba,ab,ba,ab,ab,ba,ab,ab,ab,ab,ba,ba,ab,bb,ab,ba,ba,ba,ba,ab,ab,ab,ba,ba,ab,ba,ab,ba,ba,ba,ab,ba,ab,ab,ba,ba,ba,ab,ba,ab,ab,ba,ab,ab,ba,ba,ba,ba,ab,bb,ab,ab,ba,ba,ba,ab,ba,ab,ab,ba,ba,ab,ba,ab,ab,ab,ab,ba,ba,ab,ba,ab,ba,ba,ab,ab,ba,ab,ba,ba,ba,ab,ba,ba,ab,ba,ba,ba,ba,ab,ba,ab,ba,ba,ab,ab,ba,ab,ab,ab,ab,ba,ba,ab,ab,ba,ba,ba,ab,ab,ba,ab,ab,ba,ba,ab,ab,ab,ba,ba,ba,ab,ab,ba,ab,ab,ba,ba,ab,ba,ab,ba,ba,ab,ba,ab,ab,ab,ba,ab,ba,ab,ab,ab,ba,ab,ba,ab,ba,ab,ab,ab,ba,ab,ab,ab,ba,ba,ab,ab,ba,ba,ba,ab,ba,ab,ba,ab,ba,ab,ba,ab,ba,ab,ba,ba,ab,ab,ba,ba,ab,ab,ab,ab,ba,ba,ab,ab,ba,ab,ab,ab,ba,ba,ab,ab,ba,ba,ab,ba,ba,ab,ab,ba,ab,ab,ab,ba,ab,ab,ba,ba,ab,ba,ba,ba,ab,ab,ba,ba,ba,ba,ba,ab,ba,ba,ba,ba,ba,ab,ab,ba,ba,ba,ba,ba,ba,ab,ba,ba,ba,ba,ab,ba,ba,ab,ba,ba,ab,ab,ab,ab,ab,ba,ab,ab,ab,ba,ab,ab,ba,ab,ba,ab,ab,ab,ab,ba,ba,ba,ab,ab,ba,ab,ab,ba,ab,ba,ba,ba,ab,ab,ba,ba,ab,ba,ab,ab,ba,ba,ab,ba,ab,ab,ba,ba,ba,ba,ab,ab,ab,ba,ab,ba,ab,ba,ba,ab,ba,ab,ba,ba,ab,ba,ab,ab,ba,ba,ab,ab,ab,ba,ba,ba,ab,ab,ba,ba,ab,ab,ba,ba,ba,ba,ba,ab,ba,ab,ba,ab,ba,ab,ab,ba,ba,ba,ab,ba,ab,ba,ab,ba,ab,ab,ab,ba,ab,ba,ba,ba,ab,ab,ab,ab,ab,ab,ab,ab,ab,ba,ba,ba,ab,ab,ba,ab,ab,ab,ab,ab,ba,ba,ab,ab,ab,ab,ab,ab,ab,ab,ab,ab,ab,ba,ba,ab,ba,ab,ab,ba,ab,ba,ba,ab,ab,ab,ab,ab,ab,ba,ab,ba,ab,ba,ab,ba,ba,ba,ba,ba,ab,ba,ab,ab,ab,ba,ab,ab,ba,ab,ab,ab,ba,ab,ba,ba,ab,ab,ba,ba,ab,ba,ab,ab,ab,ba,ab,ba,ab,ba,ab,ab,ba,ab,ba,ab,ab,ba,ab,ab,ba,ab,ab,ab,ba,ab,ab,ba,ab,ab,ab,ab,ba,ab,ba,ab,ba,ba,ba,ab,ba,ba,ab,ba,ba,ab,ab,ba,ab,ab,ab,ab,ba,ab,ab,ab,ab,ab,ba,ab,ba,ba,ab,ba,ba,ab,ab,ba,ab,ba,ba,ab,ab,ba,ab,ab,ba,ab,ba,ab,ab,ba,ab,ba,ba,ba,ba,ab,ba,ab,ab,ab,ba,ab,ba,ab,ba,ba,ba,ab,ab,ba,ab,ab,ab,ba,ab,ba,ba,ba,ba,ba,ba,ba,ab,ab,ab,ba,ab,ba,ab,ba,ba,ba,ba,ab,ab,ba,ba,ba,ab,ba,ab,ab,ab,ab,ab,ab,ab,ba,ba,ba,ab,ba,ab,ba,ba,ab,ab,ab,ba,ba,ab,ab,ab,ba,ab,ba,ba,ab,ba,ab,ab,ab,ba,ab,ba,ba,ba,ab,ab,ab,ba,ba,ab,ba,ab,ab,ab,ab,ba,ab,ba,ab,ab,ab,ab,ab,ba,ba,ba,ba,ba,ab,ab,ab,ab,ba,ba,ab,ab,ba,ab,ab,ba,ab,ba,ab,ab,ab,ba,ba,ab,ab,ba,ba,ab,ba,ab,ba,ab,ab,ab,ba,ba,ba,ba,ba,ba,ab,ab,ab,ba,ba,ab,ab,ba,ab,ba,ab,ba,ba,ab,ab,ba,ba,ab,ab,ba,ab,ba,ba,ba,ab,ab,ba,ba,ba,ba,ab,ab,ab,ab,ab,ab,ab,ab,ab,ba,ba,ba,ab,ab,ab,ab,ab,ab,ab,ab,ab,ab,ab,ab,ba,ab,ab,ba,ba,ba,ba,ba,ba,ba,ab,ba,ba,ba,ba,ab,ba,ab,ab,ba,ba,ba,ab,ba,ba,ab,ab,ab,ab,ba,ba,ba,ab,ab,ab,ba,ab,ba,ba,ab,ab,ba,ab,ba,ab,ab,ba,ba,ba,ab,ab,ab,ab,ba,ab,ba,ab,ab,ba,ab,ba,ba,ba,ba,ab,ba,ab,ba,ba,ba,ab,ba,ba,ba,ab,ba,ba,ba,ba,ba,ba,ab,ab,ab,ab,ab,ba,ba,ab,ba,ab,ab,ba,ba,ab,ba,ab,ab,ab,ab,ab,ba,ab,ab,ba,ab,ba,ab,ab,ba,ba,ba,ba,ba,ba,ab,ba,ba,ba,ab,ba,ab,ab,ba,ba,ab,ab,ba,ba,ba,ba,ba,ba,ab,ba,ba,ab,ba,ab,ab,ba,ab,ab,ab,ba,ba,ab,ab,ab,ba,ba,ab,ab,ba,ba,ba,ab,ba,ba,ab,ba,ab,ab,ab,ba,ab,ab,ba,ba,ab,ba,ab,ab,ab,ba,ba,ba,ab,ba,ba,ab,ba,ba,ab,ba,ba,ab,ba,ab,ba,ba,ab,ba,ab,ab,ab,ab,ab,ba,ab,ab,ab,ab,ba,ab,ab,ba,ab,ba,ba,ab,ba,ba,ab,ab,ab,ba,ab,ab,ab,ab,ab,ab,ba,ab,ab,ab,ba,ab,ab,ba,ab,ab,ba,ba,ba,ab,ab,ba,ab,ba,ab,ba,ba,ab,ab,ab,ba,ba,ba,ba,bb,bb,ba,ab,ba,ab,ab,ba,ba,ab,ab,ba,ba,ba,ba,ab,ba,ab,ab,ab,ab,ba,ab,ba,ba,ab,ba,ba,ba,ab,ba,ba,ab,ab,ab,ba,ab,ba,ab,ba,ab,ba,ba,ab,ba,ab,ab,ba,ab,ab,ba,ba,ba,ab,ba,ba,ab,ab,ab,ab,ba,ab,ba,ba,ba,ab,ab,ab,ab,ab,ab,ab,ba,ba,ab,ab,ba,ab,ab,ba,ba,ba,ab,ba,ab,ab,ba,ba,ba,ba,ba,ba,ba,ab,ba,ba,ab,ba,ab,ba,ab,ba,ba,ab,ba,ba,ba,ab,ab,ab,ab,ba,ab,ab,ba,ba,ba,ba,ba,ba,ba,ab,ab,ba,ab,bb,bb,bb,ba,ba,ba,ba,ab,ab,ba,ba,ab,ba,ba,ba,ab,ab,ab,ba,ab,ab,ba,ba,ab,ba,ab,ab,ab,ab,ba,ba,ba,ab,ab,ba,ab,ba,ba,ba,ab,ba,ab,ab,ab,ab,ba,ab,ba,ab,ba,ab,ba,ba,ba,ab,ab,ab,ab,ba,ab,ba,ba,ba,ba,ba,ba,ab,ba,ba,ab,ab,ab,ba,ba,ab,ab,ab,ab,ba,ba,ab,ab,ba,ab,ab,ab,ab,ab,ba,ba,ab,ab,ab,ab,ba,ba,ba,ba,ab,ab,ba,ba,ab,ba,ab,ab,ba,ab,ab,ab,ba,ba,ab,ab,ab,ba,ba,ab,ba,ba,ba,ab,ab,ab,ab,ab,ba,ba,ab,ab,ba,ba,ba,ba,ba,ab,ab,ab,ab,ab,ab,ab,ba,ba,ab,ab,ab,ba,ba,ba,ba,ba,ba,ab,ab,ab,ba,ab,ab,ab,ba,ba,ba,ba,ab,ba,ba,ab,ab,ba,ba,ab,ab,ba,ab,ba,ba,ab,ba,ab,ba,ab,ba,ba,ba,ab,ba,ba,ab,ba,ab,ab,ba,ab,ba,ba,ab,ba,ab,ab,ba,ba,ab,ba,ab,ba,ab,ab,ab,ab,ba,ba,ab,ab,ab,ba,ab,ab,ba,ab,ba,ba,ba,ba,ba,ba,ab,ba,ab,ba,ab,ba,ab,ab,ab,ba,ba,ab,ba,ba,ba,ba,ba,ab,ba,ab,ab,ab,ba,ba,ab,ab,ba,ba,ba,ab,ab,ab,ab,ba,ba,ba,ba,ab,ba,ba,ab,ab,ab,ba,ba,ab,ba,ab,ab,ba,ab,ba,ab,ba,ab,ba,ba,ab,ab,ba,ab,ab,ba,ba,ab,ba,ab,ba,ab,ba,ba,ab,ab,ba,ab,ab,ab,ab,ab,ba,ab,ab,ba,ba,ba,ba,ba,ab,ba,ab,ab,ba,ba,ba,ab,ab,ba,ab,ab,ab,ba,ab,ab,ab,ba,ba,ba,ba,ba,ab,ba,ba,ba,ba,ba,ab,ab,ba,ba,ab,ab,ab,ab,ba,ba,ba,ba,ab,ba,ba,ba,ba,ab,ba,ba,ba,ab,ba,ab,ba,ab,ba,ab,ba,ba,ab,ba,ab,ab,ba,ab,ba,ab,ab,ba,ba,ba,ba,ab,ba,ab,ab,ab,ba,ba,ba,ab,ab,ab,ab,ab,ab,ab,ab,ba,ab,ab,ba,ba,ba,ab,ba,ba,ba,ba,ab,ba,ab,ab,ab,ab,ab,ab,ab,ab,ab,ab,ab,ab,ba,ba,ba,ab,ab,ab,ab,ba,ab,ab,ba,ab,ab,ab,ba,ab,ab,ba,ab,ab,ab,ab,ab,ba,ab,ab,ba,ba,ba,ab,ba,ab,ab,ab,ba,ba,ab,ba,ab,ba,ba,ba,ab,ba,ab,ab,ab,ab,ab,ab,ab,ba,ba,ab,ab,ab,ab,ab,ba,ba,ba,ba,ab,ba,ba,ba,ab,ba,ba,ab,ab,ba,ab,ba,ab,ab,ab,ab,ab,ba,ab,ab,ba,ba,ba,ba,ba,ba,ba,ab,ab,ab,ba,ab,ab,ba,ab,ab,ab,ba,ab,ab,ba,ba,ba,ab,ab,ba,ab,ba,ba,ab,ab,ab,ba,ba,ab,ba,ab,ab,ab,ab,ab,ab,ba,ab,ba,ba,ba,ba,ba,ab,ab,ba,ba,ab,ba,ab,ab,ba,ba,ba,ba,ab,ab,ab,ab,ba,ab,ba,ba,ba,ba,ab,ba,ab,ba,ba,ab,ab,ba,ba,ba,ba,ba,ab,ab,ba,ab,ab,ab,ab,ab,ab,ab,ba,ab,ba,ba,ab,ab,ba,ab,ba,ab,ba,ba,ba,ab,ba,ba,ba,ab,ba,ba,ba,ab,ab,ba,ab,ab,ab,ba,ba,ab,ab,ab,ba,ba,ab,ba,ba,ba,ab,ab,ab,ba,ab,ab,ab,ab,ba,ba,ba,ba,ab,ba,ab,ab,ba,ab,ab,ba,ba,ab,ba,ba,ba,ba,ab,ba,ab,ab,ab,ba,ab,ab,ba,ba,ab,ba,ab,ba,ab,ba,ba,ab,ab,ba,ab,ba,ab,ba,ba,ba,ba,ab,ba,ba,ab,ab,ba,ba,ab,ab,ab,ab,ab,ba,ab,ab,ba,ab,ab,ab,ba,ab,ba,ba,ba,ab,ab,ba,ba,ab,ba,ab,ba,ab,ba,ba,ba,ba,ba,ab,ab,ba,ba,ba,ba,ba,ba,ba,ab,ab,ab,ba,ab,ba,ba,ab,ba,ba,ba,ab,ba,ba,ab,ba,ba,ab,ba,ba,ba,ab,ab,ab,ba,ba,ab,ba,ab,ba,ba,ab,ba,ba,ba,ba,ab,ba,ba,ba,ab,ba,ab,ab,ba,ab,ba,ab,ba,ab,ba,ba,ba,ab,ba,ab,ba,ba,ab,ab,ab,ab,ba,ab,ba,ab,ba,ab,ab,ab,ba,ba,ab,ab,ba,ba,ba,ab,ba,ab,ab,ab,ab,ab,ba,ba,ab,ba,ba,ba,ba,ba,ba,ba,ab,ba,ba,ab,ba,ba,ab,ba,ba,ab,ba,ab,ba,ba,ab,ab,ba,ab,ba,ab,ab,ba,ba,ab,ab,ba,ba,ba,ba,ab,ba,ba,ba,ab,ab,ba,ab,ab,ba,ab,ab,ba,ba,ba,ba,ba,ba,ab,ab,ab,ba,ba,ba,ab,ab,ba,ba,ba,ba,ba,ba,ab,ab,ab,ab,bb,ba,ab,ab,ba,ab,ba,ab,ab,ab,ba,ab,ab,ba,ab,ba,ba,ba,ba,ab,ab,ab,ba,ba,ba,ba,ab,ab,ab,ba,ab,ab,ba,ba,ba,ab,ba,ab,ba,ab,ba,ba,ab,ba,ba,ba,ba,ab,ab,ab,ba,ab,ba,ba,ab,ab,ab,ba,ab,ab,ba,ba,ba,ba,ab,ba,ab,ab,ab,ab,ab,ba,ba,ba,ab,ba,ba,ab,ba,ab,ba,ab,ab,ab,ab,ba,ba,ab,ba,ba,ba,ba,ba,ba,ab,ba,ba,ba,ab,ba,ab,ab,ba,ab,ba,ab,ab,ab,ba,ba,ba,ba,ab,ba,ba,ab,ab,ba,ab,ba,ab,ba,ab,ba,ba,ab,ab,ba,ab,ba,ba,ab,ba,ba,ab,ba,ba,ab,ab,ba,ba,ba,ba,ab,ba,ba,ba,ba,ab,ab,ab,ba,ba,ba,ba,ab,ba,ab,ab,ab,ab,ba,ba,ab,ab,ab,ab,ba,ab,ba,ba,ab,ab,ab,ab,ab,ab,ab,ab,ab,ab,ba,ab,ba,ab,ba,ba,ab,ab,ba,ab,ab,ab,ba,ab,ab,ab,ab,ab,ab,ab,ab,ba,ab,ba,ba,ab,ab,ab,ab,ba,ba,ab,ab,ba,ab,ab,ba,ba,ba,ab,ab,ab,ba,ab,ab,ba,ba,ab,ba,ba,ab,ba,ab,ab,ab,ab,ab,ba,ba,ab,ab,ab,ab,ba,ab,ab,ba,ab,ba,ba,ab,ab,ba,ba,ab,ab,ba,ba,ab,ab,ab,ab,ab,ba,ab,ab,ba,ba,ba,ba,ab,ba,ba,ba,ba,ab,ba,ba,ab,ab,ba,ab,ab,ba,ab,ba,ab,ab,ba,ab,ba,ba,ab,ab,ab,ba,ba,ba,ba,ab,ba,ba,ab,ba,ab,ab,ba,ba,ba,ba,ab,ba,ba,ba,ba,ba,ba,ba,ba,ba,ba,ba,ba,ba,ba,ab,ab,ab,ab,ba,ab,ab,ab,ab,ab,ba,ba,ba,ba,ab,ba,ab,ab,ba,ba,ba,ba,ba,ab,ab,ab,ab,ba,ab,ba,ba,ba,ab,ba,ab,ab,ab,ab,ba,ab,ab,ab,ab,ab,ba,ab,ab,ba,ab,ba,ab,ba,ba,ba,ab,ba,ba,ba,ba,ba,ab,ba,ab,ba,ba,ab,ab,ab,ab,ba,ab,ab,ba,ba,ba,ab,ab,ba,ba,ba,ab,ba,ab,ba,ab,ba,ba,ba,ab,ab,ba,ba,ba,ba,ba,ba,ba,ab,ba,ba,ba,ba,ba,ab,ba,ab,ab
MAY156.GT,bb,ba,ba,ba,ba,ba,ab,ab,ba,ab,ab,ba,ab,ba,ba,ab,ab,ab,ba,ba,ab,ba,ba,ab,ab,ba,ab,ab,ab,ab,ab,ab,ab,ab,ba,ba,ab,ab,ba,ab,ab,ba,ba,ba,ba,ab,ab,ab,ba,ba,ba,ab,ab,ba,ba,ba,ba,ba,ba,ab,ba,ba,ba,ab,ba,ab,ba,ba,ba,ba,ba,ab,ba,ab,ab,ab,ba,ab,ab,ba,ba,ba,ba,ab,ab,ab,ab,ba,ba,ab,ab,ba,ab,ba,ba,ab,ab,ba,ab,ab,ab,ba,ba,ab,ba,ba,ba,ab,ba,ab,ab,ab,ab,ab,ba,ba,ab,ba,ba,ba,ab,ba,ba,ab,ba,ab,ab,ba,ab,ab,ba,ab,ab,ba,ab,ab,ba,ab,ab,ba,ba,ab,ba,ab,ab,ba,ab,ba,ba,ba,ba,ab,ab,ab,ba,ba,ba,ba,ab,ba,ab,ba,ba,ab,ba,ab,ba,ba,ba,ab,ba,ba,ba,ab,ab,ba,ba,ba,ba,ab,ba,ba,ba,ab,ba,ba,ab,ba,ab,ab,ba,ab,ab,ab,ab,ab,ba,ab,ab,ba,ab,ba,ab,ab,ab,ab,ba,ab,ab,ba,ba,ab,ab,ba,ab,ab,ba,ba,ba,ab,ba,ba,ab,ab,ab,ba,ba,ab,ab,ba,ab,ba,ab,ba,ab,ab,ba,ab,ba,ab,ab,ab,ab,ab,ba,ab,ab,ab,ba,ba,ba,ba,ba,ab,ba,ba,ba,ba,ab,ab,ab,ab,ab,ba,ab,ab,ba,ba,ba,ba,ba,ba,ba,ab,ab,ba,ab,ab,ba,ba,ab,ba,ab,ba,ba,ab,ab,ba,ba,ab,ba,ba,ba,ba,ba,ba,ab,ab,ba,ba,ba,ab,ba,ba,ba,ab,ab,ab,ba,ab,ab,ab,ba,ba,ab,ab,ba,ab,ba,ab,ba,ab,ab,ab,ba,ab,ba,ba,ba,ab,ba,ba,ba,ba,ab,ba,ab,ab,ba,ba,ba,ba,ba,ba,ab,ab,ab,ba,ba,ab,ba,ba,ba,ab,ba,ab,ab,ab,ba,ba,ab,ba,ab,ab,ab,ab,ab,ab,ab,ab,ab,ba,ba,ab,ab,ab,ab,ba,ba,ba,ba,ab,ab,ab,ba,ba,ba,ba,ba,ba,ba,ab,ab,ba,ab,ba,ba,ba,ab,ba,ab,ba,ba,ba,ba,ab,ab,ab,ab,ba,ba,ab,ba,ba,ab,ab,ab,ba,ab,ab,ba,ba,ba,ba,ab,ab,ab,ab,ba,ab,ba,ba,ba,ba,ba,ba,ba,ab,ab,ba,ab,ab,ba,ba,ba,ab,ba,ab,ab,ba,ba,ba,ba,ba,ba,ba,ba,ab,ab,ab,ba,ab,ab,ab,ba,ab,ba,ab,ba,ab,ab,ba,ba,ab,ba,ba,ba,ab,ba,ba,ba,ab,ab,ba,ba,ba,ab,ab,ba,ab,ba,ab,ba,ba,ba,ba,ba,ab,ba,ba,ab,ba,ba,ba,ba,ab,ba,ba,ba,ba,ba,ba,ba,ab,ab,ab,ba,ab,ba,ab,ba,ab,ab,ba,ab,ab,ba,ab,ab,ab,ab,ba,ab,ba,ba,ab,ab,ab,ab,ba,ba,ab,ba,ba,ba,ab,ab,ab,ab,ba,ab,ba,ab,ab,ab,ba,ba,ab,ab,ba,ba,ba,ba,ab,ab,ba,ab,ab,ba,ba,ab,ab,ba,ba,ba,ab,ab,ba,ba,ba,ab,ba,ab,ab,ba,ba,ba,ba,ab,ba,ba,ba,ab,ab,ba,ab,ab,ba,ba,ba,ba,ab,ab,ba,ba,ba,ba,ab,ab,ba,ab,ab,ab,ab,ba,ab,ba,ab,ba,ba,ba,ba,ab,ab,ba,ba,ab,ba,ab,ab,ab,ba,ab,ab,ab,ba,ba,ab,ab,ba,ba,ab,ba,ba,ab,ba,ab,ba,ab,ba,ba,ab,ba,ba,ab,ab,ab,ab,ab,ab,ba,ba,ab,ba,ba,ba,ba,ba,ba,ba,ab,ba,ab,ba,ba,ab,ba,ab,ab,ba,ab,ba,ab,ab,ab,ba,ba,ba,ba,ba,ab,ab,ba,ba,ba,ba,ab,ab,ab,ba,ab,ab,ba,ab,ba,ba,ab,ab,ba,ab,ab,ab,ba,ba,ab,ba,ab,ba,ab,ba,ba,ba,ab,ab,ab,ba,ba,ba,ab,ab,ba,ab,ba,ab,ba,ab,ba,ba,ab,ba,ba,ab,ab,ba,ba,ab,ba,ab,ba,ba,ab,ba,ba,ab,ba,ba,ba,ab,ab,ba,ab,ab,ba,ba,ab,ab,ab,ab,ba,ba,ab,ba,ab,ba,ba,ba,ab,ab,ba,ba,ba,ba,ab,ab,ab,ab,ba,ab,ba,ab,ba,ab,ba,ab,ab,ba,ba,ab,ab,ab,ab,ab,ab,ab,ab,ab,ba,ba,ba,ab,ba,ab,ba,ba,ab,ab,ab,ab,ba,ba,ab,ab,ba,ab,ab,ab,ab,ba,ab,ba,ba,ba,ab,ab,ab,ba,ba,ba,ba,ba,ba,ba,ab,ab,ba,ba,ab,ba,ab,ab,ab,ba,ab,ba,ab,ba,ba,ab,ab,ab,ab,ba,ab,ba,ab,ab,ab,ab,ba,ba,ab,ab,ab,ab,ab,ab,ba,ba,ab,ba,ab,ab,ba,ab,ab,ab,ba,ba,ab,ab,ab,ab,ab,ba,ab,ab,ba,ab,ba,ba,ab,ba,ba,ba,ba,ab,ab,ba,ab,ba,ab,ab,ba,ab,ab,ab,ba,ba,ba,ba,ba,ba,ab,ba,ba,ab,ab,ab,ab,ab,ab,ba,ba,ab,ba,ba,ba,ab,ab,ab,ba,ba,ab,ba,ab,ba,ba,ba,ab,ba,ab,ba,ab,ab,ba,ab,ab,ba,ba,ba,ba,ba,ba,ab,ba,ba,ab,ab,ba,ba,ba,ba,ba,ba,ab,ab,ba,ab,ba,ab,ba,ba,ba,ab,ba,ba,ab,ab,ba,ab,ab,ab,ba,ab,ba,ab,ba,ab,ab,ba,ba,ba,ab,ba,ab,ab,ba,ab,ab,ba,ba,ba,ba,ab,ba,ab,ab,ba,ab,ab,ba,ab,ab,ba,ab,ba,ba,ab,ba,ab,ab,ba,ba,ab,ab,ab,ab,ab,ab,ab,ba,ba,ab,ba,ab,ba,ab,ab,ba,ab,ab,ab,ba,ab,ba,ab,ba,ab,ab,ba,ba,ab,ab,bb,ab,ab,ba,ba,ba,ba,ab,ab,ab,ba,ab,ba,ab,ba,ba,ba,ab,ba,ba,ba,ab,ab,ba,ba,ab,ab,ba,ab,ba,ab,ab,ba,ba,ab,ba,ba,ab,ab,ab,ba,ba,ab,ba,ba,ba,ba,ab,ba,ab,ab,ab,ab,ba,ab,ab,ab,ab,ab,ab,ab,ab,ab,ab,ab,ab,ba,ba,ba,ab,ba,ba,ba,ab,ba,ba,ba,ba,ab,ba,ba,ab,ba,ba,ab,ab,ab,ab,ba,ba,ba,ba,ab,ba,ba,ba,ba,ab,ba,ba,ab,ba,ba,ba,ba,ba,ba,ab,ba,ba,ba,ab,ab,ba,ba,ab,ba,ba,ab,ba,ab,ab,ba,ba,ba,ba,ba,ba,ba,ba,ba,ba,ab,ab,ba,ba,ab,ab,ab,ab,ab,ab,ba,bb,ba,ba,ab,ba,ab,ba,ab,ab,ba,ba,ba,ab,ba,ba,ba,ab,ab,ab,ab,ba,ab,ab,ab,ba,ba,ba,ba,ba,ab,ba,ab,ba,ab,ba,ab,ba,ab,ba,ab,ab,ab,ab,ab,ba,ba,ab,ab,ba,ab,ab,ba,ba,ab,ba,ba,ab,ba,ba,ba,ab,ab,ab,ba,ba,ba,ba,ab,ab,ab,ba,ba,ba,ba,ba,ab,ba,ba,ab,ba,ba,ab,ba,ba,ba,ba,ab,ab,ab,ba,ab,ba,ab,ba,ab,ba,ab,ab,ab,ba,ba,ba,ba,ba,ab,ab,ab,ba,ab,ab,ba,ab,ba,ab,ab,ba,ba,ab,ab,ba,ba,ab,ba,bb,ab,ba,ba,ab,ab,ba,ba,ab,ba,ab,ba,ab,ab,ba,ab,ab,ab,ab,ab,ba,ab,ab,ba,ba,ab,ab,ab,ab,ba,ab,ab,ab,ba,ba,ba,ba,ba,ab,ba,ab,ba,ab,ab,ba,ab,ab,ab,ba,ab,ba,ba,ab,ba,ba,ab,ba,ab,ba,ab,ab,ab,ab,ba,ab,ba,ba,ab,ab,ab,ba,ab,ab,ab,ba,ab,ab,ab,ba,ab,ba,ab,ab,ab,ba,ab,ba,ab,ba,ba,ab,ab,ab,ba,ba,ba,ba,ba,ba,ab,ab,ab,ab,ab,ab,ba,ab,ba,ba,ba,ab,ba,ab,ba,ba,ab,ab,ab,ba,ab,ba,ab,ab,ab,ba,ba,ba,ab,ab,ab,ba,ab,ba,ba,ba,ab,ab,ab,ba,ab,ba,ab,ab,ab,ab,ab,ba,ba,ba,ba,ba,ba,ab,ba,ab,ab,ba,ba,ab,ab,ba,ab,ba,ab,ba,ba,ab,ab,ab,ab,ba,ab,ba,ab,ba,ab,ab,ab,ab,ba,ba,ab,ba,ab,ba,ab,ba,ba,ba,ab,ab,ab,ba,ba,ba,ab,ba,ba,ba,ab,ba,ba,ba,ba,ab,ab,ab,ab,ab,ba,ba,ab,ab,ba,ab,ba,ba,ba,ba,ba,ab,ba,ab,ab,ba,ba,ba,ba,ab,ab,ba,ab,ba,ab,ab,ab,ba,ba,ab,ab,ba,ab,ab,ba,ba,ba,ba,ab,ab,ab,ba,ab,ab,ba,ba,ba,ab,ab,ba,ab,ba,ab,ab,ab,ba,ba,ab,ab,ba,ab,ab,ba,ba,ab,ab,ba,ab,ba,ba,ab,ab,ba,ba,ba,ab,ba,ab,ba,ba,ab,ab,ab,ba,ba,ab,ba,ab,ab,ab,ba,ab,ab,ab,ab,ab,ba,ba,ab,ab,ba,ba,ba,ba,ab,ab,ab,ba,ba,ab,ba,ba,ba,ba,ab,ba,ba,ab,ba,ba,ba,ab,ba,ab,ba,ab,ab,ba,ba,ab,ba,ba,ba,ab,ba,ab,ab,ab,ab,ab,ab,ba,ba,ba,ba,ab,ab,ab,ba,ab,ba,ba,ba,ba,ab,ba,ab,ba,ab,ba,ba,ba,ab,ba,ab,ab,ab,ab,ab,ba,ab,ab,ba,ba,ba,ba,ab,ba,ab,ba,ba,ba,ba,ba,ba,ba,ab,ab,ab,ba,ab,ab,ba,ba,ab,ba,ba,ab,ab,ab,ba,ba,ab,ab,ab,ab,ba,ab,ab,ba,ab,ab,ab,ab,ab,ba,ab,ba,ba,ab,ba,ab,ba,ab,ab,ab,ba,ab,ab,ab,ba,ab,ab,ab,ba,ab,ab,ab,ab,ab,ab,ab,ba,ba,ba,ab,ab,ba,ab,ba,ab,ab,ab,ab,ab,ab,ba,ab,ba,ab,ab,ab,ba,ba,ab,ab,ba,ab,ab,ba,ba,ba,ba,ba,ab,ab,ba,ba,ba,ba,ba,ab,ab,ba,ba,ab,ab,ba,ba,ab,ba,ba,ba,ba,ab,ab,ba,ab,ab,ba,ab,ba,ab,ab,ab,ab,ba,ab,ba,ba,ba,ba,ba,ab,ba,ba,ab,ba,ab,ab,ba,ab,ab,ab,ba,ab,ab,ba,ab,ba,ba,ba,ba,ab,ab,ab,ba,ab,ba,ba,ba,ab,ab,ba,ab,ab,ba,ba,ba,ba,ba,ab,ab,ba,ab,ab,ab,ab,ab,ab,ba,ba,ba,ab,ab,bb,aa,ab,ba,ba,ba,ba,ba,ab,ab,ba,ab,ba,ba,ab,ab,ab,ba,ab,ba,ba,ab,ba,ba,ab,ba,ba,ba,ba,ba,ba,ba,ab,ba,ba,ba,ba,ba,ab,ab,ab,ba,ba,ba,ab,ab,ab,ab,ab,ba,ab,ba,ab,ab,ba,ab,ba,ba,ba,ba,ab,ab,ba,ab,ba,ab,ab,ab,ab,ba,ba,ba,ba,ab,ba,ba,ab,ab,ba,ab,ba,ab,ba,ba,ab,ab,ab,ba,ab,ba,ab,ba,ab,ab,ab,ab,ab,ba,ab,ba,ab,ab,ab,ba,ab,ba,ba,ba,ba,ab,ab,ba,ab,ba,ba,ab,ab,ab,ba,ba,ba,ab,ab,ab,ab,ab,ba,ab,ab,ab,ab,ab,ab,ab,ab,ba,ab,ba,ba,ab,ba,ba,ba,ab,ba,ba,ba,ab,ba,ba,ba,ba,ba,ba,ab,ba,ab,ab,ab,ab,ba,ab,ba,ba,ba,ba,ab,ba,ab,ab,ab,ab,ab,ab,ba,ba,ab,ab,ab,ba,ab,ba,ab,ba,ab,ab,ba,ba,ba,ba,ab,ab,ab,ab,ab,ba,ba,ba,ba,ba,ab,ba,ab,ab,ba,ba,ba,ab,ba,ab,ab,ba,ba,ab,ab,ab,ab,ab,ab,ab,ab,ab,ab,ba,ab,ba,ab,ab,ab,ab,ab,ba,ba,ab,ba,ba,ab,ab,ab,ab,ba,ba,ba,ab,ba,ba,ba,ba,ab,ab,ba,ba,ab,ab,ba,ba,ba,ab,ab,ab,ab,ab,ab,ba,ba,ba,ba,ba,ab,ab,ba,ba,ab,ab,ba,ba,ba,ba,ab,ab,ba,ab,aa,ba,ba,ab,ba,ab,ba,ab,ba,ab,ba,ab,ab,ab,ba,ab,ba,ab,ab,ba,ba,ab,ba,ba,ba,ab,ab,ba,ba,ab,ba,ab,ba,ab,ab,ba,ba,ab,ba,ab,ab,ba,ab,ab,ba,ba,ab,ba,ab,ba,ba,ba,ab,ab,ab,ab,ba,ba,ba,ab,ba,ba,ba,ba,ba,ba,ba,ab,ab,ba,ba,ba,ba,ab,ba,ba,ab,ab,ab,ab,ab,ab,ba,ba,ba,ab,ba,ba,ab,ba,ba,ab,ab,ab,ab,ab,ba,ba,ab,ba,ba,ab,ab,ba,ab,ba,ab,ab,ab,ab,ba,ba,ab,ba,ba,ba,ab,ab,ba,ba,ab,ba,ab,ab,ba,ab,ab,ab,ab,ab,ba,ab,ba,ba,ba,ba,ab,ba,ba,ba,ba,ab,ba,ba,ab,ab,ab,ab,ab,ba,ab,ab,ba,ab,ba,ba,ba,ba,ab,ab,ba,ab,ab,ab,ab,ba,ba,ab,ba,ab,ab,ab,ba,ba,ba,ab,ab,ab,ba,ba,ab,ab,ba,ab,ba,ba,ba,ba,ba,ba,ba,ab,ba,ba,ba,ba,ab,ba,ab,ba,ab,ab,ab,ab,ba,ab,ba,ba,ab,ba,ba,ab,ba,ba,ba,ba,ba,ab,ba,ab,ab,ab,ba,ba,ab,ba,ba,ab,ab,ab,ab,ab,ab,ba,ba,ab,ba,ba,ba,ba,ba,ba,ba,ab,ab,ab,ab,ba,ba,ba,ab,ba,ab,ba,ab,ba,ab,ba,ab,ab,ba,ba,ab,ba,ab,ab,ba,ba,ab,ba,ab,ba,ba,ab,ab,ab,ab,ba,ab,ab,ab,ba,ba,ba,ba,ba,ba,ba,ba,ab,ba,ba,ba,ba,ab,ab,ab,ba,ab,ab,ab,ab,ab,ab,ba,ba,ab,ab,ab,ba,ba,ab,ab,ab,ab,ba,ab,ab,ba,ba,ba,ba,ab,ba,ba,ab,ba,ab,ab,ba,ab,ab,ab,ab,ba,ab,ba,ba,ab,ba,ba,ba,ba,ba,ab,ab,ba,ab,ab,ab,ab,ab,ab,ba,ba,ab,ba,ab,ab,ba,ab,ba,ba,ab,ab,ab,ba,ba,ab,ba,ab,ab,ab,ba,ba,ba,ab,ba,ab,ab,ba,ba,ba,ba,ab,ba,ba,ba,ab,ab,ba,ab,ba,ba,ab,ab,ba,ab,ab,ab,ab,ab,ba,ba,ab,ab,ba,ab,ab,ba,ab,ba,ab,ba,ba,ba,bb,aa,ab,ba,ab,ba,ba,ab,ab,ba,ab,ba,ab,ba,ba,ab,ab,ab,ab,ab,ab,ab,ba,ab,ba,ab,ab,bb,ba,ba,ab,ba,ba,ba,ab,ab,ba,ab,ab,ba,ab,ba,ba,ba,ba,ab,ab,ba,ba,ba,ab,ab,ba,ab,ba,ba,ab,ba,ba,ab,ab,ba,ba,ab,ba,ab,ba,ba,ba,ba,ba,ba,bb,ba,ba,ab,ab,ab,ab,ab,ab,ab,ba,ba,ab,ab,ba,ba,ba,ba,ba,ba,ba,ba,ba,ab,ab,ba,ba,ba,ab,ab,ba,ba,ab,ab,ab,ba,ba,ab,ab,ab,ab,ba,ab,ab,ab,ba,ab,ba,ab,ba,ba,ab,ba,ab,ba,ab,ab,ba,ab,ab,ab,ab,ab,ba,ba,ba,ab,ab,ab,ba,ba,ba,ab,ab,ab,ab,ab,ab,ba,ba,ba,ba,ab,ab,ab,ba,ba,ba,ab,ba,ba,ab,ba,ab,ab,ab,ab,ab,ab,ab,ba,ab,ba,ab,ba,ba,ab,ba,ab,ba,ba,ba,ab,ab,ab,ab,ab,ba,ab,ba,ba,ba,ab,ba,ab,ba,ba,ab,ab,ba,ba,ba,ba,ab,ab,ba,ab,ab,ba,ab,ba,ab,ab,ab,ba,ab,ab,ab,ba,ab,ab,ba,ba,ba,ba,ab,ab,ba,ab,ba,ba,ab,ab,ab,ab,ab,ba,ba,ab,ba,ba,ab,ab,ab,ba,ba,ba,ab,ba,ba,ba,ba,ab,ba,ba,ba,ab,ba,ba,ab,ab,ba,ba,ab,ab,ba,ab,ba,ba,ab,ab,ab,ab,ab,ab,ab,ba,ba,ba,ba,ba,ba,ab,ab,ba,ba,ba,ab,ab,ba,ba,ba,ba,ba,ba,ab,ba,ab,ab,ab,ba,ab,ab,ab,ab,ba,ab,ba,ab,ba,ba,ab,ba,ba,ab,ab,ba,ab,ba,ba,ba,ba,ba,ba,ab,ba,ba,ba,ba,ba,ba,ba,ab,ba,ba,ba,ab,ba,ba,ab,ab,ab,ab,ab,ba,ab,ab,ab,ab,ab,ab,ab,ba,ba,ab,ba,ba,ba,ba,ba,ab,ab,ab,ba,ba,ab,ab,ab,ab,ab,ba,ba,ab,ba,ab,ab,ba,ab,ba,ab,ab,ab,ba,ba,ab,ab,ba,ba,ba,ab,ab,ab,ab,ab,ba,ab,ba,ba,ba,ba,ab,ab,ab,ab,ab,ba,ba,ab,ba,ab,ab,ba,ba,ab,ab,ba,ba,ab,ba,ba,ab,ab,ab,ba,ab,ba,ba,ba,ab,ab,ab,ab,ba,ba,ba,ba,ab,ab,ba,ab,ab,ab,ab,ba,ab,ab,ab,ba,ab,ab,ab,ab,ab,ba,ba,ba,ba,ab,ba,ba,ab,ba,ab,ab,ab,ab,ba,ab,ba,ba,ba,ba,ab,ba,ab,ab,ab,ba,ba,ba,ab,ab,ab,ba,ba,ba,ba,ba,ab,ab,ab,ab,ba,ba,ab,ab,ba,ba,ba,ab,ab,ba,ab,ab,ab,ba,ba,ab,ab,ba,ba,ba,ab,ba,ab,ab,ba,ba,ba,ab,ba,ba,ab,ba,ba,ab,ba,ba,ab,ab,ab,ba,ba,ba,ba,ab,ab,ba,ab,ab,ba,ba,ab,ba,ba,ba,ab,ba,ab,ab,ba,ab,ba,ba,ab,ba,ba,ba,ba,ba,ba,ab,ba,ba,ab,ba,ba,ab,ab,ba,ba,ba,ab,ba,ba,ab,ab,ab,ba,ab,ba,ab,ab,ab,ab,ba,ba,ba,ba,ba,ab,ab,ba,ab,ab,ba,ab,ba,ab,ab,ba,ab,ab,ab,ab,ab,ab,ab,ab,ab,ba,ba,ba,ba,ab,ab,ba,ba,ab,ab,ba,ab,ab,ba,ba,ab,ab,ab,ab,ab,ab,ab,ba,ab,ba,ab,ba,ba,ba,ab,ab,ba,ab,ba,ba,ab,ba,ba,ab,ab,ab,ab,ba,ab,ba,ba,ab,ab,ba,ab,ba,ab,ba,ba,ab,ba,ba,ba,ab,ba,ab,ba,ba,ab,ba,ba,ba,ba,ab,ba,ab,ba,ab,ab,ab,ba,ba,ab,ba,ba,ab,ab,ba,ab,ba,ab,ba,ba,ab,ab,ab,ba,ab,ba,ab,ab,ba,ab,ab,ab,ab,ba,ab,ba,ab,ba,ab,ab,ba,ab,ab,ba,ba,ba,ba,ab,ab,ba,ba,ab,ab,ab,ab,ab,ba,ab,ab,ba,ab,ab,ab,ab,ba,ba,ab,ba,ba,ab,ab,ba,ab,ab,ba,ab,ba,ab,ab,ba,ba,ab,ab,ab,ab,ab,ba,ab,ba,ba,ab,ba,ba,ba,ba,ba,ba,ba,ba,ab,ab,bb,ab,ab,ab,ba,ab,ab,ab,ab,ba,ab,ab,bb,bb,bb,aa,bb,bb,ab,ab,bb,ba,ba,ab,ab,ab,ba,ba,ba,ba,ba,ab,ba,ba,ba,ab,ab,ab,ab,ab,ab,ba,ba,ab,ab,ba,ba,ab,ab,ba,ab,ab,ba,ba,ab,ab,ba,ab,ba,ab,ab,ab,ba,ba,ab,ab,ab,ab,ba,ba,ba,ab,ba,ab,ba,ba,ba,ab,ba,ab,ab,ab,ba,ab,ba,ba,ab,ab,ba,ab,ba,ba,ab,ab,ba,ab,ab,ba,ab,ba,ba,ba,ba,ba,ba,ab,ab,ba,ba,ba,ab,ba,ba,ab,ab,ab,ba,ab,ba,ab,ab,ba,ba,ba,ba,ba,ab,ab,ba,ab,ba,ab,ab,ba,ba,ab,ba,ba,ab,ab,ab,ba,ba,ab,ba,ab,ab,ab,ba,ab,ba,ab,ab,ba,ab,ab,ab,ab,ab,ba,ab,ab,ab,ab,ba,ab,ba,ba,ba,ab,ba,ab,ba,ab,ab,ab,ab,ba,ba,ba,ab,ab,ba,ba,ba,ab,ba,ba,ab,ab,ab,ab,ba,ba,ab,ab,ba,ab,ab,ba,ba,ba,ab,ba,ab,ab,ab,ba,ba,ba,ba,ab,ab,ba,ba,ba,ab,ab,ba,ab,ba,ab,ab,ab,ba,ba,ba,ba,ba,ba,ab,ab,ab,ba,ab,ab,ba,ab,ba,ba,ab,ba,ab,ba,aa,bb,ab,ab,ab,ab,ba,ab,ab,ab,ab,ab,ba,ab,ab,ba,ba,ab,ba,ab,ab,ba,ba,ab,ab,ab,ab,ba,ba,ab,ab,ab,ab,ab,ab,ba,ab,ba,ba,ba,ab,ba,ab,ba,ba,ba,ba,ba,ab,ab,ba,ba,ba,ba,ba,ab,ba,ab,ab,ab,ba,ab,ba,ab,ba,ab,ba,ab,ba,ab,ba,ab,ba,ba,ba,ab,ab,ba,ba,ab,ba,ab,ab,ab,ab,ba,ab,ba,ba,ab,ba,ab,ba,ba,ab,ba,ab,ba,ab,ba,ba,ab,ab,ab,ba,ab,ab,ab,ab,ba,ab,ba,ba,ba,ab,ba,ba,ab,ba,ba,ba,ba,ab,ba,ab,ba,ab,ba,ba,ba,ba,ab,ba,ba,ab,ab,ab,ba,ba,ba,ba,ba,ab,ab,ba,ba,ab,ba,ba,ab,ba,ba,ba,ba,ab,ba,ba,ab,ba,ba,ab,ab,ba,ba,ba,ab,ab,ab,ba,ab,ba,ba,ba,ab,ba,ab,ab,ab,ba,ab,ab,ba,ba,ab,ba,ba,ab,ab,ba,ab,ba,ba,ab,ba,ab,ba,ab,ab,ba,ba,ba,ba,ba,ab,ab,ba,ba,ba,ab,ab,ba,ab,ba,ba,ba,ba,ba,ab,ba,ba,ab,ab,ab,ba,ab,ba,ba,ba,ab,ab,ab,ba,ab,ab,ab,ba,ab,ba,ab,ca,ba,ab,ba,ab,ab,ba,ba,ba,ab,ab,ba,ba,ba,ba,ab,ba,ab,ba,ab,ab,ba,ba,ab,ba,ba,ab,ab,ba,ba,ab,ab,ab,ab,ab,ba,ba,ba,ab,ba,ab,ba,ba,ab,ba,ba,ba,ab,ba,ab,ab,ab,ab,ab,ba,ba,ba,ba,ab,ba,ab,ab,ab,ab,ab,ba,ba,ab,ba,ba,ab,ab,ba,ab,ab,ba,ab,ab,ab,ab,ba,ba,ab,ab,ba,ba,ab,ab,ab,ba,ba,ab,ab,ab,ba,ab,ba,ba,ab,ba,ab,ab,ba,ab,ab,ba,ba,ab,ab,ba,ab,ba,ba,ab,ba,ab,ba,ba,ba,ba,ab,ab,ab,ba,ab,ba,ba,ba,ba,ba,ba,ba,ba,ab,ab,ba,ab,ab,ab,ab,ab,ba,ba,ba,ab,ab,ba,ab,ba,ba,ab,ab,ba,ba,ba,ba,ba,ab,ab,ab,ba,ab,ba,ab,ba,ba,ba,ba,ab,ab,ab,ab,ab,ab,ab,ab,ab,ba,ba,ab,ba,ab,ab,ab,ab,ba,ab,ba,ab,ba,ab,ab,ab,ab,ba,ab,ab,ab,ba,ba,ab,ab,ab,ab,ab,ba,ba,ba,ba,ba,ba,ab,ba,ab,ab,ba,ba,ba,ba,ab,ab,ba,ab,ba,ba,ab,ba,ba,ba,ab,ba,ab,ab,ab,ab,ba,ba,ba,ba,ab,ab,ba,ba,ab,ab,ba,ba,ba,ab,ab,ba,ab,ba,ba,ba,ba,ab,ba,ab,ab,ab,ba,ab,ba,ab,ab,ab,ba,ab,ab,ba,ba,ab,ab,ba,ab,ab,ba,ab,ba,ba,ab,ab,ab,ba,ab,ba,ba,ba,ab,ab,ab,ba,ab,ab,ba,ba,ba,ba,ab,ba,ba,ab,ab,ba,ba,ab,ba,ab,ba,ba,ab,ba,ab,ba,ab,ab,ba,ba,ba,ab,ab,ba,ba,ba,ab,ba,ba,ab,ba,ab,ba,ba,ba,ab,ab,ab,ab,ab,ab,ba,ba,ba,ab,ba,ba,ab,ba,ab,ab,ab,ba,ab,ab,ab,ab,ab,ab,ab,ab,ab,ba,ba,ab,ba,ab,ab,ab,ba,ba,ab,ab,ba,ba,ab,ab,ab,ab,ba,ba,ba,ab,ab,ba,ab,ba,ab,ab,ab,ab,ba,ba,ab,ab,ba,ba,ba,ab,ba,ba,ba,ba,ab,ab,ab,ba,ba,ba,ab,ab,ba,ab,ba,ba,ab,ab,ab,ab,ab,ba,ba,ab,ab,ab,ba,ab,ba,ab,ba,ba,ab,ba,ab,ba,ab,ba,ab,ab,ba,ab,ba,ab,ba,ab,ab,ab,ba,ba,ab,ab,ab,ab,ba,ab,ab,ab,ba,ba,ba,ba,ab,ab,ab,ba,ab,ab,ba,ba,ab,ab,ba,ba,ba,ab,ba,ba,ab,ab,ba,ba,ba,ba,ab,ba,ab,ba,ab,ba,ba,ab,ab,ba,ab,ba,ba,ba,ba,ba,ba,ab,ab,ba,ab,ab,ba,ba,ab,ba,ba,ab,ba,ba,ba,ba,ba,ab,ab,ba,ab,ab,ba,ba,ab,ab,ab,ab,ab,ba,ba,ba,ab,bb,aa,bb,ba,ba,ba,ba,ba,ba,ab,ab,ba,ab,ab,ab,ab,ab,ba,ba,ab,ba,ab,ba,ba,ab,ba,ab,ba,ab,ab,ba,ab,ba,ba,ba,ba,ab,ab,ab,ba,ab,ab,ba,ba,ba,ab,ab,ab,ba,ba,ba,ab,ab,ab,ab,ab,ab,ba,ab,ba,ab,ba,ab,ba,ab,ab,ba,ab,ab,ba,ab,ab,ab,ba,ba,ba,ab,ab,ba,ab,ab,ba,ab,ba,ab,ab,ab,ba,ba,ab,ba,ab,ab,ba,ba,ba,ab,ba,ba,ba,ba,ab,ba,ba,ab,ba,ab,ab,ba,ba,ba,ba,ba,ab,ab,ba,ba,ab,ba,ab,ba,ab,ab,ab,ba,ba,ab,ab,ba,ab,ba,ba,ba,ba,ba,ab,ab,ab,ab,ab,ab,ba,ab,ba,ba,ba,ab,ba,ba,ba,ba,ba,ab,ba,ba,ab,ab,ab,ab,ba,ab,ba,ab,ab,ab,ba,ab,ba,ab,ab,ab,ab,ba,ba,ba,ba,ab,ba,ba,ba,ba,ba,ab,ba,ba,ba,ab,ba,ba,ba,ab,ba,ba,ba,ab,ba,ab,ab,ab,ab,ba,ab,ab,ba,ba,ba,ab,ba,ba,ba,ab,ab,ab,ba,ba,ba,ab,ba,ab,ab,ba,ba,ba,ab,ba,ba,ba,ab,ab,ab,ba,ab,ab,ab,ab,ab,ba,ab,ba,ab,ab,ab,ab,ab,ba,ab,ba,ba,ab,ba,ba,ab,ba,ba,ab,ba,ab,aa,ab,ba,ba,ba,ba,ab,ab,ba,ba,ab,ab,ba,ab,ba,ba,ba,ba,ba,ab,ba,ab,ab,ba,ab,ba,ba,ab,ba,ab,ab,ba,ab,ba,ba,ab,ba,ab,ab,ba,ab,ab,ba,ab,ab,ba,ba,ab,ba,ab,ab,ba,ab,ba,ba,ab,ba,ab,ba,ba,ba,ab,ab,ab,ab,ab,ab,ba,ba,ab,ab,ba,ba,ab,ba,ab,ab,ba,ab,ab,ab,ab,ab,ab,ab,ab,ba,ab,ab,ba,ab,ab,ba,ab,ab,ab,ab,ab,ab,ba,ba,ab,ba,ba,ab,ba,ba,ba,ba,ba,ab,ba,ba,ab,ba,ab,ba,ab,ba,ba,ba,ba,ba,ba,ab,ba,ab,ba,ab,ab,ba,ab,ab,ab,ab,ba,ba,ab,ab,ab,ab,ab,ab,ba,ab,ba,ab,ab,ab,ba,ab,ab,ab,ab,ab,ab,ba,ba,ab,ba,ba,ba,ab,ba,ba,ab,ba,ab,ab,ba,ab,ab,ba,ba,ba,ab,ab,ab,ba,ab,ba,ba,ab,ba,ab,ba,ba,ab,ba,ba,ba,ab,ba,ab,ab,ba,ab,ba,ba,ba,ba,ba,ab,ba,ba,ba,ba,ba,ba,ba,ba,ab,ba,ab,ba,ab,ba,ab,ab,ba,ab,ba,ba,ba,ab,ab,ab,bb,bb,ba,ba,ba,ba,ab,ab,ab,ab,ab,ba,ab,ba,ba,ba,ba,ba,ba,ab,ba,ab,ba,ba,ab,ab,ab,ab,ab,ab,ab,ab,ba,ba,ba,ba,ba,ab,ba,ab,ab,ab,ba,ab,ba,ba,ab,ba,ab,ab,ba,aa,bb,ab,ba,ab,ba,ba,ab,ba,ab,ab,ba,ba,ab,ba,ab,ab,ba,ba,ba,ba,ba,ba,ab,ab,ba,ab,ba,ab,ba,ab,ab,ba,ab,ab,ba,ab,bb,ab,ab,ab,ba,ba,ba,ba,ba,ba,ba,ab,ab,ab,ab,ab,ab,ba,ba,ab,ba,ab,ab,ba,ab,ab,ba,ba,ab,ab,ab,ab,ab,ba,ab,ba,ab,ba,ba,ab,ba,ba,ab,ba,ba,ab,ab,ab,ba,ab,ab,ab,ba,ba,ba,ab,aa,bb,ab,ba,ba,ab,ab,ba,ba,ab,ab,ba,ab,ab,ab,ba,ab,ba,ba,ab,ab,ab,ab,ba,ba,ab,ba,ba,ba,ba,ba,ab,ba,ba,ba,ba,ab,ab,ba,ab,ab,ba,ba,aa,ab,ba,ba,ba,ab,ba,ba,ab,ba,ab,ba,ab,ba,ba,ab,ba,ba,ab,ab,ab,ba,ba,ba,ab,ab,ab,ba,ba,ab,ba,ba,ba,ab,ab,ab,ab,ab,ba,ba,ba,ab,ab,ba,ba,ba,ab,ab,ab,ab,ab,ab,ab,ab,ab,ab,ab,ab,ab,ba,ab,ab,ab,ba,ab,ab,ba,ba,ab,ba,ab,ab,ab,ba,ab,ba,ba,ab,ab,ba,ba,ba,ab,ab,ba,ab,ba,ba,ab,ba,ba,ba,ba,ab,ab,ba,ba,ba,ba,ab,ab,ba,ba,ba,ab,ba,ab,ab,ba,ab,ab,ab,ab,ba,aa,ba,ba,ba,ba,ba,ab,ba,ab,ab,-,ab,aa,ba,ba,ab,ab,ba,ba,ab,ba,ab,ba,ab,ab,ba,ab,ab,ba,ac,ab,ba,ba,ba,ba,ab,ab,ab,ba,ba,ab,ba,ab,ab,ab,ba,ba,ab,ba,ab,ba,ab,ab,ba,ba,ba,ab,ab,ab,ab,ba,ab,ab,ba,ab,ba,ba,ab,ab,ba,ab,ba,ba,ba,ab,ab,ab,ab,ba,ba,ab,ab,ba,ba,ba,ab,ab,ab,ab,ab,ab,ab,ab,ab,ab,ab,ba,ba,ba,ba,ba,ab,ba,ba,ba,ba,ba,ab,ab,ab,ab,ba,ba,ab,ba,ab,ba,ab,ab,ab,ab,ab,ab,ba,ab,ab,ab,ba,ba,ab,ba,ba,ba,ab,ab,ab,ab,ab,ab,ba,ab,ba,ba,ba,ab,ab,ab,ab,ba,ba,ba,ab,ab,ab,ba,ab,ab,ab,ba,ab,ab,ba,ba,ba,ba,ab,ba,ba,ab,ba,ab,ba,ab,ba,ab,ba,ba,ba,ab,ab,ab,ab,ab,ba,ba,ba,ba,ba,ba,ab,ba,ba,ba,ab,ab,ba,ab,ab,ba,ba,ab,ab,ba,ba,ba,ab,ab,ab,ab,ba,ab,ba,ab,ab,ba,ba,ba,ba,ba,ab,ab,ab,ab,ba,ab,ab,ab,ba,ba,ba,ab,ab,ba,bb,ab,ab,ba,ab,ab,ab,ba,ab,ab,ba,ab,ab,ba,ba,ba,ba,ba,ab,ab,ab,ba,ba,ba,ba,ba,ab,ba,ab,ab,ba,ab,ab,ba,ab,ab,ba,ba,ba,ab,ab,ba,ab,ba,ab,ab,ab,ab,ab,ab,ba,ba,ab,ba,ab,ab,ba,ab,ab,ba,ab,ab,ba,ab,ab,ba,ab,ba,ba,ab,ba,ab,ba,ab,ba,ab,ba,ba,ba,ba,ab,ab,ab,ab,ba,ba,ab,ab,ab,ba,ab,ab,ba,ab,ba,ba,ab,ab,ba,ba,ab,ba,ab,ba,ba,ab,ba,ba,ab,ab,ab,ab,ab,ba,ba,ba,ab,ba,ba,ba,ab,ba,ba,ba,ab,ab,ab,ba,ba,ba,ab,ab,ba,ab,ab,ab,ab,ab,ab,ba,ba,ab,ab,ab,ab,ab,ba,ba,ba,ba,ab,ab,ba,ba,ba,ba,ab,ab,ab,ab,ba,ba,ab,ba,ba,ab,ba,ab,ab,ab,ba,ba,ab,ba,ba,ba,ba,bc,ba,ab,ab,ab,ba,ab,ab,ab,ba,ab,ab,ab,ab,ba,ab,ab,ba,ab,ba,ba,ab,ba,ba,ba,ba,ba,ba,ab,ab,ab,aa,ba,ab,ab,ab,ab,ab,ab,ba,ba,ba,bb,ab,ba,ab,ab,ab,ba,ba,ba,ba,ba,ba,ba,ba,ba,ab,ba,ab,ab,ab,ba,ba,ab,ab,ba,ba,ab,ab,ab,ab,ba,ab,ab,ba,ba,ba,ab,ab,ab,ab,ab,ba,ab,ab,ba,ab,ba,ba,ab,ba,ab,ab,ba,ab,ab,ba,ab,ba,ba,ba,ab,ab,ba,ab,ba,ab,ab,ba,ba,ab,ba,ba,ba,ba,ab,ab,ab,ab,ba,ab,ab,ba,ba,ab,ba,ba,ab,ab,ba,ab,ab,ba,ba,ab,ba,ba,ab,ab,ab,ba,ba,ab,ba,ba,ab,ba,ab,ba,ab,ba,ab,ab,ab,ab,ab,ba,ba,ab,ba,ba,ab,ab,ba,ab,ba,ab,ba,ba,ab,ab,ba,ab,ab,ba,ab,ab,ba,ab,ba,ab,ba,ab,ba,ab,ab,ab,ab,ba,ab,ab,ab,ab,ab,ba,ba,ba,ba,ab,ab,aa,ab,ba,ab,ab,ab,ab,ba,bb,ab,ba,ba,ba,ba,ba,ab,ba,ab,ba,ba,ba,ab,ba,ba,ab,ba,ba,ba,ba,ab,ba,ba,ba,ba,ab,ab,ab,ab,ba,ab,ba,ab,ab,ab,ab,ba,ab,ba,ab,ab,ab,ba,ba,ba,ba,ba,ba,ab,ba,ab,ab,ab,ba,ba,ba,ab,ba,ab,ba,ba,ba,ab,ba,ab,ba,ba,ba,ab,ab,ba,ab,ab,ba,ba,ba,ba,ba,ab,ab,ab,ba,ab,ab,ba,ba,ba,ba,ba,bb,ba,ba,ab,ba,ab,ab,ba,ba,ba,ab,ab,ba,ab,ab,ab,ba,ab,ba,ab,ba,ab,ab,ba,ab,ba,ba,ba,ba,ab,ab,ab,ba,ba,ab,ab,ab,ba,ba,ba,ba,ba,ab,ba,ab,ba,ab,ba,ab,ab,ab,ba,ab,ba,ba,ab,ab,ba,ab,ba,ba,ba,ba,ba,ab,ab,ba,ab,ab,ab,ab,ba,ab,ab,ba,ab,ab,ba,ab,ba,ba,ba,ba,ba,ab,ba,ba,ba,ab,ab,ba,ab,ab,ab,ba,ba,ab,ab,ba,ba,ba,ba,ba,ab,ab,ab,ab,ba,ba,ba,ba,ab,ba,ba,ab,ba,ab,ab,ab,ba,ab,ba,ba,ab,ba,ab,ab,ba,ab,bb,ab,ba,ab,ba,ba,ab,ba,ba,ab,ab,ab,ab,ab,ba,ab,ab,ba,ba,ab,ba,ba,ab,ab,ab,ba,ab,ba,ab,ba,ba,ab,ba,ba,ab,ba,ab,ba,ab,ba,ab,ab,ab,ba,ab,ba,ab,ab,ab,ba,ba,ab,ab,ab,ab,ab,ba,ba,ab,ba,ab,ba,ab,ab,ab,ab,ab,ab,ba,ab,ba,ab,ba,ba,ab,ab,ba,ab,ba,ab,ba,ab,ab,ab,ba,ab,ba,ba,ba,ba,ba,ba,ab,ab,ba,ab,ba,ab,ba,ab,ba,ba,ba,ab,ab,ab,ba,ab,ab,ba,ba,ba,aa,ba,ab,ab,ba,ba,ab,ab,ba,ab,ba,ba,ab,ba,ab,ba,ba,ba,ba,ba,ba,ba,ba,ab,ab,ab,ab,ab,ab,ab,ab,ab,ba,ab,ab,ba,ba,ab,ab,ab,ab,ab,ba,ab,ab,ba,ab,ba,ab,ba,ba,ab,ab,ab,ba,ba,ba,ab,ba,ba,ab,ba,ab,ab,ab,ba,ab,ba,ba,ab,ba,ab,ab,ba,ba,ba,ba,ba,ba,ba,ab,ba,ab,ab,ba,ba,ab,ba,ab,ba,ba,ba,ba,ab,ba,ab,ba,ba,ab,ba,ab,ab,ba,ba,ba,ba,ab,ab,ab,ba,ab,ba,ba,ba,ba,ba,ba,ab,ba,ba,ab,ba,ab,ab,ab,ba,ba,ba,ab,ba,ab,ab,ba,ba,ba,ab,ab,ab,ba,ab,ab,ab,ba,ba,ba,ab,ba,ba,ab,ba,ba,ab,ab,ba,ab,ba,ba,ba,ab,ba,ab,ab,ba,ab,ba,ba,ba,ab,ab,ba,ba,ba,ab,ab,ab,ba,ba,ab,ba,ba,ba,ba,ab,ab,ab,ba,ab,ab,ba,ab,ab,ab,ba,ab,ab,ab,ab,ab,ba,ba,ba,ba,ba,ab,ab,ab,ab,ab,ba,ba,ab,ba,ab,ab,ab,ab,ab,ab,ba,ab,ab,ba,ab,ab,ba,ba,ab,ab,ab,ba,ba,ba,ba,ab,ab,ba,ab,ba,ab,ba,ba,ba,ba,ba,ab,ab,ab,ab,ba,ba,ab,ab,ab,ab,ba,ba,ab,ba,ab,ba,ba,ba,ba,ba,ab,ab,ab,ab,ba,ab,ba,ba,ba,ab,ab,ba,ab,ab,ab,ba,ba,ba,ab,ba,ba,ab,ba,ab,ba,ab,ba,ba,ba,ba,ab,ba,ba,ab,ba,ba,ab,ab,ab,ba,ba,ba,ab,ab,ab,ab,ba,ba,ab,ab,ab,ab,ba,ab,ba,ba,ba,ab,ba,ab,ba,ba,ab,ba,ab,ab,ba,ba,ab,ba,ba,ba,ab,ab,ab,ba,ab,ab,ab,ab,ab,ba,ba,ba,ba,ab,ab,ba,ba,ba,ba,ba,ba,ba,ab,ba,ab,ba,ab,ab,ab,ab,ba,ba,ba,ba,ab,ba,ba,ab,ba,ba,ba,ab,ba,ba,ab,ba,ab,ab,ba,ab,ba,ab,ab,ab,ab,ba,ba,ba,ba,ba,ab,ab,ba,ab,ab,ba,ab,ba,ab,ab,ab,ab,ba,ab,ba,ab,ab,ba,ab,ba,ab,ab,ba,ba,ab,ab,ba,ab,ab,ba,ab,ab,ba,ab,ab,ba,ba,ab,ab,ba,ba,ba,ba,ba,ba,ab,ba,ab,ab,ba,ab,ab,ab,ba,ab,ba,ba,ba,ba,ba,ba,ab,ba,ba,ba,ba,ba,ab,ba,ab,ba,ab,ba,ab,ab,ab,ab,ab,ab,ba,ba,ab,ab,ab,ba,ab,ba,ba,ab,ba,ab,ab,ab,ba,ab,ba,ab,ba,ba,ba,ba,ab,ab,ba,ba,ba,ba,ab,ab,ba,ba,ba,ab,ab,ba,ab,ab,ab,ba,ba,ba,ab,ab,ba,ab,ab,ab,ab,ba,ba,ba,ab,ba,ba,ab,ba,ba,ba,ba,ab,ab,ab,ab,ba,ab,ba,ab,ba,ab,ba,ab,ab,ba,ba,ab,ba,ba,ab,ab,ab,ab,ab,ba,ab,ab,ab,ab,ba,ab,ba,ab,ba,ab,ab,ba,ab,ab,ba,ba,ab,ab,ba,ab,ab,ab,ba,ba,ba,ba,ab,ba,ba,ab,ba,ba,ba,ab,ab,ba,ba,ab,ab,ba,ba,ba,ba,ab,ab,ba,ab,ba,ba,ba,ba,ab,ba,ab,ab,ab,ab,ba,ab,ba,ab,ba,ab,ab,ba,ba,ab,ba,ba,ba,ab,ba,ba,ba,ba,ba,ba,ba,ab,ab,ab,ba,ab,ba,ba,ab,ab,ab,ba,ba,ab,ba,ab,ab,ab,ab,ba,ba,ab,ab,ba,ab,ab,ba,ba,ab,ba,ba,ba,ba,ba,ab,ab,ba,ba,ba,ab,ab,ab,ba,ab,ba,ab,ba,ab,ba,ab,ab,ba,ab,ab,ba,ab,ba,ab,ab,ba,ba,ba,ab,ba,ba,ba,ba,ba,ba,ba,ab,ab,ab,ab,ab,ba,ba,ab,ba,ba,ba,ab,ab,ba,ba,ba,ba,ab,ab,ba,ba,ab,ba,ab,ab,ab,ab,ba,ba,ab,ab,ba,ba,ba,ab,ba,ab,ab,ba,ab,ba,ba,ba,ab,ab,ba,ab,ab,ba,ab,ab,ab,ab,ab,ba,ab,ba,ba,ba,ab,ba,ba,ab,ab,ba,ab,ab,ab,ba,ba,ba,ab,ba,ba,ba,ab,ba,ba,ba,ab,ba,ba,ba,ab,ba,ba,ba,ab,ba,ba,ab,ab,ba,ab,ba,ab,ba,ab,ba,ba,ab,ba,ab,ba,ba,ab,ab,ab,ba,ba,ab,ba,ab,ba,ba,ab,ab,ab,ba,ab,ab,ab,ab,ab,ba,ab,ab,ab,ab,ba,ba,ab,ab,ab,ab,ab,ab,ab,ab,ab,ba,ba,ab,ba,ab,ba,ab,ab,ab,ba,ba,ba,ba,ab,ba,ba,ab,ba,ab,ab,ba,ab,ab,ba,ab,ab,ab,ba,ab,ab,ba,ab,ab,ba,ba,ab,ba,ba,ba,ba,ba,ab,ab,ba,ab,ab,ab,ab,ab,ba,ba,ba,ba,ba,ba,ba,ab,ba,ab,ba,ab,ab,ab,ba,ab,ab,ab,ab,ba,ab,ab,ba,ba,ab,ba,ab,ab,ba,ab,ba,ba,ab,ab,ba,ab,ba,ba,ba,ab,ab,ab,ba,ba,ba,ba,ba,ba,ab,ab,ab,ba,ba,ab,ba,ab,ab,ab,ab,ab,ba,ab,ba,ab,ba,ba,ab,ab,ba,ab,ab,ba,ba,ba,ab,ba,ba,ba,ba,ab,ab,ab,ab,ba,ba,ba,ba,ba,ba,ba,ba,ba,ba,ab,ab,ab,ab,ba,ab,ba,ba,ba,ba,ab,ab,ba,ba,ba,ba,ba,ab,ab,ba,ab,ab,ab,ba,ba,ab,ba,ba,ab,ab,ba,ba,ab,ab,ba,ba,ba,ab,ab,ab,ba,ba,ba,ba,ba,ba,ba,ba,ba,ab,ba,ba,ba,ab,ba,ba,ab,ab,ba,ba,ba,ba,ab,ab,ba,ba,ab,ba,ba,ba,ba,ab,ba,ba,ba,ab,ab,ba,ba,ba,ab,ba,ba,ab,ab,ba,ab,ba,ab,ba,ba,ba,ba,ba,ab,ab,ab,ba,ab,ab,ba,ba,ba,ba,ba,ba,ba,ba,ab,ba,ab,ba,ab,ba,ab,ba,ba,ba,ab,ba,ab,ab,ba,ba,ba,ba,ab,ba,ab,ba,ab,ab,ba,ab,ab,ab,ab,ba,ba,ab,bb,ab,ba,ba,ba,ba,ab,ab,ab,ba,ba,ab,ba,ab,ba,ba,ba,ab,ba,ab,ab,ba,ba,ba,ab,ba,ab,ab,ba,ab,ab,ba,ba,ba,ba,ab,bb,ab,ab,ba,ba,ba,ab,ba,ab,ab,ba,ba,ab,ba,ab,ab,ab,ab,ba,ba,ab,ba,ab,ba,ba,ab,ab,ba,ab,ba,ba,ba,ab,ba,ba,ab,ba,ba,ba,ba,ab,ba,ab,ba,ba,ab,ab,ba,ab,ab,ab,ab,ba,ba,ab,ab,ba,ba,ba,ab,ab,ba,ab,ab,ba,ba,ab,ab,ab,ba,ba,ba,ab,ab,ba,ab,ab,ba,ba,ab,ba,ab,ba,ba,ab,ba,ab,ab,ab,ba,ab,ba,ab,ab,ab,ba,ab,ba,ab,ba,ab,ab,ab,ba,ab,ab,ab,ba,ba,ab,ab,ba,ba,ba,ab,ba,ab,ba,ab,ba,ab,ba,ab,ba,ab,ba,ba,ab,ab,ba,ba,ab,ab,ab,ab,ba,ba,ab,ab,ba,ab,ab,ab,ba,ba,ab,ab,ba,ba,ab,ba,ba,ab,ab,ba,ab,ab,ab,ba,ab,ab,ba,ba,ab,ba,ba,ba,ab,ab,ba,ba,ba,ba,ba,ab,ba,ba,ba,ba,ba,ab,ab,ba,ba,ba,ba,ba,ba,ab,ba,ba,ba,ba,ab,ba,ba,ab,ba,ba,ab,ab,ab,ab,ab,ba,ab,ab,ab,ba,ab,ab,ba,ab,ba,ab,ab,ab,ab,ba,ba,ba,ab,ab,ba,ab,ab,ba,ab,ba,ba,ba,ab,ab,ba,ba,ab,ba,ab,ab,ba,ba,ab,ba,ab,ab,ba,ba,ba,ba,ab,ab,ab,ba,ab,ba,ab,ba,ba,ab,ba,ab,ba,ba,ab,ba,ab,ab,ba,ba,ab,ab,ab,ba,ba,ba,ab,ab,ba,ba,ab,ab,ba,ba,ba,ba,ba,ab,ba,ab,ba,ab,ba,ab,ab,ba,ba,ba,ab,ba,ab,ba,ab,ba,ab,ab,ab,ba,ab,ba,ba,ba,ab,ab,ab,ab,ab,ab,ab,ab,ab,ba,ba,ba,ab,ab,ba,ab,ab,ab,ab,ab,ba,ba,ab,ab,ab,ab,ab,ab,ab,ab,ab,ab,ab,ba,ba,ab,ba,ab,ab,ba,ab,ba,ba,ab,ab,ab,ab,ab,ab,ba,ab,ba,ab,ba,ab,ba,ba,ba,ba,ba,ab,ba,ab,ab,ab,ba,ab,ab,ba,ab,ab,ab,ba,ab,ba,ba,ab,ab,ba,ba,ab,ba,ab,ab,ab,ba,ab,ba,ab,ba,ab,ab,ba,ab,ba,ab,ab,ba,ab,ab,ba,ab,ab,ab,ba,ab,ab,ba,ab,ab,ab,ab,ba,ab,ba,ab,ba,ba,ba,ab,ba,ba,ab,ba,ba,ab,ab,ba,ab,ab,ab,ab,ba,ab,ab,ab,ab,ab,ba,ab,ba,ba,ab,ba,ba,ab,ab,ba,ab,ba,ba,ab,ab,ba,ab,ab,ba,ab,ba,ab,ab,ba,ab,ba,ba,ba,ba,ab,ba,ab,ab,ab,ba,ab,ba,ab,ba,ba,ba,ab,ab,ba,ab,ab,ab,ba,ab,ba,ba,ba,ba,ba,ba,ba,ab,ab,ab,ba,ab,ba,ab,ba,ba,ba,ba,ab,ab,ba,ba,ba,ab,ba,ab,ab,ab,ab,ab,ab,ab,ba,ba,ba,ab,ba,ab,ba,ba,ab,ab,ab,ba,ba,ab,ab,ab,ba,ab,ba,ba,ab,ba,ab,ab,ab,ba,ab,ba,ba,ba,ab,ab,ab,ba,ba,ab,ba,ab,ab,ab,ab,ba,ab,ba,ab,ab,ab,ab,ab,ba,ba,ba,ba,ba,ab,ab,ab,ab,ba,ba,ab,ab,ba,ab,ab,ba,ab,ba,ab,ab,ab,ba,ba,ab,ab,ba,ba,ab,ba,ab,ba,ab,ab,ab,ba,ba,ba,ba,ba,ba,ab,ab,ab,ba,ba,ab,ab,ba,ab,ba,ab,ba,ba,ab,ab,ba,ba,ab,ab,ba,ab,ba,ba,ba,ab,ab,ba,ba,ba,ba,ab,ab,ab,ab,ab,ab,ab,ab,ab,ba,ba,ba,ab,ab,ab,ab,ab,ab,ab,ab,ab,ab,ab,ab,ba,ab,ab,ba,ba,ba,ba,ba,ba,ba,ab,ba,ba,ba,ba,ab,ba,ab,ab,ba,ba,ba,ab,ba,ba,ab,ab,ab,ab,ba,ba,ba,ab,ab,ab,ba,ab,ba,ba,ab,ab,ba,ab,ba,ab,ab,ba,ba,ba,ab,ab,ab,ab,ba,ab,ba,ab,ab,ba,ab,ba,ba,ba,ba,ab,ba,ab,ba,ba,ba,ab,ba,ba,ba,ab,ba,ba,ba,ba,ba,ba,ab,ab,ab,ab,ab,ba,ba,ab,ba,ab,ab,ba,ba,ab,ba,ab,ab,ab,ab,ab,ba,ab,ab,ba,ab,ba,ab,ab,ba,ba,ba,ba,ba,ba,ab,ba,ba,ba,ab,ba,ab,ab,ba,ba,ab,ab,ba,ba,ba,ba,ba,ba,ab,ba,ba,ab,ba,ab,ab,ba,ab,ab,ab,ba,ba,ab,ab,ab,ba,ba,ab,ab,ba,ba,ba,ab,ba,ba,ab,ba,ab,ab,ab,ba,ab,ab,ba,ba,ab,ba,ab,ab,ab,ba,ba,ba,ab,ba,ba,ab,ba,ba,ab,ba,ba,ab,ba,ab,ba,ba,ab,ba,ab,ab,ab,ab,ab,ba,ab,ab,ab,ab,ba,ab,ab,ba,ab,ba,ba,ab,ba,ba,ab,ab,ab,ba,ab,ab,ab,ab,ab,ab,ba,ab,ab,ab,ba,ab,ab,ba,ab,ab,ba,ba,ba,ab,ab,ba,ab,ba,ab,ba,ba,ab,ab,ab,ba,ba,ba,ba,bb,bb,ba,ab,ba,ab,ab,ba,ba,ab,ab,ba,ba,ba,ba,ab,ba,ab,ab,ab,ab,ba,ab,ba,ba,ab,ba,ba,ba,ab,ba,ba,ab,ab,ab,ba,ab,ba,ab,ba,ab,ba,ba,ab,ba,ab,ab,ba,ab,ab,ba,ba,ba,ab,ba,ba,ab,ab,ab,ab,ba,ab,ba,ba,ba,ab,ab,ab,ab,ab,ab,ab,ba,ba,ab,ab,ba,ab,ab,ba,ba,ba,ab,ba,ab,ab,ba,ba,ba,ba,ba,ba,ba,ab,ba,ba,ab,ba,ab,ba,ab,ba,ba,ab,ba,ba,ba,ab,ab,ab,ab,ba,ab,ab,ba,ba,ba,ba,ba,ba,ba,ab,ab,ba,ab,bb,bb,bb,ba,ba,ba,ba,ab,ab,ba,ba,ab,ba,ba,ba,ab,ab,ab,ba,ab,ab,ba,ba,ab,ba,ab,ab,ab,ab,ba,ba,ba,ab,ab,ba,ab,ba,ba,ba,ab,ba,ab,ab,ab,ab,ba,ab,ba,ab,ba,ab,ba,ba,ba,ab,ab,ab,ab,ba,ab,ba,ba,ba,ba,ba,ba,ab,ba,ba,ab,ab,ab,ba,ba,ab,ab,ab,ab,ba,ba,ab,ab,ba,ab,ab,ab,ab,ab,ba,ba,ab,ab,ab,ab,ba,ba,ba,ba,ab,ab,ba,ba,ab,ba,ab,ab,ba,ab,ab,ab,ba,ba,ab,ab,ab,ba,ba,ab,ba,ba,ba,ab,ab,ab,ab,ab,ba,ba,ab,ab,ba,ba,ba,ba,ba,ab,ab,ab,ab,ab,ab,ab,ba,ba,ab,ab,ab,ba,ba,ba,ba,ba,ba,ab,ab,ab,ba,ab,ab,ab,ba,ba,ba,ba,ab,ba,ba,ab,ab,ba,ba,ab,ab,ba,ab,ba,ba,ab,ba,ab,ba,ab,ba,ba,ba,ab,ba,ba,ab,ba,ab,ab,ba,ab,ba,ba,ab,ba,ab,ab,ba,ba,ab,ba,ab,ba,ab,ab,ab,ab,ba,ba,ab,ab,ab,ba,ab,ab,ba,ab,ba,ba,ba,ba,ba,ba,ab,ba,ab,ba,ab,ba,ab,ab,ab,ba,ba,ab,ba,ba,ba,ba,ba,ab,ba,ab,ab,ab,ba,ba,ab,ab,ba,ba,ba,ab,ab,ab,ab,ba,ba,ba,ba,ab,ba,ba,ab,ab,ab,ba,ba,ab,ba,ab,ab,ba,ab,ba,ab,ba,ab,ba,ba,ab,ab,ba,ab,ab,ba,ba,ab,ba,ab,ba,ab,ba,ba,ab,ab,ba,ab,ab,ab,ab,ab,ba,ab,ab,ba,ba,ba,ba,ba,ab,ba,ab,ab,ba,ba,ba,ab,ab,ba,ab,ab,ab,ba,ab,ab,ab,ba,ba,ba,ba,ba,ab,ba,ba,ba,ba,ba,ab,ab,ba,ba,ab,ab,ab,ab,ba,ba,ba,ba,ab,ba,ba,ba,ba,ab,ba,ba,ba,ab,ba,ab,ba,ab,ba,ab,ba,ba,ab,ba,ab,ab,ba,ab,ba,ab,ab,ba,ba,ba,ba,ab,ba,ab,ab,ab,ba,ba,ba,ab,ab,ab,ab,ab,ab,ab,ab,ba,ab,ab,ba,ba,ba,ab,ba,ba,ba,ba,ab,ba,ab,ab,ab,ab,ab,ab,ab,ab,ab,ab,ab,ab,ba,ba,ba,ab,ab,ab,ab,ba,ab,ab,ba,ab,ab,ab,ba,ab,ab,ba,ab,ab,ab,ab,ab,ba,ab,ab,ba,ba,ba,ab,ba,ab,ab,ab,ba,ba,ab,ba,ab,ba,ba,ba,ab,ba,ab,ab,ab,ab,ab,ab,ab,ba,ba,ab,ab,ab,ab,ab,ba,ba,ba,ba,ab,ba,ba,ba,ab,ba,ba,ab,ab,ba,ab,ba,ab,ab,ab,ab,ab,ba,ab,ab,ba,ba,ba,ba,ba,ba,ba,ab,ab,ab,ba,ab,ab,ba,ab,ab,ab,ba,ab,ab,ba,ba,ba,ab,ab,ba,ab,ba,ba,ab,ab,ab,ba,ba,ab,ba,ab,ab,ab,ab,ab,ab,ba,ab,ba,ba,ba,ba,ba,ab,ab,ba,ba,ab,ba,ab,ab,ba,ba,ba,ba,ab,ab,ab,ab,ba,ab,ba,ba,ba,ba,ab,ba,ab,ba,ba,ab,ab,ba,ba,ba,ba,ba,ab,ab,ba,ab,ab,ab,ab,ab,ab,ab,ba,ab,ba,ba,ab,ab,ba,ab,ba,ab,ba,ba,ba,ab,ba,ba,ba,ab,ba,ba,ba,ab,ab,ba,ab,ab,ab,ba,ba,ab,ab,ab,ba,ba,ab,ba,ba,ba,ab,ab,ab,ba,ab,ab,ab,ab,ba,ba,ba,ba,ab,ba,ab,ab,ba,ab,ab,ba,ba,ab,ba,ba,ba,ba,ab,ba,ab,ab,ab,ba,ab,ab,ba,ba,ab,ba,ab,ba,ab,ba,ba,ab,ab,ba,ab,ba,ab,ba,ba,ba,ba,ab,ba,ba,ab,ab,ba,ba,ab,ab,ab,ab,ab,ba,ab,ab,ba,ab,ab,ab,ba,ab,ba,ba,ba,ab,ab,ba,ba,ab,ba,ab,ba,ab,ba,ba,ba,ba,ba,ab,ab,ba,ba,ba,ba,ba,ba,ba,ab,ab,ab,ba,ab,ba,ba,ab,ba,ba,ba,ab,ba,ba,ab,ba,ba,ab,ba,ba,ba,ab,ab,ab,ba,ba,ab,ba,ab,ba,ba,ab,ba,ba,ba,ba,ab,ba,ba,ba,ab,ba,ab,ab,ba,ab,ba,ab,ba,ab,ba,ba,ba,ab,ba,ab,ba,ba,ab,ab,ab,ab,ba,ab,ba,ab,ba,ab,ab,ab,ba,ba,ab,ab,ba,ba,ba,ab,ba,ab,ab,ab,ab,ab,ba,ba,ab,ba,ba,ba,ba,ba,ba,ba,ab,ba,ba,ab,ba,ba,ab,ba,ba,ab,ba,ab,ba,ba,ab,ab,ba,ab,ba,ab,ab,ba,ba,ab,ab,ba,ba,ba,ba,ab,ba,ba,ba,ab,ab,ba,ab,ab,ba,ab,ab,ba,ba,ba,ba,ba,ba,ab,ab,ab,ba,ba,ba,ab,ab,ba,ba,ba,ba,ba,ba,ab,ab,ab,ab,bb,ba,ab,ab,ba,ab,ba,ab,ab,ab,ba,ab,ab,ba,ab,ba,ba,ba,ba,ab,ab,ab,ba,ba,ba,ba,ab,ab,ab,ba,ab,ab,ba,ba,ba,ab,ba,ab,ba,ab,ba,ba,ab,ba,ba,ba,ba,ab,ab,ab,ba,ab,ba,ba,ab,ab,ab,ba,ab,ab,ba,ba,ba,ba,ab,ba,ab,ab,ab,ab,ab,ba,ba,ba,ab,ba,ba,ab,ba,ab,ba,ab,ab,ab,ab,ba,ba,ab,ba,ba,ba,ba,ba,ba,ab,ba,ba,ba,ab,ba,ab,ab,ba,ab,ba,ab,ab,ab,ba,ba,ba,ba,ab,ba,ba,ab,ab,ba,ab,ba,ab,ba,ab,ba,ba,ab,ab,ba,ab,ba,ba,ab,ba,ba,ab,ba,ba,ab,ab,ba,ba,ba,ba,ab,ba,ba,ba,ba,ab,ab,ab,ba,ba,ba,ba,ab,ba,ab,ab,ab,ab,ba,ba,ab,ab,ab,ab,ba,ab,ba,ba,ab,ab,ab,ab,ab,ab,ab,ab,ab,ab,ba,ab,ba,ab,ba,ba,ab,ab,ba,ab,ab,ab,ba,ab,ab,ab,ab,ab,ab,ab,ab,ba,ab,ba,ba,ab,ab,ab,ab,ba,ba,ab,ab,ba,ab,ab,ba,ba,ba,ab,ab,ab,ba,ab,ab,ba,ba,ab,ba,ba,ab,ba,ab,ab,ab,ab,ab,ba,ba,ab,ab,ab,ab,ba,ab,ab,ba,ab,ba,ba,ab,ab,ba,ba,ab,ab,ba,ba,ab,ab,ab,ab,ab,ba,ab,ab,ba,ba,ba,ba,ab,ba,ba,ba,ba,ab,ba,ba,ab,ab,ba,ab,ab,ba,ab,ba,ab,ab,ba,ab,ba,ba,ab,ab,ab,ba,ba,ba,ba,ab,ba,ba,ab,ba,ab,ab,ba,ba,ba,ba,ab,ba,ba,ba,ba,ba,ba,ba,ba,ba,ba,ba,ba,ba,ba,ab,ab,ab,ab,ba,ab,ab,ab,ab,ab,ba,ba,ba,ba,ab,ba,ab,ab,ba,ba,ba,ba,ba,ab,ab,ab,ab,ba,ab,ba,ba,ba,ab,ba,ab,ab,ab,ab,ba,ab,ab,ab,ab,ab,ba,ab,ab,ba,ab,ba,ab,ba,ba,ba,ab,ba,ba,ba,ba,ba,ab,ba,ab,ba,ba,ab,ab,ab,ab,ba,ab,ab,ba,ba,ba,ab,ab,ba,ba,ba,ab,ba,ab,ba,ab,ba,ba,ba,ab,ab,ba,ba,ba,ba,ba,ba,ba,ab,ba,ba,ba,ba,ba,ab,ba,ab,ab
MAY157.GT,bb,ba,ba,ba,ba,ba,ab,ab,ba,ab,ab,ba,ab,ba,ba,ab,ab,ab,ba,ba,ab,ba,ba,ab,ab,ba,ab,ab,ab,ab,ab,ab,ab,ab,ba,ba,ab,ab,ba,ab,ab,ba,ba,ba,ba,ab,ab,ab,ba,ba,ba,ab,ab,ba,ba,ba,ba,ba,ba,ab,ba,ba,ba,ab,ba,ab,ba,ba,ba,ba,ba,ab,ba,ab,ab,ab,ba,ab,ab,ba,ba,ba,ba,ab,ab,ab,ab,ba,ba,ab,ab,ba,ab,ba,ba,ab,ab,ba,ab,ab,ab,ba,ba,ab,ba,ba,ba,ab,ba,ab,ab,ab,ab,ab,ba,ba,ab,ba,ba,ba,ab,ba,ba,ab,ba,ab,ab,ba,ab,ab,ba,ab,ab,ba,ab,ab,ba,ab,ab,ba,ba,ab,ba,ab,ab,ba,ab,ba,ba,ba,ba,ab,ab,ab,ba,ba,ba,ba,ab,ba,ab,ba,ba,ab,ba,ab,ba,ba,ba,ab,ba,ba,ba,ab,ab,ba,ba,ba,ba,ab,ba,ba,ba,ab,ba,ba,ab,ba,ab,ab,ba,ab,ab,ab,ab,ab,ba,ab,ab,ba,ab,ba,ab,ab,ab,ab,ba,ab,ab,ba,ba,ab,ab,ba,ab,ab,ba,ba,ba,ab,ba,ba,ab,ab,ab,ba,ba,ab,ab,ba,ab,ba,ab,ba,ab,ab,ba,ab,ba,ab,ab,ab,ab,ab,ba,ab,ab,ab,ba,ba,ba,ba,ba,ab,ba,ba,ba,ba,ab,ab,ab,ab,ab,ba,ab,ab,ba,ba,ba,ba,ba,ba,ba,ab,ab,ba,ab,ab,ba,ba,ab,ba,ab,ba,ba,ab,ab,ba,ba,ab,ba,ba,ba,ba,ba,ba,ab,ab,ba,ba,ba,ab,ba,ba,ba,ab,ab,ab,ba,ab,ab,ab,ba,ba,ab,ab,ba,ab,ba,ab,ba,ab,ab,ab,ba,ab,ba,ba,ba,ab,ba,ba,ba,ba,ab,ba,ab,ab,ba,ba,ba,ba,ba,ba,ab,ab,ab,ba,ba,ab,ba,ba,ba,ab,ba,ab,ab,ab,ba,ba,ab,ba,ab,ab,ab,ab,ab,ab,ab,ab,ab,ba,ba,ab,ab,ab,ab,ba,ba,ba,ba,ab,ab,ab,ba,ba,ba,ba,ba,ba,ba,ab,ab,ba,ab,ba,ba,ba,ab,ba,ab,ba,ba,ba,ba,ab,ab,ab,ab,ba,ba,ab,ba,ba,ab,ab,ab,ba,ab,ab,ba,ba,ba,ba,ab,ab,ab,ab,ba,ab,ba,ba,ba,ba,ba,ba,ba,ab,ab,ba,ab,ab,ba,ba,ba,ab,ba,ab,ab,ba,ba,ba,ba,ba,ba,ba,ba,ab,ab,ab,ba,ab,ab,ab,ba,ab,ba,ab,ba,ab,ab,ba,ba,ab,ba,ba,ba,ab,ba,ba,ba,ab,ab,ba,ba,ba,ab,ab,ba,ab,ba,ab,ba,ba,ba,ba,ba,ab,ba,ba,ab,ba,ba,ba,ba,ab,ba,ba,ba,ba,ba,ba,ba,ab,ab,ab,ba,ab,ba,ab,ba,ab,ab,ba,ab,ab,ba,ab,ab,ab,ab,ba,ab,ba,ba,ab,ab,ab,ab,ba,ba,ab,ba,ba,ba,ab,ab,ab,ab,ba,ab,ba,ab,ab,ab,ba,ba,ab,ab,ba,ba,ba,ba,ab,ab,ba,ab,ab,ba,ba,ab,ab,ba,ba,ba,ab,ab,ba,ba,ba,ab,ba,ab,ab,ba,ba,ba,ba,ab,ba,ba,ba,ab,ab,ba,ab,ab,ba,ba,ba,ba,ab,ab,ba,ba,ba,ba,ab,ab,ba,ab,ab,ab,ab,ba,ab,ba,ab,ba,ba,ba,ba,ab,ab,ba,ba,ab,ba,ab,ab,ab,ba,ab,ab,ab,ba,ba,ab,ab,ba,ba,ab,ba,ba,ab,ba,ab,ba,ab,ba,ba,ab,ba,ba,ab,ab,ab,ab,ab,ab,ba,ba,ab,ba,ba,ba,ba,ba,ba,ba,ab,ba,ab,ba,ba,ab,ba,ab,ab,ba,ab,ba,ab,ab,ab,ba,ba,ba,ba,ba,ab,ab,ba,ba,ba,ba,ab,ab,ab,ba,ab,ab,ba,ab,ba,ba,ab,ab,ba,ab,ab,ab,ba,ba,ab,ba,ab,ba,ab,ba,ba,ba,ab,ab,ab,ba,ba,ba,ab,ab,ba,ab,ba,ab,ba,ab,ba,ba,ab,ba,ba,ab,ab,ba,ba,ab,ba,ab,ba,ba,ab,ba,ba,ab,ba,ba,ba,ab,ab,ba,ab,ab,ba,ba,ab,ab,ab,ab,ba,ba,ab,ba,ab,ba,ba,ba,ab,ab,ba,ba,ba,ba,ab,ab,ab,ab,ba,ab,ba,ab,ba,ab,ba,ab,ab,ba,ba,ab,ab,ab,ab,ab,ab,ab,ab,ab,ba,ba,ba,ab,ba,ab,ba,ba,ab,ab,ab,ab,ba,ba,ab,ab,ba,ab,ab,ab,ab,ba,ab,ba,ba,ba,ab,ab,ab,ba,ba,ba,ba,ba,ba,ba,ab,ab,ba,ba,ab,ba,ab,ab,ab,ba,ab,ba,ab,ba,ba,ab,ab,ab,ab,ba,ab,ba,ab,ab,ab,ab,ba,ba,ab,ab,ab,ab,ab,ab,ba,ba,ab,ba,ab,ab,ba,ab,ab,ab,ba,ba,ab,ab,ab,ab,ab,ba,ab,ab,ba,ab,ba,ba,ab,ba,ba,ba,ba,ab,ab,ba,ab,ba,ab,ab,ba,ab,ab,ab,ba,ba,ba,ba,ba,ba,ab,ba,ba,ab,ab,ab,ab,ab,ab,ba,ba,ab,ba,ba,ba,ab,ab,ab,ba,ba,ab,ba,ab,ba,ba,ba,ab,ba,ab,ba,ab,ab,ba,ab,ab,ba,ba,ba,ba,ba,ba,ab,ba,ba,ab,ab,ba,ba,ba,ba,ba,ba,ab,ab,ba,ab,ba,ab,ba,ba,ba,ab,ba,ba,ab,ab,ba,ab,ab,ab,ba,ab,ba,ab,ba,ab,ab,ba,ba,ba,ab,ba,ab,ab,ba,ab,ab,ba,ba,ba,ba,ab,ba,ab,ab,ba,ab,ab,ba,ab,ab,ba,ab,ba,ba,ab,ba,ab,ab,ba,ba,ab,ab,ab,ab,ab,ab,ab,ba,ba,ab,ba,ab,ba,ab,ab,ba,ab,ab,ab,ba,ab,ba,ab,ba,ab,ab,ba,ba,ab,ab,bb,ab,ab,ba,ba,ba,ba,ab,ab,ab,ba,ab,ba,ab,ba,ba,ba,ab,ba,ba,ba,ab,ab,ba,ba,ab,ab,ba,ab,ba,ab,ab,ba,ba,ab,ba,ba,ab,ab,ab,ba,ba,ab,ba,ba,ba,ba,ab,ba,ab,ab,ab,ab,ba,ab,ab,ab,ab,ab,ab,ab,ab,ab,ab,ab,ab,ba,ba,ba,ab,ba,ba,ba,ab,ba,ba,ba,ba,ab,ba,ba,ab,ba,ba,ab,ab,ab,ab,ba,ba,ba,ba,ab,ba,ba,ba,ba,ab,ba,ba,ab,ba,ba,ba,ba,ba,ba,ab,ba,ba,ba,ab,ab,ba,ba,ab,ba,ba,ab,ba,ab,ab,ba,ba,ba,ba,ba,ba,ba,ba,ba,ba,ab,ab,ba,ba,ab,ab,ab,ab,ab,ab,ba,bb,ba,ba,ab,ba,ab,ba,ab,ab,ba,ba,ba,ab,ba,ba,ba,ab,ab,ab,ab,ba,ab,ab,ab,ba,ba,ba,ba,ba,ab,ba,ab,ba,ab,ba,ab,ba,ab,ba,ab,ab,ab,ab,ab,ba,ba,ab,ab,ba,ab,ab,ba,ba,ab,ba,ba,ab,ba,ba,ba,ab,ab,ab,ba,ba,ba,ba,ab,ab,ab,ba,ba,ba,ba,ba,ab,ba,ba,ab,ba,ba,ab,ba,ba,ba,ba,ab,ab,ab,ba,ab,ba,ab,ba,ab,ba,ab,ab,ab,ba,ba,ba,ba,ba,ab,ab,ab,ba,ab,ab,ba,ab,ba,ab,ab,ba,ba,ab,ab,ba,ba,ab,ba,bb,ab,ba,ba,ab,ab,ba,ba,ab,ba,ab,ba,ab,ab,ba,ab,ab,ab,ab,ab,ba,ab,ab,ba,ba,ab,ab,ab,ab,ba,ab,ab,ab,ba,ba,ba,ba,ba,ab,ba,ab,ba,ab,ab,ba,ab,ab,ab,ba,ab,ba,ba,ab,ba,ba,ab,ba,ab,ba,ab,ab,ab,ab,ba,ab,ba,ba,ab,ab,ab,ba,ab,ab,ab,ba,ab,ab,ab,ba,ab,ba,ab,ab,ab,ba,ab,ba,ab,ba,ba,ab,ab,ab,ba,ba,ba,ba,ba,ba,ab,ab,ab,ab,ab,ab,ba,ab,ba,ba,ba,ab,ba,ab,ba,ba,ab,ab,ab,ba,ab,ba,ab,ab,ab,ba,ba,ba,ab,ab,ab,ba,ab,ba,ba,ba,ab,ab,ab,ba,ab,ba,ab,ab,ab,ab,ab,ba,ba,ba,ba,ba,ba,ab,ba,ab,ab,ba,ba,ab,ab,ba,ab,ba,ab,ba,ba,ab,ab,ab,ab,ba,ab,ba,ab,ba,ab,ab,ab,ab,ba,ba,ab,ba,ab,ba,ab,ba,ba,ba,ab,ab,ab,ba,ba,ba,ab,ba,ba,ba,ab,ba,ba,ba,ba,ab,ab,ab,ab,ab,ba,ba,ab,ab,ba,ab,ba,ba,ba,ba,ba,ab,ba,ab,ab,ba,ba,ba,ba,ab,ab,ba,ab,ba,ab,ab,ab,ba,ba,ab,ab,ba,ab,ab,ba,ba,ba,ba,ab,ab,ab,ba,ab,ab,ba,ba,ba,ab,ab,ba,ab,ba,ab,ab,ab,ba,ba,ab,ab,ba,ab,ab,ba,ba,ab,ab,ba,ab,ba,ba,ab,ab,ba,ba,ba,ab,ba,ab,ba,ba,ab,ab,ab,ba,ba,ab,ba,ab,ab,ab,ba,ab,ab,ab,ab,ab,ba,ba,ab,ab,ba,ba,ba,ba,ab,ab,ab,ba,ba,ab,ba,ba,ba,ba,ab,ba,ba,ab,ba,ba,ba,ab,ba,ab,ba,ab,ab,ba,ba,ab,ba,ba,ba,ab,ba,ab,ab,ab,ab,ab,ab,ba,ba,ba,ba,ab,ab,ab,ba,ab,ba,ba,ba,ba,ab,ba,ab,ba,ab,ba,ba,ba,ab,ba,ab,ab,ab,ab,ab,ba,ab,ab,ba,ba,ba,ba,ab,ba,ab,ba,ba,ba,ba,ba,ba,ba,ab,ab,ab,ba,ab,ab,ba,ba,ab,ba,ba,ab,ab,ab,ba,ba,ab,ab,ab,ab,ba,ab,ab,ba,ab,ab,ab,ab,ab,ba,ab,ba,ba,ab,ba,ab,ba,ab,ab,ab,ba,ab,ab,ab,ba,ab,ab,ab,ba,ab,ab,ab,ab,ab,ab,ab,ba,ba,ba,ab,ab,ba,ab,ba,ab,ab,ab,ab,ab,ab,ba,ab,ba,ab,ab,ab,ba,ba,ab,ab,ba,ab,ab,ba,ba,ba,ba,ba,ab,ab,ba,ba,ba,ba,ba,ab,ab,ba,ba,ab,ab,ba,ba,ab,ba,ba,ba,ba,ab,ab,ba,ab,ab,ba,ab,ba,ab,ab,ab,ab,ba,ab,ba,ba,ba,ba,ba,ab,ba,ba,ab,ba,ab,ab,ba,ab,ab,ab,ba,ab,ab,ba,ab,ba,ba,ba,ba,ab,ab,ab,ba,ab,ba,ba,ba,ab,ab,ba,ab,ab,ba,ba,ba,ba,ba,ab,ab,ba,ab,ab,ab,ab,ab,ab,ba,ba,ba,ab,ab,bb,aa,ab,ba,ba,ba,ba,ba,ab,ab,ba,ab,ba,ba,ab,ab,ab,ba,ab,ba,ba,ab,ba,ba,ab,ba,ba,ba,ba,ba,ba,ba,ab,ba,ba,ba,ba,ba,ab,ab,ab,ba,ba,ba,ab,ab,ab,ab,ab,ba,ab,ba,ab,ab,ba,ab,ba,ba,ba,ba,ab,ab,ba,ab,ba,ab,ab,ab,ab,ba,ba,ba,ba,ab,ba,ba,ab,ab,ba,ab,ba,ab,ba,ba,ab,ab,ab,ba,ab,ba,ab,ba,ab,ab,ab,ab,ab,ba,ab,ba,ab,ab,ab,ba,ab,ba,ba,ba,ba,ab,ab,ba,ab,ba,ba,ab,ab,ab,ba,ba,ba,ab,ab,ab,ab,ab,ba,ab,ab,ab,ab,ab,ab,ab,ab,ba,ab,ba,ba,ab,ba,ba,ba,ab,ba,ba,ba,ab,ba,ba,ba,ba,ba,ba,ab,ba,ab,ab,ab,ab,ba,ab,ba,ba,ba,ba,ab,ba,ab,ab,ab,ab,ab,ab,ba,ba,ab,ab,ab,ba,ab,ba,ab,ba,ab,ab,ba,ba,ba,ba,ab,ab,ab,ab,ab,ba,ba,ba,ba,ba,ab,ba,ab,ab,ba,ba,ba,ab,ba,ab,ab,ba,ba,ab,ab,ab,ab,ab,ab,ab,ab,ab,ab,ba,ab,ba,ab,ab,ab,ab,ab,ba,ba,ab,ba,ba,ab,ab,ab,ab,ba,ba,ba,ab,ba,ba,ba,ba,ab,ab,ba,ba,ab,ab,ba,ba,ba,ab,ab,ab,ab,ab,ab,ba,ba,ba,ba,ba,ab,ab,ba,ba,ab,ab,ba,ba,ba,ba,ab,ab,ba,ab,aa,ba,ba,ab,ba,ab,ba,ab,ba,ab,ba,ab,ab,ab,ba,ab,ba,ab,ab,ba,ba,ab,ba,ba,ba,ab,ab,ba,ba,ab,ba,ab,ba,ab,ab,ba,ba,ab,ba,ab,ab,ba,ab,ab,ba,ba,ab,ba,ab,ba,ba,ba,ab,ab,ab,ab,ba,ba,ba,ab,ba,ba,ba,ba,ba,ba,ba,ab,ab,ba,ba,ba,ba,ab,ba,ba,ab,ab,ab,ab,ab,ab,ba,ba,ba,ab,ba,ba,ab,ba,ba,ab,ab,ab,ab,ab,ba,ba,ab,ba,ba,ab,ab,ba,ab,ba,ab,ab,ab,ab,ba,ba,ab,ba,ba,ba,ab,ab,ba,ba,ab,ba,ab,ab,ba,ab,ab,ab,ab,ab,ba,ab,ba,ba,ba,ba,ab,ba,ba,ba,ba,ab,ba,ba,ab,ab,ab,ab,ab,ba,ab,ab,ba,ab,ba,ba,ba,ba,ab,ab,ba,ab,ab,ab,ab,ba,ba,ab,ba,ab,ab,ab,ba,ba,ba,ab,ab,ab,ba,ba,ab,ab,ba,ab,ba,ba,ba,ba,ba,ba,ba,ab,ba,ba,ba,ba,ab,ba,ab,ba,ab,ab,ab,ab,ba,ab,ba,ba,ab,ba,ba,ab,ba,ba,ba,ba,ba,ab,ba,ab,ab,ab,ba,ba,ab,ba,ba,ab,ab,ab,ab,ab,ab,ba,ba,ab,ba,ba,ba,ba,ba,ba,ba,ab,ab,ab,ab,ba,ba,ba,ab,ba,ab,ba,ab,ba,ab,ba,ab,ab,ba,ba,ab,ba,ab,ab,ba,ba,ab,ba,ab,ba,ba,ab,ab,ab,ab,ba,ab,ab,ab,ba,ba,ba,ba,ba,ba,ba,ba,ab,ba,ba,ba,ba,ab,ab,ab,ba,ab,ab,ab,ab,ab,ab,ba,ba,ab,ab,ab,ba,ba,ab,ab,ab,ab,ba,ab,ab,ba,ba,ba,ba,ab,ba,ba,ab,ba,ab,ab,ba,ab,ab,ab,ab,ba,ab,ba,ba,ab,ba,ba,ba,ba,ba,ab,ab,ba,ab,ab,ab,ab,ab,ab,ba,ba,ab,ba,ab,ab,ba,ab,ba,ba,ab,ab,ab,ba,ba,ab,ba,ab,ab,ab,ba,ba,ba,ab,ba,ab,ab,ba,ba,ba,ba,ab,ba,ba,ba,ab,ab,ba,ab,ba,ba,ab,ab,ba,ab,ab,ab,ab,ab,ba,ba,ab,ab,ba,ab,ab,ba,ab,ba,ab,ba,ba,ba,bb,aa,ab,ba,ab,ba,ba,ab,ab,ba,ab,ba,ab,ba,ba,ab,ab,ab,ab,ab,ab,ab,ba,ab,ba,ab,ab,bb,ba,ba,ab,ba,ba,ba,ab,ab,ba,ab,ab,ba,ab,ba,ba,ba,ba,ab,ab,ba,ba,ba,ab,ab,ba,ab,ba,ba,ab,ba,ba,ab,ab,ba,ba,ab,ba,ab,ba,ba,ba,ba,ba,ba,bb,ba,ba,ab,ab,ab,ab,ab,ab,ab,ba,ba,ab,ab,ba,ba,ba,ba,ba,ba,ba,ba,ba,ab,ab,ba,ba,ba,ab,ab,ba,ba,ab,ab,ab,ba,ba,ab,ab,ab,ab,ba,ab,ab,ab,ba,ab,ba,ab,ba,ba,ab,ba,ab,ba,ab,ab,ba,ab,ab,ab,ab,ab,ba,ba,ba,ab,ab,ab,ba,ba,ba,ab,ab,ab,ab,ab,ab,ba,ba,ba,ba,ab,ab,ab,ba,ba,ba,ab,ba,ba,ab,ba,ab,ab,ab,ab,ab,ab,ab,ba,ab,ba,ab,ba,ba,ab,ba,ab,ba,ba,ba,ab,ab,ab,ab,ab,ba,ab,ba,ba,ba,ab,ba,ab,ba,ba,ab,ab,ba,ba,ba,ba,ab,ab,ba,ab,ab,ba,ab,ba,ab,ab,ab,ba,ab,ab,ab,ba,ab,ab,ba,ba,ba,ba,ab,ab,ba,ab,ba,ba,ab,ab,ab,ab,ab,ba,ba,ab,ba,ba,ab,ab,ab,ba,ba,ba,ab,ba,ba,ba,ba,ab,ba,ba,ba,ab,ba,ba,ab,ab,ba,ba,ab,ab,ba,ab,ba,ba,ab,ab,ab,ab,ab,ab,ab,ba,ba,ba,ba,ba,ba,ab,ab,ba,ba,ba,ab,ab,ba,ba,ba,ba,ba,ba,ab,ba,ab,ab,ab,ba,ab,ab,ab,ab,ba,ab,ba,ab,ba,ba,ab,ba,ba,ab,ab,ba,ab,ba,ba,ba,ba,ba,ba,ab,ba,ba,ba,ba,ba,ba,ba,ab,ba,ba,ba,ab,ba,ba,ab,ab,ab,ab,ab,ba,ab,ab,ab,ab,ab,ab,ab,ba,ba,ab,ba,ba,ba,ba,ba,ab,ab,ab,ba,ba,ab,ab,ab,ab,ab,ba,ba,ab,ba,ab,ab,ba,ab,ba,ab,ab,ab,ba,ba,ab,ab,ba,ba,ba,ab,ab,ab,ab,ab,ba,ab,ba,ba,ba,ba,ab,ab,ab,ab,ab,ba,ba,ab,ba,ab,ab,ba,ba,ab,ab,ba,ba,ab,ba,ba,ab,ab,ab,ba,ab,ba,ba,ba,ab,ab,ab,ab,ba,ba,ba,ba,ab,ab,ba,ab,ab,ab,ab,ba,ab,ab,ab,ba,ab,ab,ab,ab,ab,ba,ba,ba,ba,ab,ba,ba,ab,ba,ab,ab,ab,ab,ba,ab,ba,ba,ba,ba,ab,ba,ab,ab,ab,ba,ba,ba,ab,ab,ab,ba,ba,ba,ba,ba,ab,ab,ab,ab,ba,ba,ab,ab,ba,ba,ba,ab,ab,ba,ab,ab,ab,ba,ba,ab,ab,ba,ba,ba,ab,ba,ab,ab,ba,ba,ba,ab,ba,ba,ab,ba,ba,ab,ba,ba,ab,ab,ab,ba,ba,ba,ba,ab,ab,ba,ab,ab,ba,ba,ab,ba,ba,ba,ab,ba,ab,ab,ba,ab,ba,ba,ab,ba,ba,ba,ba,ba,ba,ab,ba,ba,ab,ba,ba,ab,ab,ba,ba,ba,ab,ba,ba,ab,ab,ab,ba,ab,ba,ab,ab,ab,ab,ba,ba,ba,ba,ba,ab,ab,ba,ab,ab,ba,ab,ba,ab,ab,ba,ab,ab,ab,ab,ab,ab,ab,ab,ab,ba,ba,ba,ba,ab,ab,ba,ba,ab,ab,ba,ab,ab,ba,ba,ab,ab,ab,ab,ab,ab,ab,ba,ab,ba,ab,ba,ba,ba,ab,ab,ba,ab,ba,ba,ab,ba,ba,ab,ab,ab,ab,ba,ab,ba,ba,ab,ab,ba,ab,ba,ab,ba,ba,ab,ba,ba,ba,ab,ba,ab,ba,ba,ab,ba,ba,ba,ba,ab,ba,ab,ba,ab,ab,ab,ba,ba,ab,ba,ba,ab,ab,ba,ab,ba,ab,ba,ba,ab,ab,ab,ba,ab,ba,ab,ab,ba,ab,ab,ab,ab,ba,ab,ba,ab,ba,ab,ab,ba,ab,ab,ba,ba,ba,ba,ab,ab,ba,ba,ab,ab,ab,ab,ab,ba,ab,ab,ba,ab,ab,ab,ab,ba,ba,ab,ba,ba,ab,ab,ba,ab,ab,ba,ab,ba,ab,ab,ba,ba,ab,ab,ab,ab,ab,ba,ab,ba,ba,ab,ba,ba,ba,ba,ba,ba,ba,ba,ab,ab,bb,ab,ab,ab,ba,ab,ab,ab,ab,ba,ab,ab,bb,bb,bb,aa,bb,bb,ab,ab,bb,ba,ba,ab,ab,ab,ba,ba,ba,ba,ba,ab,ba,ba,ba,ab,ab,ab,ab,ab,ab,ba,ba,ab,ab,ba,ba,ab,ab,ba,ab,ab,ba,ba,ab,ab,ba,ab,ba,ab,ab,ab,ba,ba,ab,ab,ab,ab,ba,ba,ba,ab,ba,ab,ba,ba,ba,ab,ba,ab,ab,ab,ba,ab,ba,ba,ab,ab,ba,ab,ba,ba,ab,ab,ba,ab,ab,ba,ab,ba,ba,ba,ba,ba,ba,ab,ab,ba,ba,ba,ab,ba,ba,ab,ab,ab,ba,ab,ba,ab,ab,ba,ba,ba,ba,ba,ab,ab,ba,ab,ba,ab,ab,ba,ba,ab,ba,ba,ab,ab,ab,ba,ba,ab,ba,ab,ab,ab,ba,ab,ba,ab,ab,ba,ab,ab,ab,ab,ab,ba,ab,ab,ab,ab,ba,ab,ba,ba,ba,ab,ba,ab,ba,ab,ab,ab,ab,ba,ba,ba,ab,ab,ba,ba,ba,ab,ba,ba,ab,ab,ab,ab,ba,ba,ab,ab,ba,ab,ab,ba,ba,ba,ab,ba,ab,ab,ab,ba,ba,ba,ba,ab,ab,ba,ba,ba,ab,ab,ba,ab,ba,ab,ab,ab,ba,ba,ba,ba,ba,ba,ab,ab,ab,ba,ab,ab,ba,ab,ba,ba,ab,ba,ab,ba,aa,bb,ab,ab,ab,ab,ba,ab,ab,ab,ab,ab,ba,ab,ab,ba,ba,ab,ba,ab,ab,ba,ba,ab,ab,ab,ab,ba,ba,ab,ab,ab,ab,ab,ab,ba,ab,ba,ba,ba,ab,ba,ab,ba,ba,ba,ba,ba,ab,ab,ba,ba,ba,ba,ba,ab,ba,ab,ab,ab,ba,ab,ba,ab,ba,ab,ba,ab,ba,ab,ba,ab,ba,ba,ba,ab,ab,ba,ba,ab,ba,ab,ab,ab,ab,ba,ab,ba,ba,ab,ba,ab,ba,ba,ab,ba,ab,ba,ab,ba,ba,ab,ab,ab,ba,ab,ab,ab,ab,ba,ab,ba,ba,ba,ab,ba,ba,ab,ba,ba,ba,ba,ab,ba,ab,ba,ab,ba,ba,ba,ba,ab,ba,ba,ab,ab,ab,ba,ba,ba,ba,ba,ab,ab,ba,ba,ab,ba,ba,ab,ba,ba,ba,ba,ab,ba,ba,ab,ba,ba,ab,ab,ba,ba,ba,ab,ab,ab,ba,ab,ba,ba,ba,ab,ba,ab,ab,ab,ba,ab,ab,ba,ba,ab,ba,ba,ab,ab,ba,ab,ba,ba,ab,ba,ab,ba,ab,ab,ba,ba,ba,ba,ba,ab,ab,ba,ba,ba,ab,ab,ba,ab,ba,ba,ba,ba,ba,ab,ba,ba,ab,ab,ab,ba,ab,ba,ba,ba,ab,ab,ab,ba,ab,ab,ab,ba,ab,ba,ab,ca,ba,ab,ba,ab,ab,ba,ba,ba,ab,ab,ba,ba,ba,ba,ab,ba,ab,ba,ab,ab,ba,ba,ab,ba,ba,ab,ab,ba,ba,ab,ab,ab,ab,ab,ba,ba,ba,ab,ba,ab,ba,ba,ab,ba,ba,ba,ab,ba,ab,ab,ab,ab,ab,ba,ba,ba,ba,ab,ba,ab,ab,ab,ab,ab,ba,ba,ab,ba,ba,ab,ab,ba,ab,ab,ba,ab,ab,ab,ab,ba,ba,ab,ab,ba,ba,ab,ab,ab,ba,ba,ab,ab,ab,ba,ab,ba,ba,ab,ba,ab,ab,ba,ab,ab,ba,ba,ab,ab,ba,ab,ba,ba,ab,ba,ab,ba,ba,ba,ba,ab,ab,ab,ba,ab,ba,ba,ba,ba,ba,ba,ba,ba,ab,ab,ba,ab,ab,ab,ab,ab,ba,ba,ba,ab,ab,ba,ab,ba,ba,ab,ab,ba,ba,ba,ba,ba,ab,ab,ab,ba,ab,ba,ab,ba,ba,ba,ba,ab,ab,ab,ab,ab,ab,ab,ab,ab,ba,ba,ab,ba,ab,ab,ab,ab,ba,ab,ba,ab,ba,ab,ab,ab,ab,ba,ab,ab,ab,ba,ba,ab,ab,ab,ab,ab,ba,ba,ba,ba,ba,ba,ab,ba,ab,ab,ba,ba,ba,ba,ab,ab,ba,ab,ba,ba,ab,ba,ba,ba,ab,ba,ab,ab,ab,ab,ba,ba,ba,ba,ab,ab,ba,ba,ab,ab,ba,ba,ba,ab,ab,ba,ab,ba,ba,ba,ba,ab,ba,ab,ab,ab,ba,ab,ba,ab,ab,ab,ba,ab,ab,ba,ba,ab,ab,ba,ab,ab,ba,ab,ba,ba,ab,ab,ab,ba,ab,ba,ba,ba,ab,ab,ab,ba,ab,ab,ba,ba,ba,ba,ab,ba,ba,ab,ab,ba,ba,ab,ba,ab,ba,ba,ab,ba,ab,ba,ab,ab,ba,ba,ba,ab,ab,ba,ba,ba,ab,ba,ba,ab,ba,ab,ba,ba,ba,ab,ab,ab,ab,ab,ab,ba,ba,ba,ab,ba,ba,ab,ba,ab,ab,ab,ba,ab,ab,ab,ab,ab,ab,ab,ab,ab,ba,ba,ab,ba,ab,ab,ab,ba,ba,ab,ab,ba,ba,ab,ab,ab,ab,ba,ba,ba,ab,ab,ba,ab,ba,ab,ab,ab,ab,ba,ba,ab,ab,ba,ba,ba,ab,ba,ba,ba,ba,ab,ab,ab,ba,ba,ba,ab,ab,ba,ab,ba,ba,ab,ab,ab,ab,ab,ba,ba,ab,ab,ab,ba,ab,ba,ab,ba,ba,ab,ba,ab,ba,ab,ba,ab,ab,ba,ab,ba,ab,ba,ab,ab,ab,ba,ba,ab,ab,ab,ab,ba,ab,ab,ab,ba,ba,ba,ba,ab,ab,ab,ba,ab,ab,ba,ba,ab,ab,ba,ba,ba,ab,ba,ba,ab,ab,ba,ba,ba,ba,ab,ba,ab,ba,ab,ba,ba,ab,ab,ba,ab,ba,ba,ba,ba,ba,ba,ab,ab,ba,ab,ab,ba,ba,ab,ba,ba,ab,ba,ba,ba,ba,ba,ab,ab,ba,ab,ab,ba,ba,ab,ab,ab,ab,ab,ba,ba,ba,ab,bb,aa,bb,ba,ba,ba,ba,ba,ba,ab,ab,ba,ab,ab,ab,ab,ab,ba,ba,ab,ba,ab,ba,ba,ab,ba,ab,ba,ab,ab,ba,ab,ba,ba,ba,ba,ab,ab,ab,ba,ab,ab,ba,ba,ba,ab,ab,ab,ba,ba,ba,ab,ab,ab,ab,ab,ab,ba,ab,ba,ab,ba,ab,ba,ab,ab,ba,ab,ab,ba,ab,ab,ab,ba,ba,ba,ab,ab,ba,ab,ab,ba,ab,ba,ab,ab,ab,ba,ba,ab,ba,ab,ab,ba,ba,ba,ab,ba,ba,ba,ba,ab,ba,ba,ab,ba,ab,ab,ba,ba,ba,ba,ba,ab,ab,ba,ba,ab,ba,ab,ba,ab,ab,ab,ba,ba,ab,ab,ba,ab,ba,ba,ba,ba,ba,ab,ab,ab,ab,ab,ab,ba,ab,ba,ba,ba,ab,ba,ba,ba,ba,ba,ab,ba,ba,ab,ab,ab,ab,ba,ab,ba,ab,ab,ab,ba,ab,ba,ab,ab,ab,ab,ba,ba,ba,ba,ab,ba,ba,ba,ba,ba,ab,ba,ba,ba,ab,ba,ba,ba,ab,ba,ba,ba,ab,ba,ab,ab,ab,ab,ba,ab,ab,ba,ba,ba,ab,ba,ba,ba,ab,ab,ab,ba,ba,ba,ab,ba,ab,ab,ba,ba,ba,ab,ba,ba,ba,ab,ab,ab,ba,ab,ab,ab,ab,ab,ba,ab,ba,ab,ab,ab,ab,ab,ba,ab,ba,ba,ab,ba,ba,ab,ba,ba,ab,ba,ab,aa,ab,ba,ba,ba,ba,ab,ab,ba,ba,ab,ab,ba,ab,ba,ba,ba,ba,ba,ab,ba,ab,ab,ba,ab,ba,ba,ab,ba,ab,ab,ba,ab,ba,ba,ab,ba,ab,ab,ba,ab,ab,ba,ab,ab,ba,ba,ab,ba,ab,ab,ba,ab,ba,ba,ab,ba,ab,ba,ba,ba,ab,ab,ab,ab,ab,ab,ba,ba,ab,ab,ba,ba,ab,ba,ab,ab,ba,ab,ab,ab,ab,ab,ab,ab,ab,ba,ab,ab,ba,ab,ab,ba,ab,ab,ab,ab,ab,ab,ba,ba,ab,ba,ba,ab,ba,ba,ba,ba,ba,ab,ba,ba,ab,ba,ab,ba,ab,ba,ba,ba,ba,ba,ba,ab,ba,ab,ba,ab,ab,ba,ab,ab,ab,ab,ba,ba,ab,ab,ab,ab,ab,ab,ba,ab,ba,ab,ab,ab,ba,ab,ab,ab,ab,ab,ab,ba,ba,ab,ba,ba,ba,ab,ba,ba,ab,ba,ab,ab,ba,ab,ab,ba,ba,ba,ab,ab,ab,ba,ab,ba,ba,ab,ba,ab,ba,ba,ab,ba,ba,ba,ab,ba,ab,ab,ba,ab,ba,ba,ba,ba,ba,ab,ba,ba,ba,ba,ba,ba,ba,ba,ab,ba,ab,ba,ab,ba,ab,ab,ba,ab,ba,ba,ba,ab,ab,ab,bb,bb,ba,ba,ba,ba,ab,ab,ab,ab,ab,ba,ab,ba,ba,ba,ba,ba,ba,ab,ba,ab,ba,ba,ab,ab,ab,ab,ab,ab,ab,ab,ba,ba,ba,ba,ba,ab,ba,ab,ab,ab,ba,ab,ba,ba,ab,ba,ab,ab,ba,aa,bb,ab,ba,ab,ba,ba,ab,ba,ab,ab,ba,ba,ab,ba,ab,ab,ba,ba,ba,ba,ba,ba,ab,ab,ba,ab,ba,ab,ba,ab,ab,ba,ab,ab,ba,ab,bb,ab,ab,ab,ba,ba,ba,ba,ba,ba,ba,ab,ab,ab,ab,ab,ab,ba,ba,ab,ba,ab,ab,ba,ab,ab,ba,ba,ab,ab,ab,ab,ab,ba,ab,ba,ab,ba,ba,ab,ba,ba,ab,ba,ba,ab,ab,ab,ba,ab,ab,ab,ba,ba,ba,ab,aa,bb,ab,ba,ba,ab,ab,ba,ba,ab,ab,ba,ab,ab,ab,ba,ab,ba,ba,ab,ab,ab,ab,ba,ba,ab,ba,ba,ba,ba,ba,ab,ba,ba,ba,ba,ab,ab,ba,ab,ab,ba,ba,aa,ab,ba,ba,ba,ab,ba,ba,ab,ba,ab,ba,ab,ba,ba,ab,ba,ba,ab,ab,ab,ba,ba,ba,ab,ab,ab,ba,ba,ab,ba,ba,ba,ab,ab,ab,ab,ab,ba,ba,ba,ab,ab,ba,ba,ba,ab,ab,ab,ab,ab,ab,ab,ab,ab,ab,ab,ab,ab,ba,ab,ab,ab,ba,ab,ab,ba,ba,ab,ba,ab,ab,ab,ba,ab,ba,ba,ab,ab,ba,ba,ba,ab,ab,ba,ab,ba,ba,ab,ba,ba,ba,ba,ab,ab,ba,ba,ba,ba,ab,ab,ba,ba,ba,ab,ba,ab,ab,ba,ab,ab,ab,ab,ba,aa,ba,ba,ba,ba,ba,ab,ba,ab,ab,-,ab,aa,ba,ba,ab,ab,ba,ba,ab,ba,ab,ba,ab,ab,ba,ab,ab,ba,ac,ab,ba,ba,ba,ba,ab,ab,ab,ba,ba,ab,ba,ab,ab,ab,ba,ba,ab,ba,ab,ba,ab,ab,ba,ba,ba,ab,ab,ab,ab,ba,ab,ab,ba,ab,ba,ba,ab,ab,ba,ab,ba,ba,ba,ab,ab,ab,ab,ba,ba,ab,ab,ba,ba,ba,ab,ab,ab,ab,ab,ab,ab,ab,ab,ab,ab,ba,ba,ba,ba,ba,ab,ba,ba,ba,ba,ba,ab,ab,ab,ab,ba,ba,ab,ba,ab,ba,ab,ab,ab,ab,ab,ab,ba,ab,ab,ab,ba,ba,ab,ba,ba,ba,ab,ab,ab,ab,ab,ab,ba,ab,ba,ba,ba,ab,ab,ab,ab,ba,ba,ba,ab,ab,ab,ba,ab,ab,ab,ba,ab,ab,ba,ba,ba,ba,ab,ba,ba,ab,ba,ab,ba,ab,ba,ab,ba,ba,ba,ab,ab,ab,ab,ab,ba,ba,ba,ba,ba,ba,ab,ba,ba,ba,ab,ab,ba,ab,ab,ba,ba,ab,ab,ba,ba,ba,ab,ab,ab,ab,ba,ab,ba,ab,ab,ba,ba,ba,ba,ba,ab,ab,ab,ab,ba,ab,ab,ab,ba,ba,ba,ab,ab,ba,bb,ab,ab,ba,ab,ab,ab,ba,ab,ab,ba,ab,ab,ba,ba,ba,ba,ba,ab,ab,ab,ba,ba,ba,ba,ba,ab,ba,ab,ab,ba,ab,ab,ba,ab,ab,ba,ba,ba,ab,ab,ba,ab,ba,ab,ab,ab,ab,ab,ab,ba,ba,ab,ba,ab,ab,ba,ab,ab,ba,ab,ab,ba,ab,ab,ba,ab,ba,ba,ab,ba,ab,ba,ab,ba,ab,ba,ba,ba,ba,ab,ab,ab,ab,ba,ba,ab,ab,ab,ba,ab,ab,ba,ab,ba,ba,ab,ab,ba,ba,ab,ba,ab,ba,ba,ab,ba,ba,ab,ab,ab,ab,ab,ba,ba,ba,ab,ba,ba,ba,ab,ba,ba,ba,ab,ab,ab,ba,ba,ba,ab,ab,ba,ab,ab,ab,ab,ab,ab,ba,ba,ab,ab,ab,ab,ab,ba,ba,ba,ba,ab,ab,ba,ba,ba,ba,ab,ab,ab,ab,ba,ba,ab,ba,ba,ab,ba,ab,ab,ab,ba,ba,ab,ba,ba,ba,ba,bc,ba,ab,ab,ab,ba,ab,ab,ab,ba,ab,ab,ab,ab,ba,ab,ab,ba,ab,ba,ba,ab,ba,ba,ba,ba,ba,ba,ab,ab,ab,aa,ba,ab,ab,ab,ab,ab,ab,ba,ba,ba,bb,ab,ba,ab,ab,ab,ba,ba,ba,ba,ba,ba,ba,ba,ba,ab,ba,ab,ab,ab,ba,ba,ab,ab,ba,ba,ab,ab,ab,ab,ba,ab,ab,ba,ba,ba,ab,ab,ab,ab,ab,ba,ab,ab,ba,ab,ba,ba,ab,ba,ab,ab,ba,ab,ab,ba,ab,ba,ba,ba,ab,ab,ba,ab,ba,ab,ab,ba,ba,ab,ba,ba,ba,ba,ab,ab,ab,ab,ba,ab,ab,ba,ba,ab,ba,ba,ab,ab,ba,ab,ab,ba,ba,ab,ba,ba,ab,ab,ab,ba,ba,ab,ba,ba,ab,ba,ab,ba,ab,ba,ab,ab,ab,ab,ab,ba,ba,ab,ba,ba,ab,ab,ba,ab,ba,ab,ba,ba,ab,ab,ba,ab,ab,ba,ab,ab,ba,ab,ba,ab,ba,ab,ba,ab,ab,ab,ab,ba,ab,ab,ab,ab,ab,ba,ba,ba,ba,ab,ab,aa,ab,ba,ab,ab,ab,ab,ba,bb,ab,ba,ba,ba,ba,ba,ab,ba,ab,ba,ba,ba,ab,ba,ba,ab,ba,ba,ba,ba,ab,ba,ba,ba,ba,ab,ab,ab,ab,ba,ab,ba,ab,ab,ab,ab,ba,ab,ba,ab,ab,ab,ba,ba,ba,ba,ba,ba,ab,ba,ab,ab,ab,ba,ba,ba,ab,ba,ab,ba,ba,ba,ab,ba,ab,ba,ba,ba,ab,ab,ba,ab,ab,ba,ba,ba,ba,ba,ab,ab,ab,ba,ab,ab,ba,ba,ba,ba,ba,bb,ba,ba,ab,ba,ab,ab,ba,ba,ba,ab,ab,ba,ab,ab,ab,ba,ab,ba,ab,ba,ab,ab,ba,ab,ba,ba,ba,ba,ab,ab,ab,ba,ba,ab,ab,ab,ba,ba,ba,ba,ba,ab,ba,ab,ba,ab,ba,ab,ab,ab,ba,ab,ba,ba,ab,ab,ba,ab,ba,ba,ba,ba,ba,ab,ab,ba,ab,ab,ab,ab,ba,ab,ab,ba,ab,ab,ba,ab,ba,ba,ba,ba,ba,ab,ba,ba,ba,ab,ab,ba,ab,ab,ab,ba,ba,ab,ab,ba,ba,ba,ba,ba,ab,ab,ab,ab,ba,ba,ba,ba,ab,ba,ba,ab,ba,ab,ab,ab,ba,ab,ba,ba,ab,ba,ab,ab,ba,ab,bb,ab,ba,ab,ba,ba,ab,ba,ba,ab,ab,ab,ab,ab,ba,ab,ab,ba,ba,ab,ba,ba,ab,ab,ab,ba,ab,ba,ab,ba,ba,ab,ba,ba,ab,ba,ab,ba,ab,ba,ab,ab,ab,ba,ab,ba,ab,ab,ab,ba,ba,ab,ab,ab,ab,ab,ba,ba,ab,ba,ab,ba,ab,ab,ab,ab,ab,ab,ba,ab,ba,ab,ba,ba,ab,ab,ba,ab,ba,ab,ba,ab,ab,ab,ba,ab,ba,ba,ba,ba,ba,ba,ab,ab,ba,ab,ba,ab,ba,ab,ba,ba,ba,ab,ab,ab,ba,ab,ab,ba,ba,ba,aa,ba,ab,ab,ba,ba,ab,ab,ba,ab,ba,ba,ab,ba,ab,ba,ba,ba,ba,ba,ba,ba,ba,ab,ab,ab,ab,ab,ab,ab,ab,ab,ba,ab,ab,ba,ba,ab,ab,ab,ab,ab,ba,ab,ab,ba,ab,ba,ab,ba,ba,ab,ab,ab,ba,ba,ba,ab,ba,ba,ab,ba,ab,ab,ab,ba,ab,ba,ba,ab,ba,ab,ab,ba,ba,ba,ba,ba,ba,ba,ab,ba,ab,ab,ba,ba,ab,ba,ab,ba,ba,ba,ba,ab,ba,ab,ba,ba,ab,ba,ab,ab,ba,ba,ba,ba,ab,ab,ab,ba,ab,ba,ba,ba,ba,ba,ba,ab,ba,ba,ab,ba,ab,ab,ab,ba,ba,ba,ab,ba,ab,ab,ba,ba,ba,ab,ab,ab,ba,ab,ab,ab,ba,ba,ba,ab,ba,ba,ab,ba,ba,ab,ab,ba,ab,ba,ba,ba,ab,ba,ab,ab,ba,ab,ba,ba,ba,ab,ab,ba,ba,ba,ab,ab,ab,ba,ba,ab,ba,ba,ba,ba,ab,ab,ab,ba,ab,ab,ba,ab,ab,ab,ba,ab,ab,ab,ab,ab,ba,ba,ba,ba,ba,ab,ab,ab,ab,ab,ba,ba,ab,ba,ab,ab,ab,ab,ab,ab,ba,ab,ab,ba,ab,ab,ba,ba,ab,ab,ab,ba,ba,ba,ba,ab,ab,ba,ab,ba,ab,ba,ba,ba,ba,ba,ab,ab,ab,ab,ba,ba,ab,ab,ab,ab,ba,ba,ab,ba,ab,ba,ba,ba,ba,ba,ab,ab,ab,ab,ba,ab,ba,ba,ba,ab,ab,ba,ab,ab,ab,ba,ba,ba,ab,ba,ba,ab,ba,ab,ba,ab,ba,ba,ba,ba,ab,ba,ba,ab,ba,ba,ab,ab,ab,ba,ba,ba,ab,ab,ab,ab,ba,ba,ab,ab,ab,ab,ba,ab,ba,ba,ba,ab,ba,ab,ba,ba,ab,ba,ab,ab,ba,ba,ab,ba,ba,ba,ab,ab,ab,ba,ab,ab,ab,ab,ab,ba,ba,ba,ba,ab,ab,ba,ba,ba,ba,ba,ba,ba,ab,ba,ab,ba,ab,ab,ab,ab,ba,ba,ba,ba,ab,ba,ba,ab,ba,ba,ba,ab,ba,ba,ab,ba,ab,ab,ba,ab,ba,ab,ab,ab,ab,ba,ba,ba,ba,ba,ab,ab,ba,ab,ab,ba,ab,ba,ab,ab,ab,ab,ba,ab,ba,ab,ab,ba,ab,ba,ab,ab,ba,ba,ab,ab,ba,ab,ab,ba,ab,ab,ba,ab,ab,ba,ba,ab,ab,ba,ba,ba,ba,ba,ba,ab,ba,ab,ab,ba,ab,ab,ab,ba,ab,ba,ba,ba,ba,ba,ba,ab,ba,ba,ba,ba,ba,ab,ba,ab,ba,ab,ba,ab,ab,ab,ab,ab,ab,ba,ba,ab,ab,ab,ba,ab,ba,ba,ab,ba,ab,ab,ab,ba,ab,ba,ab,ba,ba,ba,ba,ab,ab,ba,ba,ba,ba,ab,ab,ba,ba,ba,ab,ab,ba,ab,ab,ab,ba,ba,ba,ab,ab,ba,ab,ab,ab,ab,ba,ba,ba,ab,ba,ba,ab,ba,ba,ba,ba,ab,ab,ab,ab,ba,ab,ba,ab,ba,ab,ba,ab,ab,ba,ba,ab,ba,ba,ab,ab,ab,ab,ab,ba,ab,ab,ab,ab,ba,ab,ba,ab,ba,ab,ab,ba,ab,ab,ba,ba,ab,ab,ba,ab,ab,ab,ba,ba,ba,ba,ab,ba,ba,ab,ba,ba,ba,ab,ab,ba,ba,ab,ab,ba,ba,ba,ba,ab,ab,ba,ab,ba,ba,ba,ba,ab,ba,ab,ab,ab,ab,ba,ab,ba,ab,ba,ab,ab,ba,ba,ab,ba,ba,ba,ab,ba,ba,ba,ba,ba,ba,ba,ab,ab,ab,ba,ab,ba,ba,ab,ab,ab,ba,ba,ab,ba,ab,ab,ab,ab,ba,ba,ab,ab,ba,ab,ab,ba,ba,ab,ba,ba,ba,ba,ba,ab,ab,ba,ba,ba,ab,ab,ab,ba,ab,ba,ab,ba,ab,ba,ab,ab,ba,ab,ab,ba,ab,ba,ab,ab,ba,ba,ba,ab,ba,ba,ba,ba,ba,ba,ba,ab,ab,ab,ab,ab,ba,ba,ab,ba,ba,ba,ab,ab,ba,ba,ba,ba,ab,ab,ba,ba,ab,ba,ab,ab,ab,ab,ba,ba,ab,ab,ba,ba,ba,ab,ba,ab,ab,ba,ab,ba,ba,ba,ab,ab,ba,ab,ab,ba,ab,ab,ab,ab,ab,ba,ab,ba,ba,ba,ab,ba,ba,ab,ab,ba,ab,ab,ab,ba,ba,ba,ab,ba,ba,ba,ab,ba,ba,ba,ab,ba,ba,ba,ab,ba,ba,ba,ab,ba,ba,ab,ab,ba,ab,ba,ab,ba,ab,ba,ba,ab,ba,ab,ba,ba,ab,ab,ab,ba,ba,ab,ba,ab,ba,ba,ab,ab,ab,ba,ab,ab,ab,ab,ab,ba,ab,ab,ab,ab,ba,ba,ab,ab,ab,ab,ab,ab,ab,ab,ab,ba,ba,ab,ba,ab,ba,ab,ab,ab,ba,ba,ba,ba,ab,ba,ba,ab,ba,ab,ab,ba,ab,ab,ba,ab,ab,ab,ba,ab,ab,ba,ab,ab,ba,ba,ab,ba,ba,ba,ba,ba,ab,ab,ba,ab,ab,ab,ab,ab,ba,ba,ba,ba,ba,ba,ba,ab,ba,ab,ba,ab,ab,ab,ba,ab,ab,ab,ab,ba,ab,ab,ba,ba,ab,ba,ab,ab,ba,ab,ba,ba,ab,ab,ba,ab,ba,ba,ba,ab,ab,ab,ba,ba,ba,ba,ba,ba,ab,ab,ab,ba,ba,ab,ba,ab,ab,ab,ab,ab,ba,ab,ba,ab,ba,ba,ab,ab,ba,ab,ab,ba,ba,ba,ab,ba,ba,ba,ba,ab,ab,ab,ab,ba,ba,ba,ba,ba,ba,ba,ba,ba,ba,ab,ab,ab,ab,ba,ab,ba,ba,ba,ba,ab,ab,ba,ba,ba,ba,ba,ab,ab,ba,ab,ab,ab,ba,ba,ab,ba,ba,ab,ab,ba,ba,ab,ab,ba,ba,ba,ab,ab,ab,ba,ba,ba,ba,ba,ba,ba,ba,ba,ab,ba,ba,ba,ab,ba,ba,ab,ab,ba,ba,ba,ba,ab,ab,ba,ba,ab,ba,ba,ba,ba,ab,ba,ba,ba,ab,ab,ba,ba,ba,ab,ba,ba,ab,ab,ba,ab,ba,ab,ba,ba,ba,ba,ba,ab,ab,ab,ba,ab,ab,ba,ba,ba,ba,ba,ba,ba,ba,ab,ba,ab,ba,ab,ba,ab,ba,ba,ba,ab,ba,ab,ab,ba,ba,ba,ba,ab,ba,ab,ba,ab,ab,ba,ab,ab,ab,ab,ba,ba,ab,bb,ab,ba,ba,ba,ba,ab,ab,ab,ba,ba,ab,ba,ab,ba,ba,ba,ab,ba,ab,ab,ba,ba,ba,ab,ba,ab,ab,ba,ab,ab,ba,ba,ba,ba,ab,bb,ab,ab,ba,ba,ba,ab,ba,ab,ab,ba,ba,ab,ba,ab,ab,ab,ab,ba,ba,ab,ba,ab,ba,ba,ab,ab,ba,ab,ba,ba,ba,ab,ba,ba,ab,ba,ba,ba,ba,ab,ba,ab,ba,ba,ab,ab,ba,ab,ab,ab,ab,ba,ba,ab,ab,ba,ba,ba,ab,ab,ba,ab,ab,ba,ba,ab,ab,ab,ba,ba,ba,ab,ab,ba,ab,ab,ba,ba,ab,ba,ab,ba,ba,ab,ba,ab,ab,ab,ba,ab,ba,ab,ab,ab,ba,ab,ba,ab,ba,ab,ab,ab,ba,ab,ab,ab,ba,ba,ab,ab,ba,ba,ba,ab,ba,ab,ba,ab,ba,ab,ba,ab,ba,ab,ba,ba,ab,ab,ba,ba,ab,ab,ab,ab,ba,ba,ab,ab,ba,ab,ab,ab,ba,ba,ab,ab,ba,ba,ab,ba,ba,ab,ab,ba,ab,ab,ab,ba,ab,ab,ba,ba,ab,ba,ba,ba,ab,ab,ba,ba,ba,ba,ba,ab,ba,ba,ba,ba,ba,ab,ab,ba,ba,ba,ba,ba,ba,ab,ba,ba,ba,ba,ab,ba,ba,ab,ba,ba,ab,ab,ab,ab,ab,ba,ab,ab,ab,ba,ab,ab,ba,ab,ba,ab,ab,ab,ab,ba,ba,ba,ab,ab,ba,ab,ab,ba,ab,ba,ba,ba,ab,ab,ba,ba,ab,ba,ab,ab,ba,ba,ab,ba,ab,ab,ba,ba,ba,ba,ab,ab,ab,ba,ab,ba,ab,ba,ba,ab,ba,ab,ba,ba,ab,ba,ab,ab,ba,ba,ab,ab,ab,ba,ba,ba,ab,ab,ba,ba,ab,ab,ba,ba,ba,ba,ba,ab,ba,ab,ba,ab,ba,ab,ab,ba,ba,ba,ab,ba,ab,ba,ab,ba,ab,ab,ab,ba,ab,ba,ba,ba,ab,ab,ab,ab,ab,ab,ab,ab,ab,ba,ba,ba,ab,ab,ba,ab,ab,ab,ab,ab,ba,ba,ab,ab,ab,ab,ab,ab,ab,ab,ab,ab,ab,ba,ba,ab,ba,ab,ab,ba,ab,ba,ba,ab,ab,ab,ab,ab,ab,ba,ab,ba,ab,ba,ab,ba,ba,ba,ba,ba,ab,ba,ab,ab,ab,ba,ab,ab,ba,ab,ab,ab,ba,ab,ba,ba,ab,ab,ba,ba,ab,ba,ab,ab,ab,ba,ab,ba,ab,ba,ab,ab,ba,ab,ba,ab,ab,ba,ab,ab,ba,ab,ab,ab,ba,ab,ab,ba,ab,ab,ab,ab,ba,ab,ba,ab,ba,ba,ba,ab,ba,ba,ab,ba,ba,ab,ab,ba,ab,ab,ab,ab,ba,ab,ab,ab,ab,ab,ba,ab,ba,ba,ab,ba,ba,ab,ab,ba,ab,ba,ba,ab,ab,ba,ab,ab,ba,ab,ba,ab,ab,ba,ab,ba,ba,ba,ba,ab,ba,ab,ab,ab,ba,ab,ba,ab,ba,ba,ba,ab,ab,ba,ab,ab,ab,ba,ab,ba,ba,ba,ba,ba,ba,ba,ab,ab,ab,ba,ab,ba,ab,ba,ba,ba,ba,ab,ab,ba,ba,ba,ab,ba,ab,ab,ab,ab,ab,ab,ab,ba,ba,ba,ab,ba,ab,ba,ba,ab,ab,ab,ba,ba,ab,ab,ab,ba,ab,ba,ba,ab,ba,ab,ab,ab,ba,ab,ba,ba,ba,ab,ab,ab,ba,ba,ab,ba,ab,ab,ab,ab,ba,ab,ba,ab,ab,ab,ab,ab,ba,ba,ba,ba,ba,ab,ab,ab,ab,ba,ba,ab,ab,ba,ab,ab,ba,ab,ba,ab,ab,ab,ba,ba,ab,ab,ba,ba,ab,ba,ab,ba,ab,ab,ab,ba,ba,ba,ba,ba,ba,ab,ab,ab,ba,ba,ab,ab,ba,ab,ba,ab,ba,ba,ab,ab,ba,ba,ab,ab,ba,ab,ba,ba,ba,ab,ab,ba,ba,ba,ba,ab,ab,ab,ab,ab,ab,ab,ab,ab,ba,ba,ba,ab,ab,ab,ab,ab,ab,ab,ab,ab,ab,ab,ab,ba,ab,ab,ba,ba,ba,ba,ba,ba,ba,ab,ba,ba,ba,ba,ab,ba,ab,ab,ba,ba,ba,ab,ba,ba,ab,ab,ab,ab,ba,ba,ba,ab,ab,ab,ba,ab,ba,ba,ab,ab,ba,ab,ba,ab,ab,ba,ba,ba,ab,ab,ab,ab,ba,ab,ba,ab,ab,ba,ab,ba,ba,ba,ba,ab,ba,ab,ba,ba,ba,ab,ba,ba,ba,ab,ba,ba,ba,ba,ba,ba,ab,ab,ab,ab,ab,ba,ba,ab,ba,ab,ab,ba,ba,ab,ba,ab,ab,ab,ab,ab,ba,ab,ab,ba,ab,ba,ab,ab,ba,ba,ba,ba,ba,ba,ab,ba,ba,ba,ab,ba,ab,ab,ba,ba,ab,ab,ba,ba,ba,ba,ba,ba,ab,ba,ba,ab,ba,ab,ab,ba,ab,ab,ab,ba,ba,ab,ab,ab,ba,ba,ab,ab,ba,ba,ba,ab,ba,ba,ab,ba,ab,ab,ab,ba,ab,ab,ba,ba,ab,ba,ab,ab,ab,ba,ba,ba,ab,ba,ba,ab,ba,ba,ab,ba,ba,ab,ba,ab,ba,ba,ab,ba,ab,ab,ab,ab,ab,ba,ab,ab,ab,ab,ba,ab,ab,ba,ab,ba,ba,ab,ba,ba,ab,ab,ab,ba,ab,ab,ab,ab,ab,ab,ba,ab,ab,ab,ba,ab,ab,ba,ab,ab,ba,ba,ba,ab,ab,ba,ab,ba,ab,ba,ba,ab,ab,ab,ba,ba,ba,ba,bb,bb,ba,ab,ba,ab,ab,ba,ba,ab,ab,ba,ba,ba,ba,ab,ba,ab,ab,ab,ab,ba,ab,ba,ba,ab,ba,ba,ba,ab,ba,ba,ab,ab,ab,ba,ab,ba,ab,ba,ab,ba,ba,ab,ba,ab,ab,ba,ab,ab,ba,ba,ba,ab,ba,ba,ab,ab,ab,ab,ba,ab,ba,ba,ba,ab,ab,ab,ab,ab,ab,ab,ba,ba,ab,ab,ba,ab,ab,ba,ba,ba,ab,ba,ab,ab,ba,ba,ba,ba,ba,ba,ba,ab,ba,ba,ab,ba,ab,ba,ab,ba,ba,ab,ba,ba,ba,ab,ab,ab,ab,ba,ab,ab,ba,ba,ba,ba,ba,ba,ba,ab,ab,ba,ab,bb,bb,bb,ba,ba,ba,ba,ab,ab,ba,ba,ab,ba,ba,ba,ab,ab,ab,ba,ab,ab,ba,ba,ab,ba,ab,ab,ab,ab,ba,ba,ba,ab,ab,ba,ab,ba,ba,ba,ab,ba,ab,ab,ab,ab,ba,ab,ba,ab,ba,ab,ba,ba,ba,ab,ab,ab,ab,ba,ab,ba,ba,ba,ba,ba,ba,ab,ba,ba,ab,ab,ab,ba,ba,ab,ab,ab,ab,ba,ba,ab,ab,ba,ab,ab,ab,ab,ab,ba,ba,ab,ab,ab,ab,ba,ba,ba,ba,ab,ab,ba,ba,ab,ba,ab,ab,ba,ab,ab,ab,ba,ba,ab,ab,ab,ba,ba,ab,ba,ba,ba,ab,ab,ab,ab,ab,ba,ba,ab,ab,ba,ba,ba,ba,ba,ab,ab,ab,ab,ab,ab,ab,ba,ba,ab,ab,ab,ba,ba,ba,ba,ba,ba,ab,ab,ab,ba,ab,ab,ab,ba,ba,ba,ba,ab,ba,ba,ab,ab,ba,ba,ab,ab,ba,ab,ba,ba,ab,ba,ab,ba,ab,ba,ba,ba,ab,ba,ba,ab,ba,ab,ab,ba,ab,ba,ba,ab,ba,ab,ab,ba,ba,ab,ba,ab,ba,ab,ab,ab,ab,ba,ba,ab,ab,ab,ba,ab,ab,ba,ab,ba,ba,ba,ba,ba,ba,ab,ba,ab,ba,ab,ba,ab,ab,ab,ba,ba,ab,ba,ba,ba,ba,ba,ab,ba,ab,ab,ab,ba,ba,ab,ab,ba,ba,ba,ab,ab,ab,ab,ba,ba,ba,ba,ab,ba,ba,ab,ab,ab,ba,ba,ab,ba,ab,ab,ba,ab,ba,ab,ba,ab,ba,ba,ab,ab,ba,ab,ab,ba,ba,ab,ba,ab,ba,ab,ba,ba,ab,ab,ba,ab,ab,ab,ab,ab,ba,ab,ab,ba,ba,ba,ba,ba,ab,ba,ab,ab,ba,ba,ba,ab,ab,ba,ab,ab,ab,ba,ab,ab,ab,ba,ba,ba,ba,ba,ab,ba,ba,ba,ba,ba,ab,ab,ba,ba,ab,ab,ab,ab,ba,ba,ba,ba,ab,ba,ba,ba,ba,ab,ba,ba,ba,ab,ba,ab,ba,ab,ba,ab,ba,ba,ab,ba,ab,ab,ba,ab,ba,ab,ab,ba,ba,ba,ba,ab,ba,ab,ab,ab,ba,ba,ba,ab,ab,ab,ab,ab,ab,ab,ab,ba,ab,ab,ba,ba,ba,ab,ba,ba,ba,ba,ab,ba,ab,ab,ab,ab,ab,ab,ab,ab,ab,ab,ab,ab,ba,ba,ba,ab,ab,ab,ab,ba,ab,ab,ba,ab,ab,ab,ba,ab,ab,ba,ab,ab,ab,ab,ab,ba,ab,ab,ba,ba,ba,ab,ba,ab,ab,ab,ba,ba,ab,ba,ab,ba,ba,ba,ab,ba,ab,ab,ab,ab,ab,ab,ab,ba,ba,ab,ab,ab,ab,ab,ba,ba,ba,ba,ab,ba,ba,ba,ab,ba,ba,ab,ab,ba,ab,ba,ab,ab,ab,ab,ab,ba,ab,ab,ba,ba,ba,ba,ba,ba,ba,ab,ab,ab,ba,ab,ab,ba,ab,ab,ab,ba,ab,ab,ba,ba,ba,ab,ab,ba,ab,ba,ba,ab,ab,ab,ba,ba,ab,ba,ab,ab,ab,ab,ab,ab,ba,ab,ba,ba,ba,ba,ba,ab,ab,ba,ba,ab,ba,ab,ab,ba,ba,ba,ba,ab,ab,ab,ab,ba,ab,ba,ba,ba,ba,ab,ba,ab,ba,ba,ab,ab,ba,ba,ba,ba,ba,ab,ab,ba,ab,ab,ab,ab,ab,ab,ab,ba,ab,ba,ba,ab,ab,ba,ab,ba,ab,ba,ba,ba,ab,ba,ba,ba,ab,ba,ba,ba,ab,ab,ba,ab,ab,ab,ba,ba,ab,ab,ab,ba,ba,ab,ba,ba,ba,ab,ab,ab,ba,ab,ab,ab,ab,ba,ba,ba,ba,ab,ba,ab,ab,ba,ab,ab,ba,ba,ab,ba,ba,ba,ba,ab,ba,ab,ab,ab,ba,ab,ab,ba,ba,ab,ba,ab,ba,ab,ba,ba,ab,ab,ba,ab,ba,ab,ba,ba,ba,ba,ab,ba,ba,ab,ab,ba,ba,ab,ab,ab,ab,ab,ba,ab,ab,ba,ab,ab,ab,ba,ab,ba,ba,ba,ab,ab,ba,ba,ab,ba,ab,ba,ab,ba,ba,ba,ba,ba,ab,ab,ba,ba,ba,ba,ba,ba,ba,ab,ab,ab,ba,ab,ba,ba,ab,ba,ba,ba,ab,ba,ba,ab,ba,ba,ab,ba,ba,ba,ab,ab,ab,ba,ba,ab,ba,ab,ba,ba,ab,ba,ba,ba,ba,ab,ba,ba,ba,ab,ba,ab,ab,ba,ab,ba,ab,ba,ab,ba,ba,ba,ab,ba,ab,ba,ba,ab,ab,ab,ab,ba,ab,ba,ab,ba,ab,ab,ab,ba,ba,ab,ab,ba,ba,ba,ab,ba,ab,ab,ab,ab,ab,ba,ba,ab,ba,ba,ba,ba,ba,ba,ba,ab,ba,ba,ab,ba,ba,ab,ba,ba,ab,ba,ab,ba,ba,ab,ab,ba,ab,ba,ab,ab,ba,ba,ab,ab,ba,ba,ba,ba,ab,ba,ba,ba,ab,ab,ba,ab,ab,ba,ab,ab,ba,ba,ba,ba,ba,ba,ab,ab,ab,ba,ba,ba,ab,ab,ba,ba,ba,ba,ba,ba,ab,ab,ab,ab,bb,ba,ab,ab,ba,ab,ba,ab,ab,ab,ba,ab,ab,ba,ab,ba,ba,ba,ba,ab,ab,ab,ba,ba,ba,ba,ab,ab,ab,ba,ab,ab,ba,ba,ba,ab,ba,ab,ba,ab,ba,ba,ab,ba,ba,ba,ba,ab,ab,ab,ba,ab,ba,ba,ab,ab,ab,ba,ab,ab,ba,ba,ba,ba,ab,ba,ab,ab,ab,ab,ab,ba,ba,ba,ab,ba,ba,ab,ba,ab,ba,ab,ab,ab,ab,ba,ba,ab,ba,ba,ba,ba,ba,ba,ab,ba,ba,ba,ab,ba,ab,ab,ba,ab,ba,ab,ab,ab,ba,ba,ba,ba,ab,ba,ba,ab,ab,ba,ab,ba,ab,ba,ab,ba,ba,ab,ab,ba,ab,ba,ba,ab,ba,ba,ab,ba,ba,ab,ab,ba,ba,ba,ba,ab,ba,ba,ba,ba,ab,ab,ab,ba,ba,ba,ba,ab,ba,ab,ab,ab,ab,ba,ba,ab,ab,ab,ab,ba,ab,ba,ba,ab,ab,ab,ab,ab,ab,ab,ab,ab,ab,ba,ab,ba,ab,ba,ba,ab,ab,ba,ab,ab,ab,ba,ab,ab,ab,ab,ab,ab,ab,ab,ba,ab,ba,ba,ab,ab,ab,ab,ba,ba,ab,ab,ba,ab,ab,ba,ba,ba,ab,ab,ab,ba,ab,ab,ba,ba,ab,ba,ba,ab,ba,ab,ab,ab,ab,ab,ba,ba,ab,ab,ab,ab,ba,ab,ab,ba,ab,ba,ba,ab,ab,ba,ba,ab,ab,ba,ba,ab,ab,ab,ab,ab,ba,ab,ab,ba,ba,ba,ba,ab,ba,ba,ba,ba,ab,ba,ba,ab,ab,ba,ab,ab,ba,ab,ba,ab,ab,ba,ab,ba,ba,ab,ab,ab,ba,ba,ba,ba,ab,ba,ba,ab,ba,ab,ab,ba,ba,ba,ba,ab,ba,ba,ba,ba,ba,ba,ba,ba,ba,ba,ba,ba,ba,ba,ab,ab,ab,ab,ba,ab,ab,ab,ab,ab,ba,ba,ba,ba,ab,ba,ab,ab,ba,ba,ba,ba,ba,ab,ab,ab,ab,ba,ab,ba,ba,ba,ab,ba,ab,ab,ab,ab,ba,ab,ab,ab,ab,ab,ba,ab,ab,ba,ab,ba,ab,ba,ba,ba,ab,ba,ba,ba,ba,ba,ab,ba,ab,ba,ba,ab,ab,ab,ab,ba,ab,ab,ba,ba,ba,ab,ab,ba,ba,ba,ab,ba,ab,ba,ab,ba,ba,ba,ab,ab,ba,ba,ba,ba,ba,ba,ba,ab,ba,ba,ba,ba,ba,ab,ba,ab,ab
MAY158.GT,bb,ba,ba,ba,ba,ba,ab,ab,ba,ab,ab,ba,ab,ba,ba,ab,ab,ab,ba,ba,ab,ba,ba,ab,ab,ba,ab,ab,ab,ab,ab,ab,ab,ab,ba,ba,ab,ab,ba,ab,ab,ba,ba,ba,ba,ab,ab,ab,ba,ba,ba,ab,ab,ba,ba,ba,ba,ba,ba,ab,ba,ba,ba,ab,ba,ab,ba,ba,ba,ba,ba,ab,ba,ab,ab,ab,ba,ab,ab,ba,ba,ba,ba,ab,ab,ab,ab,ba,ba,ab,ab,ba,ab,ba,ba,ab,ab,ba,ab,ab,ab,ba,ba,ab,ba,ba,ba,ab,ba,ab,ab,ab,ab,ab,ba,ba,ab,ba,ba,ba,ab,ba,ba,ab,ba,ab,ab,ba,ab,ab,ba,ab,ab,ba,ab,ab,ba,ab,ab,ba,ba,ab,ba,ab,ab,ba,ab,ba,ba,ba,ba,ab,ab,ab,ba,ba,ba,ba,ab,ba,ab,ba,ba,ab,ba,ab,ba,ba,ba,ab,ba,ba,ba,ab,ab,ba,ba,ba,ba,ab,ba,ba,ba,ab,ba,ba,ab,ba,ab,ab,ba,ab,ab,ab,ab,ab,ba,ab,ab,ba,ab,ba,ab,ab,ab,ab,ba,ab,ab,ba,ba,ab,ab,ba,ab,ab,ba,ba,ba,ab,ba,ba,ab,ab,ab,ba,ba,ab,ab,ba,ab,ba,ab,ba,ab,ab,ba,ab,ba,ab,ab,ab,ab,ab,ba,ab,ab,ab,ba,ba,ba,ba,ba,ab,ba,ba,ba,ba,ab,ab,ab,ab,ab,ba,ab,ab,ba,ba,ba,ba,ba,ba,ba,ab,ab,ba,ab,ab,ba,ba,ab,ba,ab,ba,ba,ab,ab,ba,ba,ab,ba,ba,ba,ba,ba,ba,ab,ab,ba,ba,ba,ab,ba,ba,ba,ab,ab,ab,ba,ab,ab,ab,ba,ba,ab,ab,ba,ab,ba,ab,ba,ab,ab,ab,ba,ab,ba,ba,ba,ab,ba,ba,ba,ba,ab,ba,ab,ab,ba,ba,ba,ba,ba,ba,ab,ab,ab,ba,ba,ab,ba,ba,ba,ab,ba,ab,ab,ab,ba,ba,ab,ba,ab,ab,ab,ab,ab,ab,ab,ab,ab,ba,ba,ab,ab,ab,ab,ba,ba,ba,ba,ab,ab,ab,ba,ba,ba,ba,ba,ba,ba,ab,ab,ba,ab,ba,ba,ba,ab,ba,ab,ba,ba,ba,ba,ab,ab,ab,ab,ba,ba,ab,ba,ba,ab,ab,ab,ba,ab,ab,ba,ba,ba,ba,ab,ab,ab,ab,ba,ab,ba,ba,ba,ba,ba,ba,ba,ab,ab,ba,ab,ab,ba,ba,ba,ab,ba,ab,ab,ba,ba,ba,ba,ba,ba,ba,ba,ab,ab,ab,ba,ab,ab,ab,ba,ab,ba,ab,ba,ab,ab,ba,ba,ab,ba,ba,ba,ab,ba,ba,ba,ab,ab,ba,ba,ba,ab,ab,ba,ab,ba,ab,ba,ba,ba,ba,ba,ab,ba,ba,ab,ba,ba,ba,ba,ab,ba,ba,ba,ba,ba,ba,ba,ab,ab,ab,ba,ab,ba,ab,ba,ab,ab,ba,ab,ab,ba,ab,ab,ab,ab,ba,ab,ba,ba,ab,ab,ab,ab,ba,ba,ab,ba,ba,ba,ab,ab,ab,ab,ba,ab,ba,ab,ab,ab,ba,ba,ab,ab,ba,ba,ba,ba,ab,ab,ba,ab,ab,ba,ba,ab,ab,ba,ba,ba,ab,ab,ba,ba,ba,ab,ba,ab,ab,ba,ba,ba,ba,ab,ba,ba,ba,ab,ab,ba,ab,ab,ba,ba,ba,ba,ab,ab,ba,ba,ba,ba,ab,ab,ba,ab,ab,ab,ab,ba,ab,ba,ab,ba,ba,ba,ba,ab,ab,ba,ba,ab,ba,ab,ab,ab,ba,ab,ab,ab,ba,ba,ab,ab,ba,ba,ab,ba,ba,ab,ba,ab,ba,ab,ba,ba,ab,ba,ba,ab,ab,ab,ab,ab,ab,ba,ba,ab,ba,ba,ba,ba,ba,ba,ba,ab,ba,ab,ba,ba,ab,ba,ab,ab,ba,ab,ba,ab,ab,ab,ba,ba,ba,ba,ba,ab,ab,ba,ba,ba,ba,ab,ab,ab,ba,ab,ab,ba,ab,ba,ba,ab,ab,ba,ab,ab,ab,ba,ba,ab,ba,ab,ba,ab,ba,ba,ba,ab,ab,ab,ba,ba,ba,ab,ab,ba,ab,ba,ab,ba,ab,ba,ba,ab,ba,ba,ab,ab,ba,ba,ab,ba,ab,ba,ba,ab,ba,ba,ab,ba,ba,ba,ab,ab,ba,ab,ab,ba,ba,ab,ab,ab,ab,ba,ba,ab,ba,ab,ba,ba,ba,ab,ab,ba,ba,ba,ba,ab,ab,ab,ab,ba,ab,ba,ab,ba,ab,ba,ab,ab,ba,ba,ab,ab,ab,ab,ab,ab,ab,ab,ab,ba,ba,ba,ab,ba,ab,ba,ba,ab,ab,ab,ab,ba,ba,ab,ab,ba,ab,ab,ab,ab,ba,ab,ba,ba,ba,ab,ab,ab,ba,ba,ba,ba,ba,ba,ba,ab,ab,ba,ba,ab,ba,ab,ab,ab,ba,ab,ba,ab,ba,ba,ab,ab,ab,ab,ba,ab,ba,ab,ab,ab,ab,ba,ba,ab,ab,ab,ab,ab,ab,ba,ba,ab,ba,ab,ab,ba,ab,ab,ab,ba,ba,ab,ab,ab,ab,ab,ba,ab,ab,ba,ab,ba,ba,ab,ba,ba,ba,ba,ab,ab,ba,ab,ba,ab,ab,ba,ab,ab,ab,ba,ba,ba,ba,ba,ba,ab,ba,ba,ab,ab,ab,ab,ab,ab,ba,ba,ab,ba,ba,ba,ab,ab,ab,ba,ba,ab,ba,ab,ba,ba,ba,ab,ba,ab,ba,ab,ab,ba,ab,ab,ba,ba,ba,ba,ba,ba,ab,ba,ba,ab,ab,ba,ba,ba,ba,ba,ba,ab,ab,ba,ab,ba,ab,ba,ba,ba,ab,ba,ba,ab,ab,ba,ab,ab,ab,ba,ab,ba,ab,ba,ab,ab,ba,ba,ba,ab,ba,ab,ab,ba,ab,ab,ba,ba,ba,ba,ab,ba,ab,ab,ba,ab,ab,ba,ab,ab,ba,ab,ba,ba,ab,ba,ab,ab,ba,ba,ab,ab,ab,ab,ab,ab,ab,ba,ba,ab,ba,ab,ba,ab,ab,ba,ab,ab,ab,ba,ab,ba,ab,ba,ab,ab,ba,ba,ab,ab,bb,ab,ab,ba,ba,ba,ba,ab,ab,ab,ba,ab,ba,ab,ba,ba,ba,ab,ba,ba,ba,ab,ab,ba,ba,ab,ab,ba,ab,ba,ab,ab,ba,ba,ab,ba,ba,ab,ab,ab,ba,ba,ab,ba,ba,ba,ba,ab,ba,ab,ab,ab,ab,ba,ab,ab,ab,ab,ab,ab,ab,ab,ab,ab,ab,ab,ba,ba,ba,ab,ba,ba,ba,ab,ba,ba,ba,ba,ab,ba,ba,ab,ba,ba,ab,ab,ab,ab,ba,ba,ba,ba,ab,ba,ba,ba,ba,ab,ba,ba,ab,ba,ba,ba,ba,ba,ba,ab,ba,ba,ba,ab,ab,ba,ba,ab,ba,ba,ab,ba,ab,ab,ba,ba,ba,ba,ba,ba,ba,ba,ba,ba,ab,ab,ba,ba,ab,ab,ab,ab,ab,ab,ba,bb,ba,ba,ab,ba,ab,ba,ab,ab,ba,ba,ba,ab,ba,ba,ba,ab,ab,ab,ab,ba,ab,ab,ab,ba,ba,ba,ba,ba,ab,ba,ab,ba,ab,ba,ab,ba,ab,ba,ab,ab,ab,ab,ab,ba,ba,ab,ab,ba,ab,ab,ba,ba,ab,ba,ba,ab,ba,ba,ba,ab,ab,ab,ba,ba,ba,ba,ab,ab,ab,ba,ba,ba,ba,ba,ab,ba,ba,ab,ba,ba,ab,ba,ba,ba,ba,ab,ab,ab,ba,ab,ba,ab,ba,ab,ba,ab,ab,ab,ba,ba,ba,ba,ba,ab,ab,ab,ba,ab,ab,ba,ab,ba,ab,ab,ba,ba,ab,ab,ba,ba,ab,ba,bb,ab,ba,ba,ab,ab,ba,ba,ab,ba,ab,ba,ab,ab,ba,ab,ab,ab,ab,ab,ba,ab,ab,ba,ba,ab,ab,ab,ab,ba,ab,ab,ab,ba,ba,ba,ba,ba,ab,ba,ab,ba,ab,ab,ba,ab,ab,ab,ba,ab,ba,ba,ab,ba,ba,ab,ba,ab,ba,ab,ab,ab,ab,ba,ab,ba,ba,ab,ab,ab,ba,ab,ab,ab,ba,ab,ab,ab,ba,ab,ba,ab,ab,ab,ba,ab,ba,ab,ba,ba,ab,ab,ab,ba,ba,ba,ba,ba,ba,ab,ab,ab,ab,ab,ab,ba,ab,ba,ba,ba,ab,ba,ab,ba,ba,ab,ab,ab,ba,ab,ba,ab,ab,ab,ba,ba,ba,ab,ab,ab,ba,ab,ba,ba,ba,ab,ab,ab,ba,ab,ba,ab,ab,ab,ab,ab,ba,ba,ba,ba,ba,ba,ab,ba,ab,ab,ba,ba,ab,ab,ba,ab,ba,ab,ba,ba,ab,ab,ab,ab,ba,ab,ba,ab,ba,ab,ab,ab,ab,ba,ba,ab,ba,ab,ba,ab,ba,ba,ba,ab,ab,ab,ba,ba,ba,ab,ba,ba,ba,ab,ba,ba,ba,ba,ab,ab,ab,ab,ab,ba,ba,ab,ab,ba,ab,ba,ba,ba,ba,ba,ab,ba,ab,ab,ba,ba,ba,ba,ab,ab,ba,ab,ba,ab,ab,ab,ba,ba,ab,ab,ba,ab,ab,ba,ba,ba,ba,ab,ab,ab,ba,ab,ab,ba,ba,ba,ab,ab,ba,ab,ba,ab,ab,ab,ba,ba,ab,ab,ba,ab,ab,ba,ba,ab,ab,ba,ab,ba,ba,ab,ab,ba,ba,ba,ab,ba,ab,ba,ba,ab,ab,ab,ba,ba,ab,ba,ab,ab,ab,ba,ab,ab,ab,ab,ab,ba,ba,ab,ab,ba,ba,ba,ba,ab,ab,ab,ba,ba,ab,ba,ba,ba,ba,ab,ba,ba,ab,ba,ba,ba,ab,ba,ab,ba,ab,ab,ba,ba,ab,ba,ba,ba,ab,ba,ab,ab,ab,ab,ab,ab,ba,ba,ba,ba,ab,ab,ab,ba,ab,ba,ba,ba,ba,ab,ba,ab,ba,ab,ba,ba,ba,ab,ba,ab,ab,ab,ab,ab,ba,ab,ab,ba,ba,ba,ba,ab,ba,ab,ba,ba,ba,ba,ba,ba,ba,ab,ab,ab,ba,ab,ab,ba,ba,ab,ba,ba,ab,ab,ab,ba,ba,ab,ab,ab,ab,ba,ab,ab,ba,ab,ab,ab,ab,ab,ba,ab,ba,ba,ab,ba,ab,ba,ab,ab,ab,ba,ab,ab,ab,ba,ab,ab,ab,ba,ab,ab,ab,ab,ab,ab,ab,ba,ba,ba,ab,ab,ba,ab,ba,ab,ab,ab,ab,ab,ab,ba,ab,ba,ab,ab,ab,ba,ba,ab,ab,ba,ab,ab,ba,ba,ba,ba,ba,ab,ab,ba,ba,ba,ba,ba,ab,ab,ba,ba,ab,ab,ba,ba,ab,ba,ba,ba,ba,ab,ab,ba,ab,ab,ba,ab,ba,ab,ab,ab,ab,ba,ab,ba,ba,ba,ba,ba,ab,ba,ba,ab,ba,ab,ab,ba,ab,ab,ab,ba,ab,ab,ba,ab,ba,ba,ba,ba,ab,ab,ab,ba,ab,ba,ba,ba,ab,ab,ba,ab,ab,ba,ba,ba,ba,ba,ab,ab,ba,ab,ab,ab,ab,ab,ab,ba,ba,ba,ab,ab,bb,aa,ab,ba,ba,ba,ba,ba,ab,ab,ba,ab,ba,ba,ab,ab,ab,ba,ab,ba,ba,ab,ba,ba,ab,ba,ba,ba,ba,ba,ba,ba,ab,ba,ba,ba,ba,ba,ab,ab,ab,ba,ba,ba,ab,ab,ab,ab,ab,ba,ab,ba,ab,ab,ba,ab,ba,ba,ba,ba,ab,ab,ba,ab,ba,ab,ab,ab,ab,ba,ba,ba,ba,ab,ba,ba,ab,ab,ba,ab,ba,ab,ba,ba,ab,ab,ab,ba,ab,ba,ab,ba,ab,ab,ab,ab,ab,ba,ab,ba,ab,ab,ab,ba,ab,ba,ba,ba,ba,ab,ab,ba,ab,ba,ba,ab,ab,ab,ba,ba,ba,ab,ab,ab,ab,ab,ba,ab,ab,ab,ab,ab,ab,ab,ab,ba,ab,ba,ba,ab,ba,ba,ba,ab,ba,ba,ba,ab,ba,ba,ba,ba,ba,ba,ab,ba,ab,ab,ab,ab,ba,ab,ba,ba,ba,ba,ab,ba,ab,ab,ab,ab,ab,ab,ba,ba,ab,ab,ab,ba,ab,ba,ab,ba,ab,ab,ba,ba,ba,ba,ab,ab,ab,ab,ab,ba,ba,ba,ba,ba,ab,ba,ab,ab,ba,ba,ba,ab,ba,ab,ab,ba,ba,ab,ab,ab,ab,ab,ab,ab,ab,ab,ab,ba,ab,ba,ab,ab,ab,ab,ab,ba,ba,ab,ba,ba,ab,ab,ab,ab,ba,ba,ba,ab,ba,ba,ba,ba,ab,ab,ba,ba,ab,ab,ba,ba,ba,ab,ab,ab,ab,ab,ab,ba,ba,ba,ba,ba,ab,ab,ba,ba,ab,ab,ba,ba,ba,ba,ab,ab,ba,ab,aa,ba,ba,ab,ba,ab,ba,ab,ba,ab,ba,ab,ab,ab,ba,ab,ba,ab,ab,ba,ba,ab,ba,ba,ba,ab,ab,ba,ba,ab,ba,ab,ba,ab,ab,ba,ba,ab,ba,ab,ab,ba,ab,ab,ba,ba,ab,ba,ab,ba,ba,ba,ab,ab,ab,ab,ba,ba,ba,ab,ba,ba,ba,ba,ba,ba,ba,ab,ab,ba,ba,ba,ba,ab,ba,ba,ab,ab,ab,ab,ab,ab,ba,ba,ba,ab,ba,ba,ab,ba,ba,ab,ab,ab,ab,ab,ba,ba,ab,ba,ba,ab,ab,ba,ab,ba,ab,ab,ab,ab,ba,ba,ab,ba,ba,ba,ab,ab,ba,ba,ab,ba,ab,ab,ba,ab,ab,ab,ab,ab,ba,ab,ba,ba,ba,ba,ab,ba,ba,ba,ba,ab,ba,ba,ab,ab,ab,ab,ab,ba,ab,ab,ba,ab,ba,ba,ba,ba,ab,ab,ba,ab,ab,ab,ab,ba,ba,ab,ba,ab,ab,ab,ba,ba,ba,ab,ab,ab,ba,ba,ab,ab,ba,ab,ba,ba,ba,ba,ba,ba,ba,ab,ba,ba,ba,ba,ab,ba,ab,ba,ab,ab,ab,ab,ba,ab,ba,ba,ab,ba,ba,ab,ba,ba,ba,ba,ba,ab,ba,ab,ab,ab,ba,ba,ab,ba,ba,ab,ab,ab,ab,ab,ab,ba,ba,ab,ba,ba,ba,ba,ba,ba,ba,ab,ab,ab,ab,ba,ba,ba,ab,ba,ab,ba,ab,ba,ab,ba,ab,ab,ba,ba,ab,ba,ab,ab,ba,ba,ab,ba,ab,ba,ba,ab,ab,ab,ab,ba,ab,ab,ab,ba,ba,ba,ba,ba,ba,ba,ba,ab,ba,ba,ba,ba,ab,ab,ab,ba,ab,ab,ab,ab,ab,ab,ba,ba,ab,ab,ab,ba,ba,ab,ab,ab,ab,ba,ab,ab,ba,ba,ba,ba,ab,ba,ba,ab,ba,ab,ab,ba,ab,ab,ab,ab,ba,ab,ba,ba,ab,ba,ba,ba,ba,ba,ab,ab,ba,ab,ab,ab,ab,ab,ab,ba,ba,ab,ba,ab,ab,ba,ab,ba,ba,ab,ab,ab,ba,ba,ab,ba,ab,ab,ab,ba,ba,ba,ab,ba,ab,ab,ba,ba,ba,ba,ab,ba,ba,ba,ab,ab,ba,ab,ba,ba,ab,ab,ba,ab,ab,ab,ab,ab,ba,ba,ab,ab,ba,ab,ab,ba,ab,ba,ab,ba,ba,ba,bb,aa,ab,ba,ab,ba,ba,ab,ab,ba,ab,ba,ab,ba,ba,ab,ab,ab,ab,ab,ab,ab,ba,ab,ba,ab,ab,bb,ba,ba,ab,ba,ba,ba,ab,ab,ba,ab,ab,ba,ab,ba,ba,ba,ba,ab,ab,ba,ba,ba,ab,ab,ba,ab,ba,ba,ab,ba,ba,ab,ab,ba,ba,ab,ba,ab,ba,ba,ba,ba,ba,ba,bb,ba,ba,ab,ab,ab,ab,ab,ab,ab,ba,ba,ab,ab,ba,ba,ba,ba,ba,ba,ba,ba,ba,ab,ab,ba,ba,ba,ab,ab,ba,ba,ab,ab,ab,ba,ba,ab,ab,ab,ab,ba,ab,ab,ab,ba,ab,ba,ab,ba,ba,ab,ba,ab,ba,ab,ab,ba,ab,ab,ab,ab,ab,ba,ba,ba,ab,ab,ab,ba,ba,ba,ab,ab,ab,ab,ab,ab,ba,ba,ba,ba,ab,ab,ab,ba,ba,ba,ab,ba,ba,ab,ba,ab,ab,ab,ab,ab,ab,ab,ba,ab,ba,ab,ba,ba,ab,ba,ab,ba,ba,ba,ab,ab,ab,ab,ab,ba,ab,ba,ba,ba,ab,ba,ab,ba,ba,ab,ab,ba,ba,ba,ba,ab,ab,ba,ab,ab,ba,ab,ba,ab,ab,ab,ba,ab,ab,ab,ba,ab,ab,ba,ba,ba,ba,ab,ab,ba,ab,ba,ba,ab,ab,ab,ab,ab,ba,ba,ab,ba,ba,ab,ab,ab,ba,ba,ba,ab,ba,ba,ba,ba,ab,ba,ba,ba,ab,ba,ba,ab,ab,ba,ba,ab,ab,ba,ab,ba,ba,ab,ab,ab,ab,ab,ab,ab,ba,ba,ba,ba,ba,ba,ab,ab,ba,ba,ba,ab,ab,ba,ba,ba,ba,ba,ba,ab,ba,ab,ab,ab,ba,ab,ab,ab,ab,ba,ab,ba,ab,ba,ba,ab,ba,ba,ab,ab,ba,ab,ba,ba,ba,ba,ba,ba,ab,ba,ba,ba,ba,ba,ba,ba,ab,ba,ba,ba,ab,ba,ba,ab,ab,ab,ab,ab,ba,ab,ab,ab,ab,ab,ab,ab,ba,ba,ab,ba,ba,ba,ba,ba,ab,ab,ab,ba,ba,ab,ab,ab,ab,ab,ba,ba,ab,ba,ab,ab,ba,ab,ba,ab,ab,ab,ba,ba,ab,ab,ba,ba,ba,ab,ab,ab,ab,ab,ba,ab,ba,ba,ba,ba,ab,ab,ab,ab,ab,ba,ba,ab,ba,ab,ab,ba,ba,ab,ab,ba,ba,ab,ba,ba,ab,ab,ab,ba,ab,ba,ba,ba,ab,ab,ab,ab,ba,ba,ba,ba,ab,ab,ba,ab,ab,ab,ab,ba,ab,ab,ab,ba,ab,ab,ab,ab,ab,ba,ba,ba,ba,ab,ba,ba,ab,ba,ab,ab,ab,ab,ba,ab,ba,ba,ba,ba,ab,ba,ab,ab,ab,ba,ba,ba,ab,ab,ab,ba,ba,ba,ba,ba,ab,ab,ab,ab,ba,ba,ab,ab,ba,ba,ba,ab,ab,ba,ab,ab,ab,ba,ba,ab,ab,ba,ba,ba,ab,ba,ab,ab,ba,ba,ba,ab,ba,ba,ab,ba,ba,ab,ba,ba,ab,ab,ab,ba,ba,ba,ba,ab,ab,ba,ab,ab,ba,ba,ab,ba,ba,ba,ab,ba,ab,ab,ba,ab,ba,ba,ab,ba,ba,ba,ba,ba,ba,ab,ba,ba,ab,ba,ba,ab,ab,ba,ba,ba,ab,ba,ba,ab,ab,ab,ba,ab,ba,ab,ab,ab,ab,ba,ba,ba,ba,ba,ab,ab,ba,ab,ab,ba,ab,ba,ab,ab,ba,ab,ab,ab,ab,ab,ab,ab,ab,ab,ba,ba,ba,ba,ab,ab,ba,ba,ab,ab,ba,ab,ab,ba,ba,ab,ab,ab,ab,ab,ab,ab,ba,ab,ba,ab,ba,ba,ba,ab,ab,ba,ab,ba,ba,ab,ba,ba,ab,ab,ab,ab,ba,ab,ba,ba,ab,ab,ba,ab,ba,ab,ba,ba,ab,ba,ba,ba,ab,ba,ab,ba,ba,ab,ba,ba,ba,ba,ab,ba,ab,ba,ab,ab,ab,ba,ba,ab,ba,ba,ab,ab,ba,ab,ba,ab,ba,ba,ab,ab,ab,ba,ab,ba,ab,ab,ba,ab,ab,ab,ab,ba,ab,ba,ab,ba,ab,ab,ba,ab,ab,ba,ba,ba,ba,ab,ab,ba,ba,ab,ab,ab,ab,ab,ba,ab,ab,ba,ab,ab,ab,ab,ba,ba,ab,ba,ba,ab,ab,ba,ab,ab,ba,ab,ba,ab,ab,ba,ba,ab,ab,ab,ab,ab,ba,ab,ba,ba,ab,ba,ba,ba,ba,ba,ba,ba,ba,ab,ab,bb,ab,ab,ab,ba,ab,ab,ab,ab,ba,ab,ab,bb,bb,bb,aa,bb,bb,ab,ab,bb,ba,ba,ab,ab,ab,ba,ba,ba,ba,ba,ab,ba,ba,ba,ab,ab,ab,ab,ab,ab,ba,ba,ab,ab,ba,ba,ab,ab,ba,ab,ab,ba,ba,ab,ab,ba,ab,ba,ab,ab,ab,ba,ba,ab,ab,ab,ab,ba,ba,ba,ab,ba,ab,ba,ba,ba,ab,ba,ab,ab,ab,ba,ab,ba,ba,ab,ab,ba,ab,ba,ba,ab,ab,ba,ab,ab,ba,ab,ba,ba,ba,ba,ba,ba,ab,ab,ba,ba,ba,ab,ba,ba,ab,ab,ab,ba,ab,ba,ab,ab,ba,ba,ba,ba,ba,ab,ab,ba,ab,ba,ab,ab,ba,ba,ab,ba,ba,ab,ab,ab,ba,ba,ab,ba,ab,ab,ab,ba,ab,ba,ab,ab,ba,ab,ab,ab,ab,ab,ba,ab,ab,ab,ab,ba,ab,ba,ba,ba,ab,ba,ab,ba,ab,ab,ab,ab,ba,ba,ba,ab,ab,ba,ba,ba,ab,ba,ba,ab,ab,ab,ab,ba,ba,ab,ab,ba,ab,ab,ba,ba,ba,ab,ba,ab,ab,ab,ba,ba,ba,ba,ab,ab,ba,ba,ba,ab,ab,ba,ab,ba,ab,ab,ab,ba,ba,ba,ba,ba,ba,ab,ab,ab,ba,ab,ab,ba,ab,ba,ba,ab,ba,ab,ba,aa,bb,ab,ab,ab,ab,ba,ab,ab,ab,ab,ab,ba,ab,ab,ba,ba,ab,ba,ab,ab,ba,ba,ab,ab,ab,ab,ba,ba,ab,ab,ab,ab,ab,ab,ba,ab,ba,ba,ba,ab,ba,ab,ba,ba,ba,ba,ba,ab,ab,ba,ba,ba,ba,ba,ab,ba,ab,ab,ab,ba,ab,ba,ab,ba,ab,ba,ab,ba,ab,ba,ab,ba,ba,ba,ab,ab,ba,ba,ab,ba,ab,ab,ab,ab,ba,ab,ba,ba,ab,ba,ab,ba,ba,ab,ba,ab,ba,ab,ba,ba,ab,ab,ab,ba,ab,ab,ab,ab,ba,ab,ba,ba,ba,ab,ba,ba,ab,ba,ba,ba,ba,ab,ba,ab,ba,ab,ba,ba,ba,ba,ab,ba,ba,ab,ab,ab,ba,ba,ba,ba,ba,ab,ab,ba,ba,ab,ba,ba,ab,ba,ba,ba,ba,ab,ba,ba,ab,ba,ba,ab,ab,ba,ba,ba,ab,ab,ab,ba,ab,ba,ba,ba,ab,ba,ab,ab,ab,ba,ab,ab,ba,ba,ab,ba,ba,ab,ab,ba,ab,ba,ba,ab,ba,ab,ba,ab,ab,ba,ba,ba,ba,ba,ab,ab,ba,ba,ba,ab,ab,ba,ab,ba,ba,ba,ba,ba,ab,ba,ba,ab,ab,ab,ba,ab,ba,ba,ba,ab,ab,ab,ba,ab,ab,ab,ba,ab,ba,ab,ca,ba,ab,ba,ab,ab,ba,ba,ba,ab,ab,ba,ba,ba,ba,ab,ba,ab,ba,ab,ab,ba,ba,ab,ba,ba,ab,ab,ba,ba,ab,ab,ab,ab,ab,ba,ba,ba,ab,ba,ab,ba,ba,ab,ba,ba,ba,ab,ba,ab,ab,ab,ab,ab,ba,ba,ba,ba,ab,ba,ab,ab,ab,ab,ab,ba,ba,ab,ba,ba,ab,ab,ba,ab,ab,ba,ab,ab,ab,ab,ba,ba,ab,ab,ba,ba,ab,ab,ab,ba,ba,ab,ab,ab,ba,ab,ba,ba,ab,ba,ab,ab,ba,ab,ab,ba,ba,ab,ab,ba,ab,ba,ba,ab,ba,ab,ba,ba,ba,ba,ab,ab,ab,ba,ab,ba,ba,ba,ba,ba,ba,ba,ba,ab,ab,ba,ab,ab,ab,ab,ab,ba,ba,ba,ab,ab,ba,ab,ba,ba,ab,ab,ba,ba,ba,ba,ba,ab,ab,ab,ba,ab,ba,ab,ba,ba,ba,ba,ab,ab,ab,ab,ab,ab,ab,ab,ab,ba,ba,ab,ba,ab,ab,ab,ab,ba,ab,ba,ab,ba,ab,ab,ab,ab,ba,ab,ab,ab,ba,ba,ab,ab,ab,ab,ab,ba,ba,ba,ba,ba,ba,ab,ba,ab,ab,ba,ba,ba,ba,ab,ab,ba,ab,ba,ba,ab,ba,ba,ba,ab,ba,ab,ab,ab,ab,ba,ba,ba,ba,ab,ab,ba,ba,ab,ab,ba,ba,ba,ab,ab,ba,ab,ba,ba,ba,ba,ab,ba,ab,ab,ab,ba,ab,ba,ab,ab,ab,ba,ab,ab,ba,ba,ab,ab,ba,ab,ab,ba,ab,ba,ba,ab,ab,ab,ba,ab,ba,ba,ba,ab,ab,ab,ba,ab,ab,ba,ba,ba,ba,ab,ba,ba,ab,ab,ba,ba,ab,ba,ab,ba,ba,ab,ba,ab,ba,ab,ab,ba,ba,ba,ab,ab,ba,ba,ba,ab,ba,ba,ab,ba,ab,ba,ba,ba,ab,ab,ab,ab,ab,ab,ba,ba,ba,ab,ba,ba,ab,ba,ab,ab,ab,ba,ab,ab,ab,ab,ab,ab,ab,ab,ab,ba,ba,ab,ba,ab,ab,ab,ba,ba,ab,ab,ba,ba,ab,ab,ab,ab,ba,ba,ba,ab,ab,ba,ab,ba,ab,ab,ab,ab,ba,ba,ab,ab,ba,ba,ba,ab,ba,ba,ba,ba,ab,ab,ab,ba,ba,ba,ab,ab,ba,ab,ba,ba,ab,ab,ab,ab,ab,ba,ba,ab,ab,ab,ba,ab,ba,ab,ba,ba,ab,ba,ab,ba,ab,ba,ab,ab,ba,ab,ba,ab,ba,ab,ab,ab,ba,ba,ab,ab,ab,ab,ba,ab,ab,ab,ba,ba,ba,ba,ab,ab,ab,ba,ab,ab,ba,ba,ab,ab,ba,ba,ba,ab,ba,ba,ab,ab,ba,ba,ba,ba,ab,ba,ab,ba,ab,ba,ba,ab,ab,ba,ab,ba,ba,ba,ba,ba,ba,ab,ab,ba,ab,ab,ba,ba,ab,ba,ba,ab,ba,ba,ba,ba,ba,ab,ab,ba,ab,ab,ba,ba,ab,ab,ab,ab,ab,ba,ba,ba,ab,bb,aa,bb,ba,ba,ba,ba,ba,ba,ab,ab,ba,ab,ab,ab,ab,ab,ba,ba,ab,ba,ab,ba,ba,ab,ba,ab,ba,ab,ab,ba,ab,ba,ba,ba,ba,ab,ab,ab,ba,ab,ab,ba,ba,ba,ab,ab,ab,ba,ba,ba,ab,ab,ab,ab,ab,ab,ba,ab,ba,ab,ba,ab,ba,ab,ab,ba,ab,ab,ba,ab,ab,ab,ba,ba,ba,ab,ab,ba,ab,ab,ba,ab,ba,ab,ab,ab,ba,ba,ab,ba,ab,ab,ba,ba,ba,ab,ba,ba,ba,ba,ab,ba,ba,ab,ba,ab,ab,ba,ba,ba,ba,ba,ab,ab,ba,ba,ab,ba,ab,ba,ab,ab,ab,ba,ba,ab,ab,ba,ab,ba,ba,ba,ba,ba,ab,ab,ab,ab,ab,ab,ba,ab,ba,ba,ba,ab,ba,ba,ba,ba,ba,ab,ba,ba,ab,ab,ab,ab,ba,ab,ba,ab,ab,ab,ba,ab,ba,ab,ab,ab,ab,ba,ba,ba,ba,ab,ba,ba,ba,ba,ba,ab,ba,ba,ba,ab,ba,ba,ba,ab,ba,ba,ba,ab,ba,ab,ab,ab,ab,ba,ab,ab,ba,ba,ba,ab,ba,ba,ba,ab,ab,ab,ba,ba,ba,ab,ba,ab,ab,ba,ba,ba,ab,ba,ba,ba,ab,ab,ab,ba,ab,ab,ab,ab,ab,ba,ab,ba,ab,ab,ab,ab,ab,ba,ab,ba,ba,ab,ba,ba,ab,ba,ba,ab,ba,ab,aa,ab,ba,ba,ba,ba,ab,ab,ba,ba,ab,ab,ba,ab,ba,ba,ba,ba,ba,ab,ba,ab,ab,ba,ab,ba,ba,ab,ba,ab,ab,ba,ab,ba,ba,ab,ba,ab,ab,ba,ab,ab,ba,ab,ab,ba,ba,ab,ba,ab,ab,ba,ab,ba,ba,ab,ba,ab,ba,ba,ba,ab,ab,ab,ab,ab,ab,ba,ba,ab,ab,ba,ba,ab,ba,ab,ab,ba,ab,ab,ab,ab,ab,ab,ab,ab,ba,ab,ab,ba,ab,ab,ba,ab,ab,ab,ab,ab,ab,ba,ba,ab,ba,ba,ab,ba,ba,ba,ba,ba,ab,ba,ba,ab,ba,ab,ba,ab,ba,ba,ba,ba,ba,ba,ab,ba,ab,ba,ab,ab,ba,ab,ab,ab,ab,ba,ba,ab,ab,ab,ab,ab,ab,ba,ab,ba,ab,ab,ab,ba,ab,ab,ab,ab,ab,ab,ba,ba,ab,ba,ba,ba,ab,ba,ba,ab,ba,ab,ab,ba,ab,ab,ba,ba,ba,ab,ab,ab,ba,ab,ba,ba,ab,ba,ab,ba,ba,ab,ba,ba,ba,ab,ba,ab,ab,ba,ab,ba,ba,ba,ba,ba,ab,ba,ba,ba,ba,ba,ba,ba,ba,ab,ba,ab,ba,ab,ba,ab,ab,ba,ab,ba,ba,ba,ab,ab,ab,bb,bb,ba,ba,ba,ba,ab,ab,ab,ab,ab,ba,ab,ba,ba,ba,ba,ba,ba,ab,ba,ab,ba,ba,ab,ab,ab,ab,ab,ab,ab,ab,ba,ba,ba,ba,ba,ab,ba,ab,ab,ab,ba,ab,ba,ba,ab,ba,ab,ab,ba,aa,bb,ab,ba,ab,ba,ba,ab,ba,ab,ab,ba,ba,ab,ba,ab,ab,ba,ba,ba,ba,ba,ba,ab,ab,ba,ab,ba,ab,ba,ab,ab,ba,ab,ab,ba,ab,bb,ab,ab,ab,ba,ba,ba,ba,ba,ba,ba,ab,ab,ab,ab,ab,ab,ba,ba,ab,ba,ab,ab,ba,ab,ab,ba,ba,ab,ab,ab,ab,ab,ba,ab,ba,ab,ba,ba,ab,ba,ba,ab,ba,ba,ab,ab,ab,ba,ab,ab,ab,ba,ba,ba,ab,aa,bb,ab,ba,ba,ab,ab,ba,ba,ab,ab,ba,ab,ab,ab,ba,ab,ba,ba,ab,ab,ab,ab,ba,ba,ab,ba,ba,ba,ba,ba,ab,ba,ba,ba,ba,ab,ab,ba,ab,ab,ba,ba,aa,ab,ba,ba,ba,ab,ba,ba,ab,ba,ab,ba,ab,ba,ba,ab,ba,ba,ab,ab,ab,ba,ba,ba,ab,ab,ab,ba,ba,ab,ba,ba,ba,ab,ab,ab,ab,ab,ba,ba,ba,ab,ab,ba,ba,ba,ab,ab,ab,ab,ab,ab,ab,ab,ab,ab,ab,ab,ab,ba,ab,ab,ab,ba,ab,ab,ba,ba,ab,ba,ab,ab,ab,ba,ab,ba,ba,ab,ab,ba,ba,ba,ab,ab,ba,ab,ba,ba,ab,ba,ba,ba,ba,ab,ab,ba,ba,ba,ba,ab,ab,ba,ba,ba,ab,ba,ab,ab,ba,ab,ab,ab,ab,ba,aa,ba,ba,ba,ba,ba,ab,ba,ab,ab,-,ab,aa,ba,ba,ab,ab,ba,ba,ab,ba,ab,ba,ab,ab,ba,ab,ab,ba,ac,ab,ba,ba,ba,ba,ab,ab,ab,ba,ba,ab,ba,ab,ab,ab,ba,ba,ab,ba,ab,ba,ab,ab,ba,ba,ba,ab,ab,ab,ab,ba,ab,ab,ba,ab,ba,ba,ab,ab,ba,ab,ba,ba,ba,ab,ab,ab,ab,ba,ba,ab,ab,ba,ba,ba,ab,ab,ab,ab,ab,ab,ab,ab,ab,ab,ab,ba,ba,ba,ba,ba,ab,ba,ba,ba,ba,ba,ab,ab,ab,ab,ba,ba,ab,ba,ab,ba,ab,ab,ab,ab,ab,ab,ba,ab,ab,ab,ba,ba,ab,ba,ba,ba,ab,ab,ab,ab,ab,ab,ba,ab,ba,ba,ba,ab,ab,ab,ab,ba,ba,ba,ab,ab,ab,ba,ab,ab,ab,ba,ab,ab,ba,ba,ba,ba,ab,ba,ba,ab,ba,ab,ba,ab,ba,ab,ba,ba,ba,ab,ab,ab,ab,ab,ba,ba,ba,ba,ba,ba,ab,ba,ba,ba,ab,ab,ba,ab,ab,ba,ba,ab,ab,ba,ba,ba,ab,ab,ab,ab,ba,ab,ba,ab,ab,ba,ba,ba,ba,ba,ab,ab,ab,ab,ba,ab,ab,ab,ba,ba,ba,ab,ab,ba,bb,ab,ab,ba,ab,ab,ab,ba,ab,ab,ba,ab,ab,ba,ba,ba,ba,ba,ab,ab,ab,ba,ba,ba,ba,ba,ab,ba,ab,ab,ba,ab,ab,ba,ab,ab,ba,ba,ba,ab,ab,ba,ab,ba,ab,ab,ab,ab,ab,ab,ba,ba,ab,ba,ab,ab,ba,ab,ab,ba,ab,ab,ba,ab,ab,ba,ab,ba,ba,ab,ba,ab,ba,ab,ba,ab,ba,ba,ba,ba,ab,ab,ab,ab,ba,ba,ab,ab,ab,ba,ab,ab,ba,ab,ba,ba,ab,ab,ba,ba,ab,ba,ab,ba,ba,ab,ba,ba,ab,ab,ab,ab,ab,ba,ba,ba,ab,ba,ba,ba,ab,ba,ba,ba,ab,ab,ab,ba,ba,ba,ab,ab,ba,ab,ab,ab,ab,ab,ab,ba,ba,ab,ab,ab,ab,ab,ba,ba,ba,ba,ab,ab,ba,ba,ba,ba,ab,ab,ab,ab,ba,ba,ab,ba,ba,ab,ba,ab,ab,ab,ba,ba,ab,ba,ba,ba,ba,bc,ba,ab,ab,ab,ba,ab,ab,ab,ba,ab,ab,ab,ab,ba,ab,ab,ba,ab,ba,ba,ab,ba,ba,ba,ba,ba,ba,ab,ab,ab,aa,ba,ab,ab,ab,ab,ab,ab,ba,ba,ba,bb,ab,ba,ab,ab,ab,ba,ba,ba,ba,ba,ba,ba,ba,ba,ab,ba,ab,ab,ab,ba,ba,ab,ab,ba,ba,ab,ab,ab,ab,ba,ab,ab,ba,ba,ba,ab,ab,ab,ab,ab,ba,ab,ab,ba,ab,ba,ba,ab,ba,ab,ab,ba,ab,ab,ba,ab,ba,ba,ba,ab,ab,ba,ab,ba,ab,ab,ba,ba,ab,ba,ba,ba,ba,ab,ab,ab,ab,ba,ab,ab,ba,ba,ab,ba,ba,ab,ab,ba,ab,ab,ba,ba,ab,ba,ba,ab,ab,ab,ba,ba,ab,ba,ba,ab,ba,ab,ba,ab,ba,ab,ab,ab,ab,ab,ba,ba,ab,ba,ba,ab,ab,ba,ab,ba,ab,ba,ba,ab,ab,ba,ab,ab,ba,ab,ab,ba,ab,ba,ab,ba,ab,ba,ab,ab,ab,ab,ba,ab,ab,ab,ab,ab,ba,ba,ba,ba,ab,ab,aa,ab,ba,ab,ab,ab,ab,ba,bb,ab,ba,ba,ba,ba,ba,ab,ba,ab,ba,ba,ba,ab,ba,ba,ab,ba,ba,ba,ba,ab,ba,ba,ba,ba,ab,ab,ab,ab,ba,ab,ba,ab,ab,ab,ab,ba,ab,ba,ab,ab,ab,ba,ba,ba,ba,ba,ba,ab,ba,ab,ab,ab,ba,ba,ba,ab,ba,ab,ba,ba,ba,ab,ba,ab,ba,ba,ba,ab,ab,ba,ab,ab,ba,ba,ba,ba,ba,ab,ab,ab,ba,ab,ab,ba,ba,ba,ba,ba,bb,ba,ba,ab,ba,ab,ab,ba,ba,ba,ab,ab,ba,ab,ab,ab,ba,ab,ba,ab,ba,ab,ab,ba,ab,ba,ba,ba,ba,ab,ab,ab,ba,ba,ab,ab,ab,ba,ba,ba,ba,ba,ab,ba,ab,ba,ab,ba,ab,ab,ab,ba,ab,ba,ba,ab,ab,ba,ab,ba,ba,ba,ba,ba,ab,ab,ba,ab,ab,ab,ab,ba,ab,ab,ba,ab,ab,ba,ab,ba,ba,ba,ba,ba,ab,ba,ba,ba,ab,ab,ba,ab,ab,ab,ba,ba,ab,ab,ba,ba,ba,ba,ba,ab,ab,ab,ab,ba,ba,ba,ba,ab,ba,ba,ab,ba,ab,ab,ab,ba,ab,ba,ba,ab,ba,ab,ab,ba,ab,bb,ab,ba,ab,ba,ba,ab,ba,ba,ab,ab,ab,ab,ab,ba,ab,ab,ba,ba,ab,ba,ba,ab,ab,ab,ba,ab,ba,ab,ba,ba,ab,ba,ba,ab,ba,ab,ba,ab,ba,ab,ab,ab,ba,ab,ba,ab,ab,ab,ba,ba,ab,ab,ab,ab,ab,ba,ba,ab,ba,ab,ba,ab,ab,ab,ab,ab,ab,ba,ab,ba,ab,ba,ba,ab,ab,ba,ab,ba,ab,ba,ab,ab,ab,ba,ab,ba,ba,ba,ba,ba,ba,ab,ab,ba,ab,ba,ab,ba,ab,ba,ba,ba,ab,ab,ab,ba,ab,ab,ba,ba,ba,aa,ba,ab,ab,ba,ba,ab,ab,ba,ab,ba,ba,ab,ba,ab,ba,ba,ba,ba,ba,ba,ba,ba,ab,ab,ab,ab,ab,ab,ab,ab,ab,ba,ab,ab,ba,ba,ab,ab,ab,ab,ab,ba,ab,ab,ba,ab,ba,ab,ba,ba,ab,ab,ab,ba,ba,ba,ab,ba,ba,ab,ba,ab,ab,ab,ba,ab,ba,ba,ab,ba,ab,ab,ba,ba,ba,ba,ba,ba,ba,ab,ba,ab,ab,ba,ba,ab,ba,ab,ba,ba,ba,ba,ab,ba,ab,ba,ba,ab,ba,ab,ab,ba,ba,ba,ba,ab,ab,ab,ba,ab,ba,ba,ba,ba,ba,ba,ab,ba,ba,ab,ba,ab,ab,ab,ba,ba,ba,ab,ba,ab,ab,ba,ba,ba,ab,ab,ab,ba,ab,ab,ab,ba,ba,ba,ab,ba,ba,ab,ba,ba,ab,ab,ba,ab,ba,ba,ba,ab,ba,ab,ab,ba,ab,ba,ba,ba,ab,ab,ba,ba,ba,ab,ab,ab,ba,ba,ab,ba,ba,ba,ba,ab,ab,ab,ba,ab,ab,ba,ab,ab,ab,ba,ab,ab,ab,ab,ab,ba,ba,ba,ba,ba,ab,ab,ab,ab,ab,ba,ba,ab,ba,ab,ab,ab,ab,ab,ab,ba,ab,ab,ba,ab,ab,ba,ba,ab,ab,ab,ba,ba,ba,ba,ab,ab,ba,ab,ba,ab,ba,ba,ba,ba,ba,ab,ab,ab,ab,ba,ba,ab,ab,ab,ab,ba,ba,ab,ba,ab,ba,ba,ba,ba,ba,ab,ab,ab,ab,ba,ab,ba,ba,ba,ab,ab,ba,ab,ab,ab,ba,ba,ba,ab,ba,ba,ab,ba,ab,ba,ab,ba,ba,ba,ba,ab,ba,ba,ab,ba,ba,ab,ab,ab,ba,ba,ba,ab,ab,ab,ab,ba,ba,ab,ab,ab,ab,ba,ab,ba,ba,ba,ab,ba,ab,ba,ba,ab,ba,ab,ab,ba,ba,ab,ba,ba,ba,ab,ab,ab,ba,ab,ab,ab,ab,ab,ba,ba,ba,ba,ab,ab,ba,ba,ba,ba,ba,ba,ba,ab,ba,ab,ba,ab,ab,ab,ab,ba,ba,ba,ba,ab,ba,ba,ab,ba,ba,ba,ab,ba,ba,ab,ba,ab,ab,ba,ab,ba,ab,ab,ab,ab,ba,ba,ba,ba,ba,ab,ab,ba,ab,ab,ba,ab,ba,ab,ab,ab,ab,ba,ab,ba,ab,ab,ba,ab,ba,ab,ab,ba,ba,ab,ab,ba,ab,ab,ba,ab,ab,ba,ab,ab,ba,ba,ab,ab,ba,ba,ba,ba,ba,ba,ab,ba,ab,ab,ba,ab,ab,ab,ba,ab,ba,ba,ba,ba,ba,ba,ab,ba,ba,ba,ba,ba,ab,ba,ab,ba,ab,ba,ab,ab,ab,ab,ab,ab,ba,ba,ab,ab,ab,ba,ab,ba,ba,ab,ba,ab,ab,ab,ba,ab,ba,ab,ba,ba,ba,ba,ab,ab,ba,ba,ba,ba,ab,ab,ba,ba,ba,ab,ab,ba,ab,ab,ab,ba,ba,ba,ab,ab,ba,ab,ab,ab,ab,ba,ba,ba,ab,ba,ba,ab,ba,ba,ba,ba,ab,ab,ab,ab,ba,ab,ba,ab,ba,ab,ba,ab,ab,ba,ba,ab,ba,ba,ab,ab,ab,ab,ab,ba,ab,ab,ab,ab,ba,ab,ba,ab,ba,ab,ab,ba,ab,ab,ba,ba,ab,ab,ba,ab,ab,ab,ba,ba,ba,ba,ab,ba,ba,ab,ba,ba,ba,ab,ab,ba,ba,ab,ab,ba,ba,ba,ba,ab,ab,ba,ab,ba,ba,ba,ba,ab,ba,ab,ab,ab,ab,ba,ab,ba,ab,ba,ab,ab,ba,ba,ab,ba,ba,ba,ab,ba,ba,ba,ba,ba,ba,ba,ab,ab,ab,ba,ab,ba,ba,ab,ab,ab,ba,ba,ab,ba,ab,ab,ab,ab,ba,ba,ab,ab,ba,ab,ab,ba,ba,ab,ba,ba,ba,ba,ba,ab,ab,ba,ba,ba,ab,ab,ab,ba,ab,ba,ab,ba,ab,ba,ab,ab,ba,ab,ab,ba,ab,ba,ab,ab,ba,ba,ba,ab,ba,ba,ba,ba,ba,ba,ba,ab,ab,ab,ab,ab,ba,ba,ab,ba,ba,ba,ab,ab,ba,ba,ba,ba,ab,ab,ba,ba,ab,ba,ab,ab,ab,ab,ba,ba,ab,ab,ba,ba,ba,ab,ba,ab,ab,ba,ab,ba,ba,ba,ab,ab,ba,ab,ab,ba,ab,ab,ab,ab,ab,ba,ab,ba,ba,ba,ab,ba,ba,ab,ab,ba,ab,ab,ab,ba,ba,ba,ab,ba,ba,ba,ab,ba,ba,ba,ab,ba,ba,ba,ab,ba,ba,ba,ab,ba,ba,ab,ab,ba,ab,ba,ab,ba,ab,ba,ba,ab,ba,ab,ba,ba,ab,ab,ab,ba,ba,ab,ba,ab,ba,ba,ab,ab,ab,ba,ab,ab,ab,ab,ab,ba,ab,ab,ab,ab,ba,ba,ab,ab,ab,ab,ab,ab,ab,ab,ab,ba,ba,ab,ba,ab,ba,ab,ab,ab,ba,ba,ba,ba,ab,ba,ba,ab,ba,ab,ab,ba,ab,ab,ba,ab,ab,ab,ba,ab,ab,ba,ab,ab,ba,ba,ab,ba,ba,ba,ba,ba,ab,ab,ba,ab,ab,ab,ab,ab,ba,ba,ba,ba,ba,ba,ba,ab,ba,ab,ba,ab,ab,ab,ba,ab,ab,ab,ab,ba,ab,ab,ba,ba,ab,ba,ab,ab,ba,ab,ba,ba,ab,ab,ba,ab,ba,ba,ba,ab,ab,ab,ba,ba,ba,ba,ba,ba,ab,ab,ab,ba,ba,ab,ba,ab,ab,ab,ab,ab,ba,ab,ba,ab,ba,ba,ab,ab,ba,ab,ab,ba,ba,ba,ab,ba,ba,ba,ba,ab,ab,ab,ab,ba,ba,ba,ba,ba,ba,ba,ba,ba,ba,ab,ab,ab,ab,ba,ab,ba,ba,ba,ba,ab,ab,ba,ba,ba,ba,ba,ab,ab,ba,ab,ab,ab,ba,ba,ab,ba,ba,ab,ab,ba,ba,ab,ab,ba,ba,ba,ab,ab,ab,ba,ba,ba,ba,ba,ba,ba,ba,ba,ab,ba,ba,ba,ab,ba,ba,ab,ab,ba,ba,ba,ba,ab,ab,ba,ba,ab,ba,ba,ba,ba,ab,ba,ba,ba,ab,ab,ba,ba,ba,ab,ba,ba,ab,ab,ba,ab,ba,ab,ba,ba,ba,ba,ba,ab,ab,ab,ba,ab,ab,ba,ba,ba,ba,ba,ba,ba,ba,ab,ba,ab,ba,ab,ba,ab,ba,ba,ba,ab,ba,ab,ab,ba,ba,ba,ba,ab,ba,ab,ba,ab,ab,ba,ab,ab,ab,ab,ba,ba,ab,bb,ab,ba,ba,ba,ba,ab,ab,ab,ba,ba,ab,ba,ab,ba,ba,ba,ab,ba,ab,ab,ba,ba,ba,ab,ba,ab,ab,ba,ab,ab,ba,ba,ba,ba,ab,bb,ab,ab,ba,ba,ba,ab,ba,ab,ab,ba,ba,ab,ba,ab,ab,ab,ab,ba,ba,ab,ba,ab,ba,ba,ab,ab,ba,ab,ba,ba,ba,ab,ba,ba,ab,ba,ba,ba,ba,ab,ba,ab,ba,ba,ab,ab,ba,ab,ab,ab,ab,ba,ba,ab,ab,ba,ba,ba,ab,ab,ba,ab,ab,ba,ba,ab,ab,ab,ba,ba,ba,ab,ab,ba,ab,ab,ba,ba,ab,ba,ab,ba,ba,ab,ba,ab,ab,ab,ba,ab,ba,ab,ab,ab,ba,ab,ba,ab,ba,ab,ab,ab,ba,ab,ab,ab,ba,ba,ab,ab,ba,ba,ba,ab,ba,ab,ba,ab,ba,ab,ba,ab,ba,ab,ba,ba,ab,ab,ba,ba,ab,ab,ab,ab,ba,ba,ab,ab,ba,ab,ab,ab,ba,ba,ab,ab,ba,ba,ab,ba,ba,ab,ab,ba,ab,ab,ab,ba,ab,ab,ba,ba,ab,ba,ba,ba,ab,ab,ba,ba,ba,ba,ba,ab,ba,ba,ba,ba,ba,ab,ab,ba,ba,ba,ba,ba,ba,ab,ba,ba,ba,ba,ab,ba,ba,ab,ba,ba,ab,ab,ab,ab,ab,ba,ab,ab,ab,ba,ab,ab,ba,ab,ba,ab,ab,ab,ab,ba,ba,ba,ab,ab,ba,ab,ab,ba,ab,ba,ba,ba,ab,ab,ba,ba,ab,ba,ab,ab,ba,ba,ab,ba,ab,ab,ba,ba,ba,ba,ab,ab,ab,ba,ab,ba,ab,ba,ba,ab,ba,ab,ba,ba,ab,ba,ab,ab,ba,ba,ab,ab,ab,ba,ba,ba,ab,ab,ba,ba,ab,ab,ba,ba,ba,ba,ba,ab,ba,ab,ba,ab,ba,ab,ab,ba,ba,ba,ab,ba,ab,ba,ab,ba,ab,ab,ab,ba,ab,ba,ba,ba,ab,ab,ab,ab,ab,ab,ab,ab,ab,ba,ba,ba,ab,ab,ba,ab,ab,ab,ab,ab,ba,ba,ab,ab,ab,ab,ab,ab,ab,ab,ab,ab,ab,ba,ba,ab,ba,ab,ab,ba,ab,ba,ba,ab,ab,ab,ab,ab,ab,ba,ab,ba,ab,ba,ab,ba,ba,ba,ba,ba,ab,ba,ab,ab,ab,ba,ab,ab,ba,ab,ab,ab,ba,ab,ba,ba,ab,ab,ba,ba,ab,ba,ab,ab,ab,ba,ab,ba,ab,ba,ab,ab,ba,ab,ba,ab,ab,ba,ab,ab,ba,ab,ab,ab,ba,ab,ab,ba,ab,ab,ab,ab,ba,ab,ba,ab,ba,ba,ba,ab,ba,ba,ab,ba,ba,ab,ab,ba,ab,ab,ab,ab,ba,ab,ab,ab,ab,ab,ba,ab,ba,ba,ab,ba,ba,ab,ab,ba,ab,ba,ba,ab,ab,ba,ab,ab,ba,ab,ba,ab,ab,ba,ab,ba,ba,ba,ba,ab,ba,ab,ab,ab,ba,ab,ba,ab,ba,ba,ba,ab,ab,ba,ab,ab,ab,ba,ab,ba,ba,ba,ba,ba,ba,ba,ab,ab,ab,ba,ab,ba,ab,ba,ba,ba,ba,ab,ab,ba,ba,ba,ab,ba,ab,ab,ab,ab,ab,ab,ab,ba,ba,ba,ab,ba,ab,ba,ba,ab,ab,ab,ba,ba,ab,ab,ab,ba,ab,ba,ba,ab,ba,ab,ab,ab,ba,ab,ba,ba,ba,ab,ab,ab,ba,ba,ab,ba,ab,ab,ab,ab,ba,ab,ba,ab,ab,ab,ab,ab,ba,ba,ba,ba,ba,ab,ab,ab,ab,ba,ba,ab,ab,ba,ab,ab,ba,ab,ba,ab,ab,ab,ba,ba,ab,ab,ba,ba,ab,ba,ab,ba,ab,ab,ab,ba,ba,ba,ba,ba,ba,ab,ab,ab,ba,ba,ab,ab,ba,ab,ba,ab,ba,ba,ab,ab,ba,ba,ab,ab,ba,ab,ba,ba,ba,ab,ab,ba,ba,ba,ba,ab,ab,ab,ab,ab,ab,ab,ab,ab,ba,ba,ba,ab,ab,ab,ab,ab,ab,ab,ab,ab,ab,ab,ab,ba,ab,ab,ba,ba,ba,ba,ba,ba,ba,ab,ba,ba,ba,ba,ab,ba,ab,ab,ba,ba,ba,ab,ba,ba,ab,ab,ab,ab,ba,ba,ba,ab,ab,ab,ba,ab,ba,ba,ab,ab,ba,ab,ba,ab,ab,ba,ba,ba,ab,ab,ab,ab,ba,ab,ba,ab,ab,ba,ab,ba,ba,ba,ba,ab,ba,ab,ba,ba,ba,ab,ba,ba,ba,ab,ba,ba,ba,ba,ba,ba,ab,ab,ab,ab,ab,ba,ba,ab,ba,ab,ab,ba,ba,ab,ba,ab,ab,ab,ab,ab,ba,ab,ab,ba,ab,ba,ab,ab,ba,ba,ba,ba,ba,ba,ab,ba,ba,ba,ab,ba,ab,ab,ba,ba,ab,ab,ba,ba,ba,ba,ba,ba,ab,ba,ba,ab,ba,ab,ab,ba,ab,ab,ab,ba,ba,ab,ab,ab,ba,ba,ab,ab,ba,ba,ba,ab,ba,ba,ab,ba,ab,ab,ab,ba,ab,ab,ba,ba,ab,ba,ab,ab,ab,ba,ba,ba,ab,ba,ba,ab,ba,ba,ab,ba,ba,ab,ba,ab,ba,ba,ab,ba,ab,ab,ab,ab,ab,ba,ab,ab,ab,ab,ba,ab,ab,ba,ab,ba,ba,ab,ba,ba,ab,ab,ab,ba,ab,ab,ab,ab,ab,ab,ba,ab,ab,ab,ba,ab,ab,ba,ab,ab,ba,ba,ba,ab,ab,ba,ab,ba,ab,ba,ba,ab,ab,ab,ba,ba,ba,ba,bb,bb,ba,ab,ba,ab,ab,ba,ba,ab,ab,ba,ba,ba,ba,ab,ba,ab,ab,ab,ab,ba,ab,ba,ba,ab,ba,ba,ba,ab,ba,ba,ab,ab,ab,ba,ab,ba,ab,ba,ab,ba,ba,ab,ba,ab,ab,ba,ab,ab,ba,ba,ba,ab,ba,ba,ab,ab,ab,ab,ba,ab,ba,ba,ba,ab,ab,ab,ab,ab,ab,ab,ba,ba,ab,ab,ba,ab,ab,ba,ba,ba,ab,ba,ab,ab,ba,ba,ba,ba,ba,ba,ba,ab,ba,ba,ab,ba,ab,ba,ab,ba,ba,ab,ba,ba,ba,ab,ab,ab,ab,ba,ab,ab,ba,ba,ba,ba,ba,ba,ba,ab,ab,ba,ab,bb,bb,bb,ba,ba,ba,ba,ab,ab,ba,ba,ab,ba,ba,ba,ab,ab,ab,ba,ab,ab,ba,ba,ab,ba,ab,ab,ab,ab,ba,ba,ba,ab,ab,ba,ab,ba,ba,ba,ab,ba,ab,ab,ab,ab,ba,ab,ba,ab,ba,ab,ba,ba,ba,ab,ab,ab,ab,ba,ab,ba,ba,ba,ba,ba,ba,ab,ba,ba,ab,ab,ab,ba,ba,ab,ab,ab,ab,ba,ba,ab,ab,ba,ab,ab,ab,ab,ab,ba,ba,ab,ab,ab,ab,ba,ba,ba,ba,ab,ab,ba,ba,ab,ba,ab,ab,ba,ab,ab,ab,ba,ba,ab,ab,ab,ba,ba,ab,ba,ba,ba,ab,ab,ab,ab,ab,ba,ba,ab,ab,ba,ba,ba,ba,ba,ab,ab,ab,ab,ab,ab,ab,ba,ba,ab,ab,ab,ba,ba,ba,ba,ba,ba,ab,ab,ab,ba,ab,ab,ab,ba,ba,ba,ba,ab,ba,ba,ab,ab,ba,ba,ab,ab,ba,ab,ba,ba,ab,ba,ab,ba,ab,ba,ba,ba,ab,ba,ba,ab,ba,ab,ab,ba,ab,ba,ba,ab,ba,ab,ab,ba,ba,ab,ba,ab,ba,ab,ab,ab,ab,ba,ba,ab,ab,ab,ba,ab,ab,ba,ab,ba,ba,ba,ba,ba,ba,ab,ba,ab,ba,ab,ba,ab,ab,ab,ba,ba,ab,ba,ba,ba,ba,ba,ab,ba,ab,ab,ab,ba,ba,ab,ab,ba,ba,ba,ab,ab,ab,ab,ba,ba,ba,ba,ab,ba,ba,ab,ab,ab,ba,ba,ab,ba,ab,ab,ba,ab,ba,ab,ba,ab,ba,ba,ab,ab,ba,ab,ab,ba,ba,ab,ba,ab,ba,ab,ba,ba,ab,ab,ba,ab,ab,ab,ab,ab,ba,ab,ab,ba,ba,ba,ba,ba,ab,ba,ab,ab,ba,ba,ba,ab,ab,ba,ab,ab,ab,ba,ab,ab,ab,ba,ba,ba,ba,ba,ab,ba,ba,ba,ba,ba,ab,ab,ba,ba,ab,ab,ab,ab,ba,ba,ba,ba,ab,ba,ba,ba,ba,ab,ba,ba,ba,ab,ba,ab,ba,ab,ba,ab,ba,ba,ab,ba,ab,ab,ba,ab,ba,ab,ab,ba,ba,ba,ba,ab,ba,ab,ab,ab,ba,ba,ba,ab,ab,ab,ab,ab,ab,ab,ab,ba,ab,ab,ba,ba,ba,ab,ba,ba,ba,ba,ab,ba,ab,ab,ab,ab,ab,ab,ab,ab,ab,ab,ab,ab,ba,ba,ba,ab,ab,ab,ab,ba,ab,ab,ba,ab,ab,ab,ba,ab,ab,ba,ab,ab,ab,ab,ab,ba,ab,ab,ba,ba,ba,ab,ba,ab,ab,ab,ba,ba,ab,ba,ab,ba,ba,ba,ab,ba,ab,ab,ab,ab,ab,ab,ab,ba,ba,ab,ab,ab,ab,ab,ba,ba,ba,ba,ab,ba,ba,ba,ab,ba,ba,ab,ab,ba,ab,ba,ab,ab,ab,ab,ab,ba,ab,ab,ba,ba,ba,ba,ba,ba,ba,ab,ab,ab,ba,ab,ab,ba,ab,ab,ab,ba,ab,ab,ba,ba,ba,ab,ab,ba,ab,ba,ba,ab,ab,ab,ba,ba,ab,ba,ab,ab,ab,ab,ab,ab,ba,ab,ba,ba,ba,ba,ba,ab,ab,ba,ba,ab,ba,ab,ab,ba,ba,ba,ba,ab,ab,ab,ab,ba,ab,ba,ba,ba,ba,ab,ba,ab,ba,ba,ab,ab,ba,ba,ba,ba,ba,ab,ab,ba,ab,ab,ab,ab,ab,ab,ab,ba,ab,ba,ba,ab,ab,ba,ab,ba,ab,ba,ba,ba,ab,ba,ba,ba,ab,ba,ba,ba,ab,ab,ba,ab,ab,ab,ba,ba,ab,ab,ab,ba,ba,ab,ba,ba,ba,ab,ab,ab,ba,ab,ab,ab,ab,ba,ba,ba,ba,ab,ba,ab,ab,ba,ab,ab,ba,ba,ab,ba,ba,ba,ba,ab,ba,ab,ab,ab,ba,ab,ab,ba,ba,ab,ba,ab,ba,ab,ba,ba,ab,ab,ba,ab,ba,ab,ba,ba,ba,ba,ab,ba,ba,ab,ab,ba,ba,ab,ab,ab,ab,ab,ba,ab,ab,ba,ab,ab,ab,ba,ab,ba,ba,ba,ab,ab,ba,ba,ab,ba,ab,ba,ab,ba,ba,ba,ba,ba,ab,ab,ba,ba,ba,ba,ba,ba,ba,ab,ab,ab,ba,ab,ba,ba,ab,ba,ba,ba,ab,ba,ba,ab,ba,ba,ab,ba,ba,ba,ab,ab,ab,ba,ba,ab,ba,ab,ba,ba,ab,ba,ba,ba,ba,ab,ba,ba,ba,ab,ba,ab,ab,ba,ab,ba,ab,ba,ab,ba,ba,ba,ab,ba,ab,ba,ba,ab,ab,ab,ab,ba,ab,ba,ab,ba,ab,ab,ab,ba,ba,ab,ab,ba,ba,ba,ab,ba,ab,ab,ab,ab,ab,ba,ba,ab,ba,ba,ba,ba,ba,ba,ba,ab,ba,ba,ab,ba,ba,ab,ba,ba,ab,ba,ab,ba,ba,ab,ab,ba,ab,ba,ab,ab,ba,ba,ab,ab,ba,ba,ba,ba,ab,ba,ba,ba,ab,ab,ba,ab,ab,ba,ab,ab,ba,ba,ba,ba,ba,ba,ab,ab,ab,ba,ba,ba,ab,ab,ba,ba,ba,ba,ba,ba,ab,ab,ab,ab,bb,ba,ab,ab,ba,ab,ba,ab,ab,ab,ba,ab,ab,ba,ab,ba,ba,ba,ba,ab,ab,ab,ba,ba,ba,ba,ab,ab,ab,ba,ab,ab,ba,ba,ba,ab,ba,ab,ba,ab,ba,ba,ab,ba,ba,ba,ba,ab,ab,ab,ba,ab,ba,ba,ab,ab,ab,ba,ab,ab,ba,ba,ba,ba,ab,ba,ab,ab,ab,ab,ab,ba,ba,ba,ab,ba,ba,ab,ba,ab,ba,ab,ab,ab,ab,ba,ba,ab,ba,ba,ba,ba,ba,ba,ab,ba,ba,ba,ab,ba,ab,ab,ba,ab,ba,ab,ab,ab,ba,ba,ba,ba,ab,ba,ba,ab,ab,ba,ab,ba,ab,ba,ab,ba,ba,ab,ab,ba,ab,ba,ba,ab,ba,ba,ab,ba,ba,ab,ab,ba,ba,ba,ba,ab,ba,ba,ba,ba,ab,ab,ab,ba,ba,ba,ba,ab,ba,ab,ab,ab,ab,ba,ba,ab,ab,ab,ab,ba,ab,ba,ba,ab,ab,ab,ab,ab,ab,ab,ab,ab,ab,ba,ab,ba,ab,ba,ba,ab,ab,ba,ab,ab,ab,ba,ab,ab,ab,ab,ab,ab,ab,ab,ba,ab,ba,ba,ab,ab,ab,ab,ba,ba,ab,ab,ba,ab,ab,ba,ba,ba,ab,ab,ab,ba,ab,ab,ba,ba,ab,ba,ba,ab,ba,ab,ab,ab,ab,ab,ba,ba,ab,ab,ab,ab,ba,ab,ab,ba,ab,ba,ba,ab,ab,ba,ba,ab,ab,ba,ba,ab,ab,ab,ab,ab,ba,ab,ab,ba,ba,ba,ba,ab,ba,ba,ba,ba,ab,ba,ba,ab,ab,ba,ab,ab,ba,ab,ba,ab,ab,ba,ab,ba,ba,ab,ab,ab,ba,ba,ba,ba,ab,ba,ba,ab,ba,ab,ab,ba,ba,ba,ba,ab,ba,ba,ba,ba,ba,ba,ba,ba,ba,ba,ba,ba,ba,ba,ab,ab,ab,ab,ba,ab,ab,ab,ab,ab,ba,ba,ba,ba,ab,ba,ab,ab,ba,ba,ba,ba,ba,ab,ab,ab,ab,ba,ab,ba,ba,ba,ab,ba,ab,ab,ab,ab,ba,ab,ab,ab,ab,ab,ba,ab,ab,ba,ab,ba,ab,ba,ba,ba,ab,ba,ba,ba,ba,ba,ab,ba,ab,ba,ba,ab,ab,ab,ab,ba,ab,ab,ba,ba,ba,ab,ab,ba,ba,ba,ab,ba,ab,ba,ab,ba,ba,ba,ab,ab,ba,ba,ba,ba,ba,ba,ba,ab,ba,ba,ba,ba,ba,ab,ba,ab,ab
